128	9400	1	0.015000	-1 	 6 	2	0.000122	0.000549	0.000122	0.500000
128	9400	2	0.015000	-1 	 171 	3097	0.189026	0.248840	0.189026	25.827866
128	9400	3	0.015000	-1 	 171 	6301	0.384583	0.435547	0.384583	36.024795
128	9400	4	0.015000	-1 	 29 	21	0.001282	0.006042	0.001282	2.656443
128	9400	5	0.015000	-1 	 165 	4099	0.250183	0.307678	0.250183	28.957122
128	9400	6	0.015000	-1 	 39 	15	0.000916	0.007019	0.000916	1.830604
128	9400	7	0.015000	-1 	 5 	16	0.000977	0.002075	0.000977	2.394656
128	9400	8	0.015000	-1 	 178 	3500	0.213623	0.269043	0.213623	27.261916
128	9400	9	0.015000	-1 	 4 	4	0.000244	0.000488	0.000244	0.829156
128	9400	10	0.015000	-1 	 19 	12	0.000732	0.004456	0.000732	1.970265
128	9400	11	0.015000	-1 	 154 	3403	0.207703	0.256287	0.207703	26.513545
128	9400	12	0.015000	-1 	 0 	0	0.000000	0.000000	0.000000	0.000000
128	9400	13	0.015000	-1 	 34 	13950	0.851440	0.858704	0.000916	2.024297
128	9400	14	0.015000	-1 	 0 	0	0.000000	0.000000	0.000000	0.000000
128	9400	15	0.015000	-1 	 199 	5818	0.355103	0.407898	0.355103	33.462645
128	9400	16	0.015000	-1 	 3 	6	0.000366	0.000549	0.000366	1.130388
128	9400	17	0.015000	-1 	 1 	4	0.000244	0.000244	0.000244	0.866025
128	9400	18	0.015000	-1 	 2 	13	0.000793	0.000854	0.000793	2.092534
128	9400	19	0.015000	-1 	 7 	7	0.000427	0.001099	0.000427	1.228904
128	9400	20	0.015000	-1 	 140 	2121	0.129456	0.177246	0.129456	23.373560
128	9400	21	0.015000	-1 	 11 	8	0.000488	0.002014	0.000488	1.165922
128	9400	22	0.015000	-1 	 147 	1086	0.066284	0.115051	0.066284	17.972258
128	9400	23	0.015000	-1 	 154 	4386	0.267700	0.325562	0.267700	29.388690
128	9400	24	0.015000	-1 	 16 	12	0.000732	0.003601	0.000732	1.689428
128	9400	25	0.015000	-1 	 12 	11	0.000671	0.002747	0.000671	1.585054
128	9400	26	0.015000	-1 	 153 	4118	0.251343	0.296997	0.251343	29.770901
128	9400	27	0.015000	-1 	 165 	5646	0.344604	0.394043	0.002686	4.808631
128	9400	28	0.015000	-1 	 8 	5	0.000305	0.001099	0.000305	1.095445
128	9400	29	0.015000	-1 	 0 	0	0.000000	0.000000	0.000000	0.000000
128	9400	30	0.015000	-1 	 2 	8	0.000488	0.000671	0.000488	1.340476
128	9400	31	0.015000	-1 	 8 	9	0.000549	0.001343	0.000549	1.507184
128	9400	32	0.015000	-1 	 4 	6	0.000366	0.000793	0.000366	1.080123
128	9400	33	0.015000	-1 	 8 	12	0.000732	0.002258	0.000732	1.596437
128	9400	34	0.015000	-1 	 3 	7	0.000427	0.000671	0.000427	1.470804
128	9400	35	0.015000	-1 	 1 	16145	0.985413	0.985413	0.000000	0.000000
128	9400	36	0.015000	-1 	 169 	812	0.049561	0.107117	0.049561	14.835785
128	9400	37	0.015000	-1 	 121 	8984	0.548340	0.576904	0.002686	3.233589
128	9400	38	0.015000	-1 	 89 	25	0.001526	0.023193	0.001526	2.439016
128	9400	39	0.015000	-1 	 84 	18	0.001099	0.016174	0.001099	2.434956
128	9400	40	0.015000	-1 	 17 	4	0.000244	0.002014	0.000244	0.829156
128	9400	41	0.015000	-1 	 144 	212	0.012939	0.065979	0.012939	8.223714
128	9400	42	0.015000	-1 	 20 	6	0.000366	0.002930	0.000366	1.105542
128	9400	43	0.015000	-1 	 34 	13436	0.820068	0.829956	0.001404	2.151186
128	9400	44	0.015000	-1 	 3 	6	0.000366	0.000610	0.000366	1.067187
128	9400	45	0.015000	-1 	 179 	3496	0.213379	0.270020	0.213379	27.041179
128	9400	46	0.015000	-1 	 25 	24	0.001465	0.007385	0.001465	2.507973
128	9400	47	0.015000	-1 	 192 	3696	0.225586	0.282532	0.225586	27.670210
128	9400	48	0.015000	-1 	 0 	0	0.000000	0.000000	0.000000	0.000000
128	9400	49	0.015000	-1 	 2 	4	0.000244	0.000305	0.000244	0.935414
128	9400	50	0.015000	-1 	 3 	9	0.000549	0.000793	0.000549	1.378853
128	9400	51	0.015000	-1 	 172 	5113	0.312073	0.362915	0.312073	31.567869
128	9400	52	0.015000	-1 	 24 	8	0.000488	0.003845	0.000488	1.224745
128	9400	53	0.015000	-1 	 13 	15072	0.919922	0.922058	0.000488	1.118034
128	9400	54	0.015000	-1 	 0 	0	0.000000	0.000000	0.000000	0.000000
128	9400	55	0.015000	-1 	 0 	0	0.000000	0.000000	0.000000	0.000000
128	9400	56	0.015000	-1 	 15 	15118	0.922729	0.925110	0.000610	1.846619
128	9400	57	0.015000	-1 	 15 	24	0.001465	0.005005	0.001465	2.388485
128	9400	58	0.015000	-1 	 6 	8	0.000488	0.001221	0.000488	1.489547
128	9400	59	0.015000	-1 	 30 	12	0.000732	0.005798	0.000732	1.467235
128	9400	60	0.015000	-1 	 6 	7	0.000427	0.001038	0.000427	1.385051
128	9400	61	0.015000	-1 	 53 	15	0.000916	0.012451	0.000916	3.026037
128	9400	62	0.015000	-1 	 14 	11	0.000671	0.002441	0.000671	1.781447
128	9400	63	0.015000	-1 	 166 	227	0.013855	0.084656	0.013855	9.237565
128	9400	64	0.015000	-1 	 0 	0	0.000000	0.000000	0.000000	0.000000
128	9400	65	0.015000	-1 	 2 	4	0.000244	0.000366	0.000244	1.118034
128	9400	66	0.015000	-1 	 162 	3887	0.237244	0.290161	0.237244	29.222286
128	9400	67	0.015000	-1 	 17 	14352	0.875977	0.878784	0.000671	1.945540
128	9400	68	0.015000	-1 	 159 	2459	0.150085	0.192444	0.150085	23.880692
128	9400	69	0.015000	-1 	 37 	16	0.000977	0.008606	0.000977	2.067229
128	9400	70	0.015000	-1 	 58 	12598	0.768921	0.784790	0.002075	2.921108
128	9400	71	0.015000	-1 	 8 	11	0.000671	0.002014	0.000671	1.569334
128	9400	72	0.015000	-1 	 175 	6333	0.386536	0.439148	0.002808	3.970710
128	9400	73	0.015000	-1 	 88 	11797	0.720032	0.743103	0.002014	3.778291
128	9400	74	0.015000	-1 	 7 	5	0.000305	0.000793	0.000305	1.019804
128	9400	75	0.015000	-1 	 2 	5	0.000305	0.000427	0.000305	1.019804
128	9400	76	0.015000	-1 	 110 	8848	0.540039	0.569275	0.001709	3.195580
128	9400	77	0.015000	-1 	 24 	14	0.000854	0.004700	0.000854	2.718981
128	9400	78	0.015000	-1 	 0 	0	0.000000	0.000000	0.000000	0.000000
128	9400	79	0.015000	-1 	 0 	0	0.000000	0.000000	0.000000	0.000000
128	9400	80	0.015000	-1 	 0 	0	0.000000	0.000000	0.000000	0.000000
128	9400	81	0.015000	-1 	 11 	11	0.000671	0.001892	0.000671	1.743939
128	9400	82	0.015000	-1 	 175 	5220	0.318604	0.370117	0.318604	32.598766
128	9400	83	0.015000	-1 	 18 	9	0.000549	0.004395	0.000549	1.602467
128	9400	84	0.015000	-1 	 157 	3600	0.219727	0.274292	0.219727	29.131344
128	9400	85	0.015000	-1 	 31 	12	0.000732	0.005554	0.000732	2.240722
128	9400	86	0.015000	-1 	 11 	8	0.000488	0.001709	0.000488	1.316957
128	9400	87	0.015000	-1 	 99 	8015	0.489197	0.519775	0.003967	4.495994
128	9400	88	0.015000	-1 	 1 	16127	0.984314	0.984314	0.000000	0.000000
128	9400	89	0.015000	-1 	 161 	2841	0.173401	0.219299	0.173401	24.813987
128	9400	90	0.015000	-1 	 180 	886	0.054077	0.108765	0.054077	16.296017
128	9400	91	0.015000	-1 	 138 	4019	0.245300	0.279785	0.245300	28.751177
128	9400	92	0.015000	-1 	 11 	6	0.000366	0.001953	0.000366	0.957427
128	9400	93	0.015000	-1 	 39 	12	0.000732	0.008362	0.000732	1.746027
128	9400	94	0.015000	-1 	 6 	7	0.000427	0.001465	0.000427	1.106567
128	9400	95	0.015000	-1 	 118 	6971	0.425476	0.457092	0.002930	4.610855
128	9400	96	0.015000	-1 	 23 	9	0.000549	0.005188	0.000549	1.798490
128	9400	97	0.015000	-1 	 39 	12	0.000732	0.007935	0.000732	2.051422
128	9400	98	0.015000	-1 	 183 	5814	0.354858	0.406067	0.354858	34.749403
128	9400	99	0.015000	-1 	 6 	9	0.000549	0.001465	0.000549	1.257079
128	9400	100	0.015000	-1 	 137 	6339	0.386902	0.430847	0.003479	4.393677
128	9400	101	0.015000	-1 	 164 	3408	0.208008	0.252686	0.208008	27.454061
128	9400	102	0.015000	-1 	 2 	2	0.000122	0.000183	0.000122	0.500000
128	9400	103	0.015000	-1 	 25 	13559	0.827576	0.831238	0.000488	1.828592
128	9400	104	0.015000	-1 	 2 	7	0.000427	0.000549	0.000427	1.470804
128	9400	105	0.015000	-1 	 54 	19	0.001160	0.014771	0.001160	2.268659
128	9400	106	0.015000	-1 	 1 	15725	0.959778	0.959778	0.000000	0.000000
128	9400	107	0.015000	-1 	 0 	0	0.000000	0.000000	0.000000	0.000000
128	9400	108	0.015000	-1 	 0 	0	0.000000	0.000000	0.000000	0.000000
128	9400	109	0.015000	-1 	 35 	13594	0.829712	0.837097	0.001038	2.308402
128	9400	110	0.015000	-1 	 13 	20	0.001221	0.003479	0.001221	3.615937
128	9400	111	0.015000	-1 	 1 	1	0.000061	0.000061	0.000061	0.000000
128	9400	112	0.015000	-1 	 183 	5963	0.363953	0.415161	0.003418	3.576693
128	9400	113	0.015000	-1 	 11 	6	0.000366	0.001282	0.000366	1.067187
128	9400	114	0.015000	-1 	 1 	3	0.000183	0.000183	0.000183	0.666667
128	9400	115	0.015000	-1 	 119 	30	0.001831	0.029724	0.001831	3.157355
128	9400	116	0.015000	-1 	 1 	15978	0.975220	0.975220	0.000000	0.000000
128	9400	117	0.015000	-1 	 180 	6623	0.404236	0.452942	0.002625	3.536107
128	9400	118	0.015000	-1 	 8 	15	0.000916	0.001892	0.000916	1.753726
128	9400	119	0.015000	-1 	 160 	3070	0.187378	0.245056	0.187378	25.798879
128	9400	120	0.015000	-1 	 3 	4	0.000244	0.000366	0.000244	0.935414
128	9400	121	0.015000	-1 	 5 	5	0.000305	0.000610	0.000305	0.894427
128	9400	122	0.015000	-1 	 14 	10	0.000610	0.002991	0.000610	1.643168
128	9400	123	0.015000	-1 	 0 	0	0.000000	0.000000	0.000000	0.000000
128	9400	124	0.015000	-1 	 152 	2291	0.139832	0.179993	0.139832	22.742588
128	9400	125	0.015000	-1 	 1 	8	0.000488	0.000488	0.000488	1.218349
128	9400	126	0.015000	-1 	 186 	3039	0.185486	0.237854	0.185486	25.755144
128	9400	127	0.015000	-1 	 172 	2564	0.156494	0.211731	0.156494	25.835339
128	9400	128	0.015000	-1 	 1 	15888	0.969727	0.969727	0.000000	0.000000
128	9400	129	0.015000	-1 	 0 	0	0.000000	0.000000	0.000000	0.000000
128	9400	130	0.015000	-1 	 20 	15	0.000916	0.006104	0.000916	2.490872
128	9400	131	0.015000	-1 	 29 	12	0.000732	0.005859	0.000732	1.488246
128	9400	132	0.015000	-1 	 0 	0	0.000000	0.000000	0.000000	0.000000
128	9400	133	0.015000	-1 	 168 	3253	0.198547	0.245605	0.198547	26.178095
128	9400	134	0.015000	-1 	 0 	0	0.000000	0.000000	0.000000	0.000000
128	9400	135	0.015000	-1 	 43 	21	0.001282	0.009888	0.001282	3.277076
128	9400	136	0.015000	-1 	 2 	2	0.000122	0.000183	0.000122	0.500000
128	9400	137	0.015000	-1 	 0 	0	0.000000	0.000000	0.000000	0.000000
128	9400	138	0.015000	-1 	 11 	22	0.001343	0.003540	0.001343	2.794623
128	9400	139	0.015000	-1 	 1 	16082	0.981567	0.981567	0.000000	0.000000
128	9400	140	0.015000	-1 	 1 	16144	0.985352	0.985352	0.000000	0.000000
128	9400	141	0.015000	-1 	 56 	12514	0.763794	0.786621	0.002625	3.886992
128	9400	142	0.015000	-1 	 18 	14685	0.896301	0.899170	0.000793	1.538462
128	9400	143	0.015000	-1 	 146 	2775	0.169373	0.212402	0.169373	24.844915
128	9400	144	0.015000	-1 	 127 	1013	0.061829	0.102356	0.061829	17.258895
128	9400	145	0.015000	-1 	 1 	2	0.000122	0.000122	0.000122	0.500000
128	9400	146	0.015000	-1 	 1 	2	0.000122	0.000122	0.000122	0.500000
128	9400	147	0.015000	-1 	 8 	3	0.000183	0.000732	0.000183	0.816497
128	9400	148	0.015000	-1 	 5 	8	0.000488	0.001465	0.000488	1.192424
128	9400	149	0.015000	-1 	 3 	5	0.000305	0.000427	0.000305	1.232883
128	9400	150	0.015000	-1 	 0 	0	0.000000	0.000000	0.000000	0.000000
128	9400	151	0.015000	-1 	 2 	4	0.000244	0.000305	0.000244	1.118034
128	9400	152	0.015000	-1 	 23 	12	0.000732	0.005005	0.000732	2.127858
128	9400	153	0.015000	-1 	 150 	2128	0.129883	0.177551	0.129883	23.016078
128	9400	154	0.015000	-1 	 11 	13	0.000793	0.002930	0.000793	1.961161
128	9400	155	0.015000	-1 	 0 	0	0.000000	0.000000	0.000000	0.000000
128	9400	156	0.015000	-1 	 37 	15	0.000916	0.008484	0.000916	2.967040
128	9400	157	0.015000	-1 	 128 	8530	0.520630	0.552490	0.002808	3.618700
128	9400	158	0.015000	-1 	 2 	3	0.000183	0.000244	0.000183	0.816497
128	9400	159	0.015000	-1 	 12 	6	0.000366	0.002258	0.000366	1.118034
128	9400	160	0.015000	-1 	 1 	16104	0.982910	0.982910	0.000000	0.000000
128	9400	161	0.015000	-1 	 30 	10	0.000610	0.005127	0.000610	1.500000
128	9400	162	0.015000	-1 	 4 	6	0.000366	0.000854	0.000366	1.343710
128	9400	163	0.015000	-1 	 143 	3418	0.208618	0.257568	0.208618	27.081590
128	9400	164	0.015000	-1 	 23 	14688	0.896484	0.901001	0.001221	2.426417
128	9400	165	0.015000	-1 	 12 	4	0.000244	0.001526	0.000244	0.707107
128	9400	166	0.015000	-1 	 3 	5	0.000305	0.000488	0.000305	0.894427
128	9400	167	0.015000	-1 	 36 	10	0.000610	0.006897	0.000610	1.881489
128	9400	168	0.015000	-1 	 46 	13308	0.812256	0.823608	0.001404	3.241974
128	9400	169	0.015000	-1 	 2 	8	0.000488	0.000610	0.000488	1.198958
128	9400	170	0.015000	-1 	 5 	3	0.000183	0.000549	0.000183	0.666667
128	9400	171	0.015000	-1 	 11 	6	0.000366	0.001587	0.000366	1.301708
128	9400	172	0.015000	-1 	 168 	3683	0.224792	0.273010	0.224792	27.862776
128	9400	173	0.015000	-1 	 10 	10	0.000610	0.001892	0.000610	1.732051
128	9400	174	0.015000	-1 	 20 	15	0.000916	0.004028	0.000916	1.984383
128	9400	175	0.015000	-1 	 6 	8	0.000488	0.001282	0.000488	1.391941
128	9400	176	0.015000	-1 	 166 	857	0.052307	0.099792	0.052307	16.452134
128	9400	177	0.015000	-1 	 147 	4967	0.303162	0.351257	0.303162	31.416651
128	9400	178	0.015000	-1 	 60 	11700	0.714111	0.728394	0.001343	2.723482
128	9400	179	0.015000	-1 	 0 	0	0.000000	0.000000	0.000000	0.000000
128	9400	180	0.015000	-1 	 2 	1	0.000061	0.000122	0.000061	0.000000
128	9400	181	0.015000	-1 	 0 	0	0.000000	0.000000	0.000000	0.000000
128	9400	182	0.015000	-1 	 19 	14	0.000854	0.004639	0.000854	1.876275
128	9400	183	0.015000	-1 	 120 	7450	0.454712	0.490784	0.003174	3.821991
128	9400	184	0.015000	-1 	 70 	10756	0.656494	0.680969	0.003235	4.274324
128	9400	185	0.015000	-1 	 159 	1989	0.121399	0.173035	0.121399	21.662189
128	9400	186	0.015000	-1 	 26 	13	0.000793	0.005066	0.000793	1.692308
128	9400	187	0.015000	-1 	 0 	0	0.000000	0.000000	0.000000	0.000000
128	9400	188	0.015000	-1 	 169 	1816	0.110840	0.168274	0.110840	21.117450
128	9400	189	0.015000	-1 	 20 	10	0.000610	0.004883	0.000610	1.587451
128	9400	190	0.015000	-1 	 44 	12172	0.742920	0.753662	0.002258	3.148852
128	9400	191	0.015000	-1 	 39 	19	0.001160	0.008118	0.001160	2.763033
128	9400	192	0.015000	-1 	 62 	19	0.001160	0.012390	0.001160	2.145665
128	9400	193	0.015000	-1 	 55 	15	0.000916	0.011963	0.000916	2.605976
128	9400	194	0.015000	-1 	 6 	3	0.000183	0.000610	0.000183	0.666667
128	9400	195	0.015000	-1 	 167 	1308	0.079834	0.132141	0.079834	18.751293
128	9400	196	0.015000	-1 	 116 	8952	0.546387	0.575256	0.001831	3.324822
128	9400	197	0.015000	-1 	 128 	2387	0.145691	0.187683	0.145691	23.784212
128	9400	198	0.015000	-1 	 44 	13137	0.801819	0.811707	0.001404	2.825083
128	9400	199	0.015000	-1 	 1 	2	0.000122	0.000122	0.000122	0.500000
128	9400	200	0.015000	-1 	 57 	14	0.000854	0.011414	0.000854	1.974325
128	9400	201	0.015000	-1 	 9 	5	0.000305	0.001282	0.000305	1.095445
128	9400	202	0.015000	-1 	 14 	10	0.000610	0.002930	0.000610	1.319091
128	9400	203	0.015000	-1 	 1 	16153	0.985901	0.985901	0.000000	0.000000
128	9400	204	0.015000	-1 	 12 	8	0.000488	0.002197	0.000488	1.311011
128	9400	205	0.015000	-1 	 68 	30	0.001831	0.016907	0.001831	3.384442
128	9400	206	0.015000	-1 	 34 	12	0.000732	0.006348	0.000732	1.806624
128	9400	207	0.015000	-1 	 137 	512	0.031250	0.085632	0.031250	13.896880
128	9400	208	0.015000	-1 	 31 	10	0.000610	0.007385	0.000610	1.585054
128	9400	209	0.015000	-1 	 3 	5	0.000305	0.000549	0.000305	0.979796
128	9400	210	0.015000	-1 	 5 	3	0.000183	0.000549	0.000183	0.666667
128	9400	211	0.015000	-1 	 1 	16130	0.984497	0.984497	0.000000	0.000000
128	9400	212	0.015000	-1 	 6 	15452	0.943115	0.943542	0.000183	0.666667
128	9400	213	0.015000	-1 	 13 	17	0.001038	0.003296	0.001038	2.000000
128	9400	214	0.015000	-1 	 169 	38	0.002319	0.048157	0.002319	3.721704
128	9400	215	0.015000	-1 	 0 	0	0.000000	0.000000	0.000000	0.000000
128	9400	216	0.015000	-1 	 5 	7	0.000427	0.001160	0.000427	1.228904
128	9400	217	0.015000	-1 	 165 	197	0.012024	0.068176	0.012024	7.404009
128	9400	218	0.015000	-1 	 0 	0	0.000000	0.000000	0.000000	0.000000
128	9400	219	0.015000	-1 	 3 	5	0.000305	0.000549	0.000305	0.979796
128	9400	220	0.015000	-1 	 159 	1100	0.067139	0.114746	0.067139	17.427650
128	9400	221	0.015000	-1 	 140 	5001	0.305237	0.353516	0.305237	31.950154
128	9400	222	0.015000	-1 	 192 	5444	0.332275	0.389771	0.332275	32.867087
128	9400	223	0.015000	-1 	 1 	2	0.000122	0.000122	0.000122	0.500000
128	9400	224	0.015000	-1 	 122 	1542	0.094116	0.152710	0.094116	20.516248
128	9400	225	0.015000	-1 	 116 	6852	0.418213	0.447632	0.002136	3.623055
128	9400	226	0.015000	-1 	 161 	386	0.023560	0.082642	0.023560	12.044832
128	9400	227	0.015000	-1 	 15 	14711	0.897888	0.901306	0.000793	1.702765
128	9400	228	0.015000	-1 	 25 	19	0.001160	0.005188	0.001160	2.413030
128	9400	229	0.015000	-1 	 4 	10	0.000610	0.001221	0.000610	1.330413
128	9400	230	0.015000	-1 	 9 	11	0.000671	0.001831	0.000671	1.915573
128	9400	231	0.015000	-1 	 60 	17	0.001038	0.014648	0.001038	2.142017
128	9400	232	0.015000	-1 	 115 	7345	0.448303	0.477173	0.002625	3.424532
128	9400	233	0.015000	-1 	 87 	28	0.001709	0.022827	0.001709	3.116366
128	9400	234	0.015000	-1 	 0 	0	0.000000	0.000000	0.000000	0.000000
128	9400	235	0.015000	-1 	 0 	0	0.000000	0.000000	0.000000	0.000000
128	9400	236	0.015000	-1 	 179 	4357	0.265930	0.315735	0.265930	29.703951
128	9400	237	0.015000	-1 	 128 	140	0.008545	0.051636	0.008545	7.852226
128	9400	238	0.015000	-1 	 100 	26	0.001587	0.020691	0.001587	2.608588
128	9400	239	0.015000	-1 	 22 	12	0.000732	0.003906	0.000732	2.091650
128	9400	240	0.015000	-1 	 146 	2051	0.125183	0.164062	0.125183	22.254514
128	9400	241	0.015000	-1 	 15 	9	0.000549	0.002563	0.000549	1.342561
128	9400	242	0.015000	-1 	 115 	10359	0.632263	0.662415	0.002869	3.403191
128	9400	243	0.015000	-1 	 11 	7	0.000427	0.001343	0.000427	1.324803
128	9400	244	0.015000	-1 	 0 	0	0.000000	0.000000	0.000000	0.000000
128	9400	245	0.015000	-1 	 165 	2336	0.142578	0.196167	0.142578	23.498382
128	9400	246	0.015000	-1 	 76 	12066	0.736450	0.753235	0.001526	2.465766
128	9400	247	0.015000	-1 	 2 	8	0.000488	0.000671	0.000488	1.293010
128	9400	248	0.015000	-1 	 0 	0	0.000000	0.000000	0.000000	0.000000
128	9400	249	0.015000	-1 	 23 	7	0.000427	0.003906	0.000427	1.355262
128	9400	250	0.015000	-1 	 15 	8	0.000488	0.003418	0.000488	1.403122
128	9400	251	0.015000	-1 	 102 	11429	0.697571	0.734863	0.004028	6.048340
128	9400	252	0.015000	-1 	 9 	11	0.000671	0.002014	0.000671	1.781447
128	9400	253	0.015000	-1 	 11 	8	0.000488	0.002136	0.000488	1.340476
128	9400	254	0.015000	-1 	 58 	16	0.000977	0.013611	0.000977	2.148764
128	9400	255	0.015000	-1 	 152 	1226	0.074829	0.127136	0.074829	17.732550
128	9400	256	0.015000	-1 	 9 	16	0.000977	0.002625	0.000977	2.109317
128	9400	257	0.015000	-1 	 2 	3	0.000183	0.000305	0.000183	0.666667
128	9400	258	0.015000	-1 	 159 	699	0.042664	0.094238	0.042664	14.460399
128	9400	259	0.015000	-1 	 13 	12	0.000732	0.002808	0.000732	1.628735
128	9400	260	0.015000	-1 	 175 	1952	0.119141	0.168518	0.119141	21.586085
128	9400	261	0.015000	-1 	 167 	3234	0.197388	0.244019	0.197388	26.297468
128	9400	262	0.015000	-1 	 8 	7	0.000427	0.001099	0.000427	1.142857
128	9400	263	0.015000	-1 	 6 	12	0.000732	0.001465	0.000732	1.929306
128	9400	264	0.015000	-1 	 126 	8092	0.493896	0.525208	0.002319	3.629862
128	9400	265	0.015000	-1 	 202 	2857	0.174377	0.243347	0.174377	28.404280
128	9400	266	0.015000	-1 	 140 	5611	0.342468	0.382629	0.004089	3.706348
128	9400	267	0.015000	-1 	 183 	4063	0.247986	0.301208	0.247986	29.051707
128	9400	268	0.015000	-1 	 157 	1259	0.076843	0.127197	0.076843	17.275845
128	9400	269	0.015000	-1 	 133 	5544	0.338379	0.377502	0.003418	3.839369
128	9400	270	0.015000	-1 	 5 	3	0.000183	0.000427	0.000183	0.935414
128	9400	271	0.015000	-1 	 180 	4584	0.279785	0.335999	0.279785	30.226016
128	9400	272	0.015000	-1 	 114 	10666	0.651001	0.683960	0.004089	5.439679
128	9400	273	0.015000	-1 	 158 	2281	0.139221	0.186462	0.139221	22.266928
128	9400	274	0.015000	-1 	 142 	2102	0.128296	0.169495	0.128296	22.843159
128	9400	275	0.015000	-1 	 77 	18	0.001099	0.020020	0.001099	2.671292
128	9400	276	0.015000	-1 	 3 	4	0.000244	0.000366	0.000244	0.866025
128	9400	277	0.015000	-1 	 14 	15	0.000916	0.002808	0.000916	2.097618
128	9400	278	0.015000	-1 	 13 	16	0.000977	0.003601	0.000977	1.857207
128	9400	279	0.015000	-1 	 4 	8	0.000488	0.001160	0.000488	1.391941
128	9400	280	0.015000	-1 	 0 	0	0.000000	0.000000	0.000000	0.000000
128	9400	281	0.015000	-1 	 0 	0	0.000000	0.000000	0.000000	0.000000
128	9400	282	0.015000	-1 	 1 	16149	0.985657	0.985657	0.000000	0.000000
128	9400	283	0.015000	-1 	 163 	3510	0.214233	0.263977	0.214233	27.404852
128	9400	284	0.015000	-1 	 129 	8458	0.516235	0.547424	0.003723	5.080328
128	9400	285	0.015000	-1 	 16 	8	0.000488	0.003052	0.000488	1.316957
128	9400	286	0.015000	-1 	 201 	2076	0.126709	0.175842	0.126709	22.443772
128	9400	287	0.015000	-1 	 14 	12	0.000732	0.002686	0.000732	1.791182
128	9400	288	0.015000	-1 	 1 	4	0.000244	0.000244	0.000244	1.118034
128	9400	289	0.015000	-1 	 22 	11	0.000671	0.004272	0.000671	1.548126
128	9400	290	0.015000	-1 	 5 	7	0.000427	0.000854	0.000427	1.277753
128	9400	291	0.015000	-1 	 68 	10	0.000610	0.012329	0.000610	1.590597
128	9400	292	0.015000	-1 	 143 	62	0.003784	0.041626	0.003784	4.601526
128	9400	293	0.015000	-1 	 22 	8	0.000488	0.003418	0.000488	1.615356
128	9400	294	0.015000	-1 	 9 	4	0.000244	0.000977	0.000244	0.829156
128	9400	295	0.015000	-1 	 179 	5059	0.308777	0.359192	0.308777	32.912030
128	9400	296	0.015000	-1 	 4 	2	0.000122	0.000427	0.000122	0.500000
128	9400	297	0.015000	-1 	 212 	1932	0.117920	0.207520	0.117920	26.782190
128	9400	298	0.015000	-1 	 145 	3240	0.197754	0.232117	0.197754	26.428420
128	9400	299	0.015000	-1 	 2 	7	0.000427	0.000610	0.000427	1.324803
128	9400	300	0.015000	-1 	 4 	10	0.000610	0.000793	0.000610	1.624808
128	9400	301	0.015000	-1 	 75 	11807	0.720642	0.738708	0.002258	3.418679
128	9400	302	0.015000	-1 	 0 	0	0.000000	0.000000	0.000000	0.000000
128	9400	303	0.015000	-1 	 159 	1517	0.092590	0.152100	0.092590	19.849264
128	9400	304	0.015000	-1 	 167 	1066	0.065063	0.114319	0.065063	17.197783
128	9400	305	0.015000	-1 	 172 	4465	0.272522	0.326904	0.272522	29.889952
128	9400	306	0.015000	-1 	 124 	120	0.007324	0.045837	0.007324	8.406306
128	9400	307	0.015000	-1 	 122 	2422	0.147827	0.179504	0.147827	24.298153
128	9400	308	0.015000	-1 	 0 	0	0.000000	0.000000	0.000000	0.000000
128	9400	309	0.015000	-1 	 5 	5	0.000305	0.000549	0.000305	0.979796
128	9400	310	0.015000	-1 	 152 	2720	0.166016	0.206604	0.166016	24.568764
128	9400	311	0.015000	-1 	 127 	2025	0.123596	0.158325	0.123596	22.030833
128	9400	312	0.015000	-1 	 116 	11060	0.675049	0.705933	0.003296	4.083827
128	9400	313	0.015000	-1 	 90 	11116	0.678467	0.703064	0.002686	3.417490
128	9400	314	0.015000	-1 	 172 	1855	0.113220	0.166260	0.113220	22.588527
128	9400	315	0.015000	-1 	 163 	3826	0.233521	0.276978	0.233521	28.193536
128	9400	316	0.015000	-1 	 3 	5	0.000305	0.000488	0.000305	1.019804
128	9400	317	0.015000	-1 	 166 	3902	0.238159	0.295898	0.238159	28.632307
128	9400	318	0.015000	-1 	 4 	3	0.000183	0.000366	0.000183	0.816497
128	9400	319	0.015000	-1 	 162 	2888	0.176270	0.219849	0.176270	25.177671
128	9400	320	0.015000	-1 	 59 	12645	0.771790	0.789124	0.002808	3.417402
128	9400	321	0.015000	-1 	 4 	8	0.000488	0.000854	0.000488	1.452369
128	9400	322	0.015000	-1 	 48 	12076	0.737061	0.747681	0.002075	3.181097
128	9400	323	0.015000	-1 	 193 	6322	0.385864	0.435669	0.385864	35.243981
128	9400	324	0.015000	-1 	 4 	6	0.000366	0.000916	0.000366	1.536591
128	9400	325	0.015000	-1 	 1 	16122	0.984009	0.984009	0.000000	0.000000
128	9400	326	0.015000	-1 	 67 	11	0.000671	0.013977	0.000671	1.762793
128	9400	327	0.015000	-1 	 1 	16131	0.984558	0.984558	0.000000	0.000000
128	9400	328	0.015000	-1 	 5 	21	0.001282	0.001831	0.001282	2.314305
128	9400	329	0.015000	-1 	 17 	13	0.000793	0.004578	0.000793	1.852553
128	9400	330	0.015000	-1 	 0 	0	0.000000	0.000000	0.000000	0.000000
128	9400	331	0.015000	-1 	 1 	1	0.000061	0.000061	0.000061	0.000000
128	9400	332	0.015000	-1 	 8 	6	0.000366	0.001160	0.000366	1.067187
128	9400	333	0.015000	-1 	 6 	10	0.000610	0.001038	0.000610	2.039608
128	9400	334	0.015000	-1 	 1 	16114	0.983521	0.983521	0.000000	0.000000
128	9400	335	0.015000	-1 	 7 	8	0.000488	0.001465	0.000488	1.866648
128	9400	336	0.015000	-1 	 5 	6	0.000366	0.000793	0.000366	1.384437
128	9400	337	0.015000	-1 	 22 	7	0.000427	0.003357	0.000427	1.456863
128	9400	338	0.015000	-1 	 63 	12357	0.754211	0.768372	0.003906	4.387260
128	9400	339	0.015000	-1 	 0 	0	0.000000	0.000000	0.000000	0.000000
128	9400	340	0.015000	-1 	 21 	17	0.001038	0.004883	0.001038	2.555948
128	9400	341	0.015000	-1 	 99 	22	0.001343	0.024597	0.001343	3.235904
128	9400	342	0.015000	-1 	 19 	13	0.000793	0.003845	0.000793	1.613552
128	9400	343	0.015000	-1 	 142 	364	0.022217	0.087708	0.022217	15.063926
128	9400	344	0.015000	-1 	 166 	3568	0.217773	0.267212	0.217773	28.488621
128	9400	345	0.015000	-1 	 0 	0	0.000000	0.000000	0.000000	0.000000
128	9400	346	0.015000	-1 	 149 	6528	0.398438	0.438538	0.002136	3.095223
128	9400	347	0.015000	-1 	 157 	9388	0.572998	0.611389	0.002380	4.098395
128	9400	348	0.015000	-1 	 6 	4	0.000244	0.001038	0.000244	0.866025
128	9400	349	0.015000	-1 	 61 	11682	0.713013	0.725403	0.001282	3.229681
128	9400	350	0.015000	-1 	 2 	5	0.000305	0.000366	0.000305	1.019804
128	9400	351	0.015000	-1 	 28 	15	0.000916	0.007080	0.000916	2.290075
128	9400	352	0.015000	-1 	 1 	1	0.000061	0.000061	0.000061	0.000000
128	9400	353	0.015000	-1 	 9 	9	0.000549	0.001892	0.000549	1.625415
128	9400	354	0.015000	-1 	 28 	9	0.000549	0.005615	0.000549	1.457209
128	9400	355	0.015000	-1 	 0 	0	0.000000	0.000000	0.000000	0.000000
128	9400	356	0.015000	-1 	 121 	86	0.005249	0.050293	0.005249	4.776480
128	9400	357	0.015000	-1 	 0 	0	0.000000	0.000000	0.000000	0.000000
128	9400	358	0.015000	-1 	 4 	7	0.000427	0.001404	0.000427	1.324803
128	9400	359	0.015000	-1 	 157 	4276	0.260986	0.313171	0.260986	29.582973
128	9400	360	0.015000	-1 	 9 	8	0.000488	0.001282	0.000488	1.165922
128	9400	361	0.015000	-1 	 1 	16148	0.985596	0.985596	0.000000	0.000000
128	9400	362	0.015000	-1 	 159 	3300	0.201416	0.249390	0.201416	26.421737
128	9400	363	0.015000	-1 	 20 	9	0.000549	0.004089	0.000549	1.640536
128	9400	364	0.015000	-1 	 138 	6982	0.426147	0.464478	0.002197	3.769497
128	9400	365	0.015000	-1 	 41 	12496	0.762695	0.778015	0.002747	4.036989
128	9400	366	0.015000	-1 	 3 	11	0.000671	0.000916	0.000671	1.646434
128	9400	367	0.015000	-1 	 5 	9	0.000549	0.001343	0.000549	1.396645
128	9400	368	0.015000	-1 	 42 	13258	0.809204	0.819214	0.002625	3.037711
128	9400	369	0.015000	-1 	 143 	312	0.019043	0.072754	0.019043	10.130643
128	9400	370	0.015000	-1 	 5 	13	0.000793	0.001404	0.000793	1.760850
128	9400	371	0.015000	-1 	 9 	16	0.000977	0.002869	0.000977	2.026196
128	9400	372	0.015000	-1 	 0 	0	0.000000	0.000000	0.000000	0.000000
128	9400	373	0.015000	-1 	 22 	16	0.000977	0.005249	0.000977	2.072890
128	9400	374	0.015000	-1 	 3 	7	0.000427	0.000916	0.000427	1.228904
128	9400	375	0.015000	-1 	 172 	6492	0.396240	0.462341	0.003662	3.990788
128	9400	376	0.015000	-1 	 130 	7285	0.444641	0.477966	0.002014	3.065553
128	9400	377	0.015000	-1 	 164 	6624	0.404297	0.442749	0.002380	3.743941
128	9400	378	0.015000	-1 	 4 	15	0.000916	0.001892	0.000916	1.859510
128	9400	379	0.015000	-1 	 3 	11	0.000671	0.000916	0.000671	1.871933
128	9400	380	0.015000	-1 	 6 	3	0.000183	0.000610	0.000183	0.666667
128	9400	381	0.015000	-1 	 7 	4	0.000244	0.001099	0.000244	0.935414
128	9400	382	0.015000	-1 	 104 	9765	0.596008	0.621216	0.001648	2.515248
128	9400	383	0.015000	-1 	 0 	0	0.000000	0.000000	0.000000	0.000000
128	9400	384	0.015000	-1 	 1 	16150	0.985718	0.985718	0.000000	0.000000
128	9400	385	0.015000	-1 	 5 	8	0.000488	0.000854	0.000488	1.211920
128	9400	386	0.015000	-1 	 25 	10	0.000610	0.005371	0.000610	1.732051
128	9400	387	0.015000	-1 	 16 	18	0.001099	0.003967	0.001099	2.399203
128	9400	388	0.015000	-1 	 124 	4947	0.301941	0.332703	0.002258	3.301061
128	9400	389	0.015000	-1 	 139 	1246	0.076050	0.124023	0.076050	17.490715
128	9400	390	0.015000	-1 	 2 	5	0.000305	0.000427	0.000305	1.019804
128	9400	391	0.015000	-1 	 148 	1820	0.111084	0.150085	0.111084	21.307098
128	9400	392	0.015000	-1 	 32 	28	0.001709	0.007874	0.001709	3.214683
128	9400	393	0.015000	-1 	 155 	1818	0.110962	0.155151	0.110962	21.551793
128	9400	394	0.015000	-1 	 159 	811	0.049500	0.108398	0.049500	15.437392
128	9400	395	0.015000	-1 	 7 	12	0.000732	0.001587	0.000732	1.913040
128	9400	396	0.015000	-1 	 4 	6	0.000366	0.000854	0.000366	1.166667
128	9400	397	0.015000	-1 	 115 	76	0.004639	0.039673	0.004639	5.615616
128	9400	398	0.015000	-1 	 17 	15	0.000916	0.004822	0.000916	1.738454
128	9400	399	0.015000	-1 	 9 	8	0.000488	0.002197	0.000488	1.489547
128	9400	400	0.015000	-1 	 0 	0	0.000000	0.000000	0.000000	0.000000
128	9400	401	0.015000	-1 	 176 	5528	0.337402	0.380371	0.337402	33.517536
128	9400	402	0.015000	-1 	 109 	8378	0.511353	0.534668	0.002686	3.695960
128	9400	403	0.015000	-1 	 0 	0	0.000000	0.000000	0.000000	0.000000
128	9400	404	0.015000	-1 	 173 	270	0.016479	0.072632	0.016479	8.871595
128	9400	405	0.015000	-1 	 4 	3	0.000183	0.000427	0.000183	0.816497
128	9400	406	0.015000	-1 	 4 	3	0.000183	0.000366	0.000183	0.666667
128	9400	407	0.015000	-1 	 9 	6	0.000366	0.001587	0.000366	1.384437
128	9400	408	0.015000	-1 	 4 	8	0.000488	0.000793	0.000488	1.218349
128	9400	409	0.015000	-1 	 50 	14	0.000854	0.010620	0.000854	2.001275
128	9400	410	0.015000	-1 	 3 	5	0.000305	0.000427	0.000305	0.894427
128	9400	411	0.015000	-1 	 110 	10277	0.627258	0.660706	0.005188	4.980071
128	9400	412	0.015000	-1 	 155 	356	0.021729	0.073853	0.021729	11.299588
128	9400	413	0.015000	-1 	 155 	5274	0.321899	0.379395	0.321899	32.415173
128	9400	414	0.015000	-1 	 109 	10885	0.664368	0.692566	0.002258	3.573092
128	9400	415	0.015000	-1 	 0 	0	0.000000	0.000000	0.000000	0.000000
128	9400	416	0.015000	-1 	 1 	15937	0.972717	0.972717	0.000000	0.000000
128	9400	417	0.015000	-1 	 0 	0	0.000000	0.000000	0.000000	0.000000
128	9400	418	0.015000	-1 	 154 	3125	0.190735	0.247253	0.190735	26.059133
128	9400	419	0.015000	-1 	 156 	522	0.031860	0.094788	0.031860	17.152130
128	9400	420	0.015000	-1 	 31 	13851	0.845398	0.852173	0.001404	2.524736
128	9400	421	0.015000	-1 	 9 	12	0.000732	0.002258	0.000732	1.572330
128	9400	422	0.015000	-1 	 64 	16	0.000977	0.012451	0.000977	2.138742
128	9400	423	0.015000	-1 	 1 	16119	0.983826	0.983826	0.000000	0.000000
128	9400	424	0.015000	-1 	 2 	7	0.000427	0.000488	0.000427	1.245400
128	9400	425	0.015000	-1 	 42 	15	0.000916	0.010620	0.000916	1.950499
128	9400	426	0.015000	-1 	 9 	13	0.000793	0.002441	0.000793	1.961161
128	9400	427	0.015000	-1 	 22 	14755	0.900574	0.904297	0.000854	2.052873
128	9400	428	0.015000	-1 	 12 	9	0.000549	0.002930	0.000549	1.369870
128	9400	429	0.015000	-1 	 114 	6611	0.403503	0.431458	0.002014	3.050538
128	9400	430	0.015000	-1 	 2 	7	0.000427	0.000549	0.000427	1.087968
128	9400	431	0.015000	-1 	 37 	9	0.000549	0.008240	0.000549	1.314684
128	9400	432	0.015000	-1 	 68 	10724	0.654541	0.669006	0.000977	2.398559
128	9400	433	0.015000	-1 	 1 	16175	0.987244	0.987244	0.000000	0.000000
128	9400	434	0.015000	-1 	 135 	1372	0.083740	0.132446	0.083740	18.784989
128	9400	435	0.015000	-1 	 56 	16	0.000977	0.013916	0.000977	2.380750
128	9400	436	0.015000	-1 	 67 	10436	0.636963	0.655579	0.002747	3.592310
128	9400	437	0.015000	-1 	 180 	4622	0.282104	0.337585	0.282104	30.168395
128	9400	438	0.015000	-1 	 0 	0	0.000000	0.000000	0.000000	0.000000
128	9400	439	0.015000	-1 	 10 	4	0.000244	0.001465	0.000244	0.866025
128	9400	440	0.015000	-1 	 2 	9	0.000549	0.000854	0.000549	1.791613
128	9400	441	0.015000	-1 	 25 	13970	0.852661	0.859741	0.001831	3.181369
128	9400	442	0.015000	-1 	 24 	4	0.000244	0.002563	0.000244	0.707107
128	9400	443	0.015000	-1 	 0 	0	0.000000	0.000000	0.000000	0.000000
128	9400	444	0.015000	-1 	 20 	12	0.000732	0.004272	0.000732	1.518406
128	9400	445	0.015000	-1 	 74 	23	0.001404	0.015503	0.001404	2.402739
128	9400	446	0.015000	-1 	 12 	11	0.000671	0.002441	0.000671	1.700753
128	9400	447	0.015000	-1 	 4 	15285	0.932922	0.933777	0.000610	1.303840
128	9400	448	0.015000	-1 	 3 	3	0.000183	0.000305	0.000183	0.666667
128	9400	449	0.015000	-1 	 185 	217	0.013245	0.074158	0.013245	9.959938
128	9400	450	0.015000	-1 	 102 	43	0.002625	0.029480	0.002625	4.202423
128	9400	451	0.015000	-1 	 1 	15821	0.965637	0.965637	0.000000	0.000000
128	9400	452	0.015000	-1 	 0 	0	0.000000	0.000000	0.000000	0.000000
128	9400	453	0.015000	-1 	 2 	2	0.000122	0.000183	0.000122	0.500000
128	9400	454	0.015000	-1 	 5 	11	0.000671	0.001465	0.000671	1.465865
128	9400	455	0.015000	-1 	 4 	10	0.000610	0.001160	0.000610	1.581139
128	9400	456	0.015000	-1 	 195 	5179	0.316101	0.377258	0.316101	31.781191
128	9400	457	0.015000	-1 	 140 	6503	0.396912	0.438965	0.002258	3.154877
128	9400	458	0.015000	-1 	 1 	16102	0.982788	0.982788	0.000000	0.000000
128	9400	459	0.015000	-1 	 0 	0	0.000000	0.000000	0.000000	0.000000
128	9400	460	0.015000	-1 	 40 	13	0.000793	0.006592	0.000793	1.830058
128	9400	461	0.015000	-1 	 12 	15267	0.931824	0.933838	0.000549	1.714139
128	9400	462	0.015000	-1 	 101 	7988	0.487549	0.519775	0.003174	3.759947
128	9400	463	0.015000	-1 	 18 	17	0.001038	0.003113	0.001038	2.116012
128	9400	464	0.015000	-1 	 0 	0	0.000000	0.000000	0.000000	0.000000
128	9400	465	0.015000	-1 	 8 	7	0.000427	0.001648	0.000427	1.470804
128	9400	466	0.015000	-1 	 55 	11941	0.728821	0.737976	0.001282	2.638456
128	9400	467	0.015000	-1 	 0 	0	0.000000	0.000000	0.000000	0.000000
128	9400	468	0.015000	-1 	 2 	8	0.000488	0.000610	0.000488	1.311011
128	9400	469	0.015000	-1 	 12 	11	0.000671	0.003662	0.000671	1.840769
128	9400	470	0.015000	-1 	 167 	2234	0.136353	0.183594	0.136353	22.339026
128	9400	471	0.015000	-1 	 28 	6	0.000366	0.003601	0.000366	1.178511
128	9400	472	0.015000	-1 	 24 	21	0.001282	0.005737	0.001282	2.265786
128	9400	473	0.015000	-1 	 177 	309	0.018860	0.091919	0.018860	10.750615
128	9400	474	0.015000	-1 	 104 	9718	0.593140	0.625732	0.002869	4.675723
128	9400	475	0.015000	-1 	 0 	0	0.000000	0.000000	0.000000	0.000000
128	9400	476	0.015000	-1 	 68 	10459	0.638367	0.655945	0.002136	3.195660
128	9400	477	0.015000	-1 	 147 	4065	0.248108	0.285828	0.248108	29.414288
128	9400	478	0.015000	-1 	 139 	23	0.001404	0.034302	0.001404	2.558207
128	9400	479	0.015000	-1 	 151 	120	0.007324	0.056702	0.007324	6.766010
128	9400	480	0.015000	-1 	 8 	9	0.000549	0.001709	0.000549	1.324042
128	9400	481	0.015000	-1 	 146 	486	0.029663	0.067261	0.029663	12.450511
128	9400	482	0.015000	-1 	 43 	26	0.001587	0.011841	0.001587	2.945762
128	9400	483	0.015000	-1 	 10 	8	0.000488	0.001709	0.000488	1.403122
128	9400	484	0.015000	-1 	 198 	1644	0.100342	0.163696	0.100342	20.629108
128	9400	485	0.015000	-1 	 15 	6	0.000366	0.002625	0.000366	0.971825
128	9400	486	0.015000	-1 	 5 	12	0.000732	0.001648	0.000732	1.428869
128	9400	487	0.015000	-1 	 91 	50	0.003052	0.021973	0.003052	4.126984
128	9400	488	0.015000	-1 	 2 	6	0.000366	0.000427	0.000366	1.080123
128	9400	489	0.015000	-1 	 3 	7	0.000427	0.000732	0.000427	1.385051
128	9400	490	0.015000	-1 	 205 	2401	0.146545	0.207520	0.146545	23.641535
128	9400	491	0.015000	-1 	 1 	16128	0.984375	0.984375	0.000000	0.000000
128	9400	492	0.015000	-1 	 127 	9173	0.559875	0.599548	0.005615	5.853672
128	9400	493	0.015000	-1 	 1 	3	0.000183	0.000183	0.000183	0.666667
128	9400	494	0.015000	-1 	 113 	11052	0.674561	0.699829	0.002014	2.705299
128	9400	495	0.015000	-1 	 158 	2695	0.164490	0.224487	0.164490	24.029436
128	9400	496	0.015000	-1 	 156 	1826	0.111450	0.150513	0.111450	20.869766
128	9400	497	0.015000	-1 	 0 	0	0.000000	0.000000	0.000000	0.000000
128	9400	498	0.015000	-1 	 12 	5	0.000305	0.001404	0.000305	0.979796
128	9400	499	0.015000	-1 	 111 	8622	0.526245	0.565552	0.002991	3.882703
128	9400	500	0.015000	-1 	 92 	24	0.001465	0.024170	0.001465	2.998553
128	9400	501	0.015000	-1 	 7 	3	0.000183	0.000671	0.000183	0.666667
128	9400	502	0.015000	-1 	 0 	0	0.000000	0.000000	0.000000	0.000000
128	9400	503	0.015000	-1 	 178 	3976	0.242676	0.297729	0.242676	30.967489
128	9400	504	0.015000	-1 	 5 	8	0.000488	0.001099	0.000488	1.457738
128	9400	505	0.015000	-1 	 150 	5208	0.317871	0.370605	0.317871	31.682279
128	9400	506	0.015000	-1 	 170 	1336	0.081543	0.131958	0.081543	19.638772
128	9400	507	0.015000	-1 	 1 	3	0.000183	0.000183	0.000183	0.666667
128	9400	508	0.015000	-1 	 104 	7250	0.442505	0.473206	0.002747	4.008386
128	9400	509	0.015000	-1 	 17 	8	0.000488	0.002747	0.000488	1.316957
128	9400	510	0.015000	-1 	 23 	9	0.000549	0.003357	0.000549	1.474055
128	9400	511	0.015000	-1 	 8 	6	0.000366	0.001526	0.000366	1.201850
128	9400	512	0.015000	-1 	 8 	12	0.000732	0.002075	0.000732	1.536591
128	9400	513	0.015000	-1 	 170 	1456	0.088867	0.144897	0.088867	21.047427
128	9400	514	0.015000	-1 	 16 	11	0.000671	0.003845	0.000671	1.465865
128	9400	515	0.015000	-1 	 2 	5	0.000305	0.000366	0.000305	0.979796
128	9400	516	0.015000	-1 	 24 	10	0.000610	0.003845	0.000610	1.160577
128	9400	517	0.015000	-1 	 5 	5	0.000305	0.000793	0.000305	0.894427
128	9400	518	0.015000	-1 	 44 	16	0.000977	0.008911	0.000977	2.276751
128	9400	519	0.015000	-1 	 1 	16160	0.986328	0.986328	0.000000	0.000000
128	9400	520	0.015000	-1 	 97 	10262	0.626343	0.649353	0.001953	2.880091
128	9400	521	0.015000	-1 	 174 	3948	0.240967	0.294556	0.240967	29.034401
128	9400	522	0.015000	-1 	 0 	0	0.000000	0.000000	0.000000	0.000000
128	9400	523	0.015000	-1 	 164 	2105	0.128479	0.168335	0.128479	23.231156
128	9400	524	0.015000	-1 	 60 	14	0.000854	0.014771	0.000854	1.807016
128	9400	525	0.015000	-1 	 1 	5	0.000305	0.000305	0.000305	1.019804
128	9400	526	0.015000	-1 	 33 	13246	0.808472	0.813171	0.000977	2.280180
128	9400	527	0.015000	-1 	 173 	5089	0.310608	0.366760	0.310608	32.488961
128	9400	528	0.015000	-1 	 168 	3727	0.227478	0.278198	0.227478	27.381809
128	9400	529	0.015000	-1 	 169 	3279	0.200134	0.256165	0.200134	27.450057
128	9400	530	0.015000	-1 	 3 	6	0.000366	0.000610	0.000366	1.536591
128	9400	531	0.015000	-1 	 11 	8	0.000488	0.002136	0.000488	1.403122
128	9400	532	0.015000	-1 	 123 	6126	0.373901	0.409790	0.002014	3.053848
128	9400	533	0.015000	-1 	 0 	0	0.000000	0.000000	0.000000	0.000000
128	9400	534	0.015000	-1 	 0 	0	0.000000	0.000000	0.000000	0.000000
128	9400	535	0.015000	-1 	 165 	3386	0.206665	0.258301	0.206665	27.616931
128	9400	536	0.015000	-1 	 21 	9	0.000549	0.003418	0.000549	1.555556
128	9400	537	0.015000	-1 	 190 	4302	0.262573	0.315430	0.262573	29.567622
128	9400	538	0.015000	-1 	 40 	13	0.000793	0.006958	0.000793	2.005908
128	9400	539	0.015000	-1 	 0 	0	0.000000	0.000000	0.000000	0.000000
128	9400	540	0.015000	-1 	 163 	3707	0.226257	0.268494	0.226257	27.611864
128	9400	541	0.015000	-1 	 2 	8	0.000488	0.000671	0.000488	1.274755
128	9400	542	0.015000	-1 	 1 	19	0.001160	0.001160	0.001160	2.561163
128	9400	543	0.015000	-1 	 9 	3	0.000183	0.000732	0.000183	0.816497
128	9400	544	0.015000	-1 	 10 	6	0.000366	0.001404	0.000366	1.213352
128	9400	545	0.015000	-1 	 20 	16	0.000977	0.004944	0.000977	2.297247
128	9400	546	0.015000	-1 	 32 	15	0.000916	0.008118	0.000916	2.176644
128	9400	547	0.015000	-1 	 1 	4	0.000244	0.000244	0.000244	1.118034
128	9400	548	0.015000	-1 	 44 	17	0.001038	0.012390	0.001038	2.120913
128	9400	549	0.015000	-1 	 1 	16142	0.985229	0.985229	0.000000	0.000000
128	9400	550	0.015000	-1 	 3 	3	0.000183	0.000366	0.000183	0.816497
128	9400	551	0.015000	-1 	 16 	14	0.000854	0.004333	0.000854	1.985920
128	9400	552	0.015000	-1 	 75 	20	0.001221	0.018555	0.001221	2.692582
128	9400	553	0.015000	-1 	 47 	19	0.001160	0.010376	0.001160	1.943809
128	9400	554	0.015000	-1 	 170 	4766	0.290894	0.336609	0.290894	31.308643
128	9400	555	0.015000	-1 	 3 	6	0.000366	0.000610	0.000366	1.301708
128	9400	556	0.015000	-1 	 106 	8295	0.506287	0.536194	0.002441	3.308606
128	9400	557	0.015000	-1 	 139 	4664	0.284668	0.322510	0.284668	30.732828
128	9400	558	0.015000	-1 	 4 	5	0.000305	0.000977	0.000305	1.095445
128	9400	559	0.015000	-1 	 146 	3612	0.220459	0.261475	0.220459	27.527717
128	9400	560	0.015000	-1 	 77 	20	0.001221	0.016541	0.001221	2.671610
128	9400	561	0.015000	-1 	 1 	16127	0.984314	0.984314	0.000000	0.000000
128	9400	562	0.015000	-1 	 187 	3682	0.224731	0.269653	0.224731	27.750541
128	9400	563	0.015000	-1 	 1 	16133	0.984680	0.984680	0.000000	0.000000
128	9400	564	0.015000	-1 	 28 	14	0.000854	0.004700	0.000854	2.246312
128	9400	565	0.015000	-1 	 7 	5	0.000305	0.000854	0.000305	1.131371
128	9400	566	0.015000	-1 	 0 	0	0.000000	0.000000	0.000000	0.000000
128	9400	567	0.015000	-1 	 135 	121	0.007385	0.048584	0.007385	6.488184
128	9400	568	0.015000	-1 	 45 	19	0.001160	0.009094	0.001160	2.531792
128	9400	569	0.015000	-1 	 10 	5	0.000305	0.001892	0.000305	1.095445
128	9400	570	0.015000	-1 	 5 	17	0.001038	0.002136	0.001038	2.092994
128	9400	571	0.015000	-1 	 3 	8	0.000488	0.000610	0.000488	1.369306
128	9400	572	0.015000	-1 	 15 	7	0.000427	0.003052	0.000427	1.428571
128	9400	573	0.015000	-1 	 198 	2920	0.178223	0.236328	0.178223	26.465055
128	9400	574	0.015000	-1 	 1 	16155	0.986023	0.986023	0.000000	0.000000
128	9400	575	0.015000	-1 	 0 	0	0.000000	0.000000	0.000000	0.000000
128	9400	576	0.015000	-1 	 149 	575	0.035095	0.095764	0.035095	14.250754
128	9400	577	0.015000	-1 	 0 	0	0.000000	0.000000	0.000000	0.000000
128	9400	578	0.015000	-1 	 162 	2162	0.131958	0.178772	0.131958	22.923839
128	9400	579	0.015000	-1 	 92 	10724	0.654541	0.683777	0.006287	5.058280
128	9400	580	0.015000	-1 	 37 	8	0.000488	0.005676	0.000488	1.103970
128	9400	581	0.015000	-1 	 0 	0	0.000000	0.000000	0.000000	0.000000
128	9400	582	0.015000	-1 	 2 	6	0.000366	0.000488	0.000366	1.424001
128	9400	583	0.015000	-1 	 7 	6	0.000366	0.001404	0.000366	1.013794
128	9400	584	0.015000	-1 	 1 	16163	0.986511	0.986511	0.000000	0.000000
128	9400	585	0.015000	-1 	 0 	0	0.000000	0.000000	0.000000	0.000000
128	9400	586	0.015000	-1 	 48 	13550	0.827026	0.838806	0.001465	2.789800
128	9400	587	0.015000	-1 	 2 	6	0.000366	0.000488	0.000366	1.201850
128	9400	588	0.015000	-1 	 145 	5385	0.328674	0.364563	0.002869	3.641718
128	9400	589	0.015000	-1 	 125 	8413	0.513489	0.543945	0.002258	3.336497
128	9400	590	0.015000	-1 	 15 	9	0.000549	0.002625	0.000549	1.482407
128	9400	591	0.015000	-1 	 10 	11	0.000671	0.002502	0.000671	1.646434
128	9400	592	0.015000	-1 	 1 	6	0.000366	0.000366	0.000366	1.424001
128	9400	593	0.015000	-1 	 25 	15	0.000916	0.005310	0.000916	2.453116
128	9400	594	0.015000	-1 	 8 	18	0.001099	0.001953	0.001099	2.264187
128	9400	595	0.015000	-1 	 7 	7	0.000427	0.001160	0.000427	1.456863
128	9400	596	0.015000	-1 	 2 	4	0.000244	0.000427	0.000244	0.829156
128	9400	597	0.015000	-1 	 179 	3423	0.208923	0.257629	0.208923	28.500281
128	9400	598	0.015000	-1 	 1 	16139	0.985046	0.985046	0.000000	0.000000
128	9400	599	0.015000	-1 	 7 	3	0.000183	0.000793	0.000183	0.666667
128	9400	600	0.015000	-1 	 156 	72	0.004395	0.057190	0.004395	4.627273
128	9400	601	0.015000	-1 	 93 	11039	0.673767	0.700684	0.002747	3.650131
128	9400	602	0.015000	-1 	 6 	5	0.000305	0.000916	0.000305	1.131371
128	9400	603	0.015000	-1 	 1 	6	0.000366	0.000366	0.000366	1.080123
128	9400	604	0.015000	-1 	 134 	7937	0.484436	0.533447	0.003845	4.511959
128	9400	605	0.015000	-1 	 154 	3958	0.241577	0.286743	0.241577	28.641906
128	9400	606	0.015000	-1 	 0 	0	0.000000	0.000000	0.000000	0.000000
128	9400	607	0.015000	-1 	 3 	6	0.000366	0.000610	0.000366	1.067187
128	9400	608	0.015000	-1 	 101 	10469	0.638977	0.674194	0.006104	5.479051
128	9400	609	0.015000	-1 	 159 	4822	0.294312	0.351196	0.294312	30.628438
128	9400	610	0.015000	-1 	 15 	12	0.000732	0.003540	0.000732	1.996525
128	9400	611	0.015000	-1 	 7 	15387	0.939148	0.940063	0.000305	1.058301
128	9400	612	0.015000	-1 	 124 	57	0.003479	0.042419	0.003479	4.118437
128	9400	613	0.015000	-1 	 14 	9	0.000549	0.002991	0.000549	1.714139
128	9400	614	0.015000	-1 	 4 	4	0.000244	0.000610	0.000244	0.935414
128	9400	615	0.015000	-1 	 51 	12500	0.762939	0.771729	0.001221	2.053047
128	9400	616	0.015000	-1 	 6 	6	0.000366	0.001282	0.000366	1.201850
128	9400	617	0.015000	-1 	 141 	743	0.045349	0.087463	0.045349	15.858733
128	9400	618	0.015000	-1 	 5 	2	0.000122	0.000427	0.000122	0.500000
128	9400	619	0.015000	-1 	 133 	4181	0.255188	0.295349	0.255188	28.795895
128	9400	620	0.015000	-1 	 21 	16	0.000977	0.005310	0.000977	2.082291
128	9400	621	0.015000	-1 	 189 	5421	0.330872	0.389832	0.330872	32.405300
128	9400	622	0.015000	-1 	 3 	6	0.000366	0.000793	0.000366	1.201850
128	9400	623	0.015000	-1 	 0 	0	0.000000	0.000000	0.000000	0.000000
128	9400	624	0.015000	-1 	 148 	77	0.004700	0.056213	0.004700	5.903222
128	9400	625	0.015000	-1 	 126 	8572	0.523193	0.554260	0.001831	2.752776
128	9400	626	0.015000	-1 	 18 	12	0.000732	0.003479	0.000732	1.861526
128	9400	627	0.015000	-1 	 121 	9674	0.590454	0.627930	0.003357	4.731467
128	9400	628	0.015000	-1 	 10 	9	0.000549	0.001953	0.000549	1.295767
128	9400	629	0.015000	-1 	 3 	6	0.000366	0.000549	0.000366	1.301708
128	9400	630	0.015000	-1 	 23 	13	0.000793	0.004272	0.000793	1.764207
128	9400	631	0.015000	-1 	 121 	6913	0.421936	0.457153	0.006287	5.690480
128	9400	632	0.015000	-1 	 220 	5783	0.352966	0.422363	0.352966	33.475176
128	9400	633	0.015000	-1 	 121 	203	0.012390	0.055847	0.012390	10.560260
128	9400	634	0.015000	-1 	 31 	11	0.000671	0.004761	0.000671	1.656442
128	9400	635	0.015000	-1 	 6 	8	0.000488	0.001343	0.000488	1.262438
128	9400	636	0.015000	-1 	 85 	37	0.002258	0.026428	0.002258	3.165395
128	9400	637	0.015000	-1 	 122 	28	0.001709	0.039856	0.001709	2.854910
128	9400	638	0.015000	-1 	 1 	16128	0.984375	0.984375	0.000000	0.000000
128	9400	639	0.015000	-1 	 137 	6815	0.415955	0.462097	0.004028	4.694550
128	9400	640	0.015000	-1 	 165 	199	0.012146	0.066956	0.012146	9.795557
128	9400	641	0.015000	-1 	 109 	9572	0.584229	0.607849	0.001465	2.400448
128	9400	642	0.015000	-1 	 11 	9	0.000549	0.002747	0.000549	1.692394
128	9400	643	0.015000	-1 	 1 	16135	0.984802	0.984802	0.000000	0.000000
128	9400	644	0.015000	-1 	 10 	10	0.000610	0.001953	0.000610	1.618641
128	9400	645	0.015000	-1 	 8 	18	0.001099	0.002625	0.001099	1.879880
128	9400	646	0.015000	-1 	 0 	0	0.000000	0.000000	0.000000	0.000000
128	9400	647	0.015000	-1 	 9 	7	0.000427	0.001831	0.000427	1.142857
128	9400	648	0.015000	-1 	 112 	34	0.002075	0.031433	0.002075	3.371594
128	9400	649	0.015000	-1 	 204 	3066	0.187134	0.239380	0.187134	26.687086
128	9400	650	0.015000	-1 	 6 	13	0.000793	0.001709	0.000793	1.915369
128	9400	651	0.015000	-1 	 126 	1422	0.086792	0.125061	0.086792	19.314487
128	9400	652	0.015000	-1 	 160 	1683	0.102722	0.158203	0.102722	20.498657
128	9400	653	0.015000	-1 	 12 	14	0.000854	0.003723	0.000854	1.774249
128	9400	654	0.015000	-1 	 178 	3875	0.236511	0.284241	0.236511	28.808806
128	9400	655	0.015000	-1 	 19 	9	0.000549	0.003723	0.000549	1.378853
128	9400	656	0.015000	-1 	 101 	9606	0.586304	0.622131	0.003479	4.204015
128	9400	657	0.015000	-1 	 100 	107	0.006531	0.036133	0.006531	6.938168
128	9400	658	0.015000	-1 	 99 	121	0.007385	0.030334	0.007385	6.238471
128	9400	659	0.015000	-1 	 175 	2923	0.178406	0.230347	0.178406	25.777416
128	9400	660	0.015000	-1 	 4 	5	0.000305	0.000793	0.000305	0.979796
128	9400	661	0.015000	-1 	 1 	7	0.000427	0.000427	0.000427	1.428571
128	9400	662	0.015000	-1 	 1 	16041	0.979065	0.979065	0.000000	0.000000
128	9400	663	0.015000	-1 	 142 	140	0.008545	0.064575	0.008545	7.470129
128	9400	664	0.015000	-1 	 143 	7161	0.437073	0.477966	0.001892	3.493714
128	9400	665	0.015000	-1 	 163 	1089	0.066467	0.126160	0.066467	17.525639
128	9400	666	0.015000	-1 	 27 	16	0.000977	0.005615	0.000977	1.926379
128	9400	667	0.015000	-1 	 0 	0	0.000000	0.000000	0.000000	0.000000
128	9400	668	0.015000	-1 	 168 	2017	0.123108	0.174377	0.123108	22.192451
128	9400	669	0.015000	-1 	 166 	6327	0.386169	0.423401	0.001709	3.074749
128	9400	670	0.015000	-1 	 195 	2334	0.142456	0.211670	0.142456	22.610831
128	9400	671	0.015000	-1 	 0 	0	0.000000	0.000000	0.000000	0.000000
128	9400	672	0.015000	-1 	 80 	10586	0.646118	0.660950	0.001404	2.308855
128	9400	673	0.015000	-1 	 11 	13	0.000793	0.002319	0.000793	2.109432
128	9400	674	0.015000	-1 	 11 	11	0.000671	0.001831	0.000671	1.616035
128	9400	675	0.015000	-1 	 0 	0	0.000000	0.000000	0.000000	0.000000
128	9400	676	0.015000	-1 	 12 	9	0.000549	0.002319	0.000549	1.625415
128	9400	677	0.015000	-1 	 118 	67	0.004089	0.036316	0.004089	6.460946
128	9400	678	0.015000	-1 	 8 	7	0.000427	0.001282	0.000427	1.277753
128	9400	679	0.015000	-1 	 106 	7901	0.482239	0.511047	0.006775	2.921690
128	9400	680	0.015000	-1 	 22 	6	0.000366	0.004822	0.000366	1.166667
128	9400	681	0.015000	-1 	 51 	12	0.000732	0.010010	0.000732	1.911224
128	9400	682	0.015000	-1 	 11 	10	0.000610	0.001648	0.000610	1.449138
128	9400	683	0.015000	-1 	 175 	2236	0.136475	0.189453	0.136475	22.967199
128	9400	684	0.015000	-1 	 230 	2076	0.126709	0.205811	0.126709	23.336376
128	9400	685	0.015000	-1 	 95 	23	0.001404	0.018982	0.001404	2.355864
128	9400	686	0.015000	-1 	 32 	11	0.000671	0.005493	0.000671	1.579832
128	9400	687	0.015000	-1 	 181 	6068	0.370361	0.414307	0.370361	34.586012
128	9400	688	0.015000	-1 	 123 	6895	0.420837	0.446533	0.001587	2.606319
128	9400	689	0.015000	-1 	 109 	7474	0.456177	0.484863	0.002319	4.730991
128	9400	690	0.015000	-1 	 3 	10	0.000610	0.001038	0.000610	1.509967
128	9400	691	0.015000	-1 	 2 	14	0.000854	0.001038	0.000854	1.848883
128	9400	692	0.015000	-1 	 9 	12	0.000732	0.002258	0.000732	2.330355
128	9400	693	0.015000	-1 	 0 	0	0.000000	0.000000	0.000000	0.000000
128	9400	694	0.015000	-1 	 137 	1066	0.065063	0.112793	0.065063	16.953281
128	9400	695	0.015000	-1 	 3 	6	0.000366	0.000549	0.000366	0.971825
128	9400	696	0.015000	-1 	 68 	10118	0.617554	0.635803	0.002441	3.262572
128	9400	697	0.015000	-1 	 4 	11	0.000671	0.000916	0.000671	1.641406
128	9400	698	0.015000	-1 	 106 	8746	0.533813	0.556702	0.001526	2.615033
128	9400	699	0.015000	-1 	 179 	1781	0.108704	0.162659	0.108704	21.313502
128	9400	700	0.015000	-1 	 4 	5	0.000305	0.000610	0.000305	1.131371
128	9400	701	0.015000	-1 	 168 	745	0.045471	0.098511	0.045471	16.697228
128	9400	702	0.015000	-1 	 2 	2	0.000122	0.000244	0.000122	0.500000
128	9400	703	0.015000	-1 	 101 	42	0.002563	0.028809	0.002563	4.039628
128	9400	704	0.015000	-1 	 134 	1313	0.080139	0.120300	0.080139	18.609461
128	9400	705	0.015000	-1 	 11 	6	0.000366	0.001953	0.000366	0.971825
128	9400	706	0.015000	-1 	 72 	16	0.000977	0.011719	0.000977	1.916214
128	9400	707	0.015000	-1 	 18 	33	0.002014	0.004333	0.002014	2.523248
128	9400	708	0.015000	-1 	 97 	10015	0.611267	0.639954	0.002014	2.806591
128	9400	709	0.015000	-1 	 1 	16087	0.981873	0.981873	0.000000	0.000000
128	9400	710	0.015000	-1 	 169 	2165	0.132141	0.191223	0.132141	24.009874
128	9400	711	0.015000	-1 	 0 	0	0.000000	0.000000	0.000000	0.000000
128	9400	712	0.015000	-1 	 12 	10	0.000610	0.002502	0.000610	1.788854
128	9400	713	0.015000	-1 	 77 	16	0.000977	0.016602	0.000977	2.033893
128	9400	714	0.015000	-1 	 0 	0	0.000000	0.000000	0.000000	0.000000
128	9400	715	0.015000	-1 	 18 	7	0.000427	0.003845	0.000427	1.385051
128	9400	716	0.015000	-1 	 0 	0	0.000000	0.000000	0.000000	0.000000
128	9400	717	0.015000	-1 	 84 	17	0.001038	0.019104	0.001038	2.119280
128	9400	718	0.015000	-1 	 8 	6	0.000366	0.001160	0.000366	1.067187
128	9400	719	0.015000	-1 	 154 	3324	0.202881	0.252502	0.202881	26.771571
128	9400	720	0.015000	-1 	 42 	12	0.000732	0.006470	0.000732	1.516117
128	9400	721	0.015000	-1 	 2 	15504	0.946289	0.946350	0.000061	0.000000
128	9400	722	0.015000	-1 	 6 	5	0.000305	0.000671	0.000305	0.894427
128	9400	723	0.015000	-1 	 180 	4155	0.253601	0.297546	0.253601	29.374211
128	9400	724	0.015000	-1 	 27 	20	0.001221	0.006836	0.001221	2.610555
128	9400	725	0.015000	-1 	 129 	512	0.031250	0.085876	0.031250	13.854252
128	9400	726	0.015000	-1 	 1 	16171	0.987000	0.987000	0.000000	0.000000
128	9400	727	0.015000	-1 	 11 	9	0.000549	0.002258	0.000549	1.498971
128	9400	728	0.015000	-1 	 58 	16	0.000977	0.013550	0.000977	2.499219
128	9400	729	0.015000	-1 	 9 	11	0.000671	0.002502	0.000671	1.532027
128	9400	730	0.015000	-1 	 11 	5	0.000305	0.001770	0.000305	1.058301
128	9400	731	0.015000	-1 	 104 	9143	0.558044	0.587891	0.003479	5.090562
128	9400	732	0.015000	-1 	 35 	9	0.000549	0.006470	0.000549	1.457209
128	9400	733	0.015000	-1 	 127 	32	0.001953	0.030090	0.001953	3.850604
128	9400	734	0.015000	-1 	 0 	0	0.000000	0.000000	0.000000	0.000000
128	9400	735	0.015000	-1 	 164 	5178	0.316040	0.369202	0.007263	5.507543
128	9400	736	0.015000	-1 	 162 	99	0.006042	0.051086	0.006042	7.280159
128	9400	737	0.015000	-1 	 82 	11111	0.678162	0.697266	0.002625	3.628503
128	9400	738	0.015000	-1 	 0 	0	0.000000	0.000000	0.000000	0.000000
128	9400	739	0.015000	-1 	 202 	115	0.007019	0.067444	0.007019	6.277839
128	9400	740	0.015000	-1 	 0 	0	0.000000	0.000000	0.000000	0.000000
128	9400	741	0.015000	-1 	 47 	16	0.000977	0.009766	0.000977	2.027159
128	9400	742	0.015000	-1 	 139 	2478	0.151245	0.193237	0.151245	24.076162
128	9400	743	0.015000	-1 	 25 	14	0.000854	0.005371	0.000854	2.164180
128	9400	744	0.015000	-1 	 0 	0	0.000000	0.000000	0.000000	0.000000
128	9400	745	0.015000	-1 	 5 	6	0.000366	0.001221	0.000366	1.105542
128	9400	746	0.015000	-1 	 12 	8	0.000488	0.002136	0.000488	1.530931
128	9400	747	0.015000	-1 	 24 	9	0.000549	0.004944	0.000549	1.295767
128	9400	748	0.015000	-1 	 163 	3846	0.234741	0.283997	0.234741	28.299436
128	9400	749	0.015000	-1 	 177 	3970	0.242310	0.304382	0.242310	28.720814
128	9400	750	0.015000	-1 	 32 	13	0.000793	0.005676	0.000793	1.800723
128	9400	751	0.015000	-1 	 13 	7	0.000427	0.002075	0.000427	1.142857
128	9400	752	0.015000	-1 	 14 	6	0.000366	0.001953	0.000366	1.201850
128	9400	753	0.015000	-1 	 10 	10	0.000610	0.002197	0.000610	1.624808
128	9400	754	0.015000	-1 	 147 	3254	0.198608	0.236755	0.198608	27.235859
128	9400	755	0.015000	-1 	 119 	8412	0.513428	0.544250	0.001587	2.768697
128	9400	756	0.015000	-1 	 50 	12	0.000732	0.009521	0.000732	1.846543
128	9400	757	0.015000	-1 	 162 	3688	0.225098	0.273010	0.225098	27.904147
128	9400	758	0.015000	-1 	 29 	16	0.000977	0.005188	0.000977	1.870829
128	9400	759	0.015000	-1 	 184 	2348	0.143311	0.203369	0.143311	25.606655
128	9400	760	0.015000	-1 	 143 	5500	0.335693	0.377869	0.003052	5.071371
128	9400	761	0.015000	-1 	 146 	7169	0.437561	0.477905	0.002502	3.346356
128	9400	762	0.015000	-1 	 68 	17	0.001038	0.012817	0.001038	2.027493
128	9400	763	0.015000	-1 	 28 	14	0.000854	0.006897	0.000854	1.868100
128	9400	764	0.015000	-1 	 27 	12	0.000732	0.004822	0.000732	1.711887
128	9400	765	0.015000	-1 	 1 	16160	0.986328	0.986328	0.000000	0.000000
128	9400	766	0.015000	-1 	 12 	23	0.001404	0.002869	0.001404	2.726333
128	9400	767	0.015000	-1 	 5 	5	0.000305	0.000977	0.000305	1.058301
128	9400	768	0.015000	-1 	 152 	5519	0.336853	0.383057	0.003662	5.094223
128	9400	769	0.015000	-1 	 109 	8816	0.538086	0.561646	0.001709	2.559496
128	9400	770	0.015000	-1 	 7 	4	0.000244	0.000793	0.000244	0.935414
128	9400	771	0.015000	-1 	 17 	7	0.000427	0.002930	0.000427	1.428571
128	9400	772	0.015000	-1 	 130 	181	0.011047	0.053528	0.011047	8.768072
128	9400	773	0.015000	-1 	 14 	12	0.000732	0.002686	0.000732	1.780898
128	9400	774	0.015000	-1 	 50 	12799	0.781189	0.790833	0.001099	3.159886
128	9400	775	0.015000	-1 	 0 	0	0.000000	0.000000	0.000000	0.000000
128	9400	776	0.015000	-1 	 13 	12	0.000732	0.003601	0.000732	1.605113
128	9400	777	0.015000	-1 	 5 	6	0.000366	0.000916	0.000366	1.067187
128	9400	778	0.015000	-1 	 90 	10077	0.615051	0.637817	0.001770	3.391253
128	9400	779	0.015000	-1 	 1 	7	0.000427	0.000427	0.000427	1.142857
128	9400	780	0.015000	-1 	 1 	8	0.000488	0.000488	0.000488	1.479020
128	9400	781	0.015000	-1 	 3 	3	0.000183	0.000305	0.000183	0.816497
128	9400	782	0.015000	-1 	 140 	3154	0.192505	0.233337	0.192505	26.764582
128	9400	783	0.015000	-1 	 179 	3553	0.216858	0.268616	0.216858	27.637525
128	9400	784	0.015000	-1 	 34 	9	0.000549	0.004700	0.000549	1.257079
128	9400	785	0.015000	-1 	 11 	5	0.000305	0.001648	0.000305	1.019804
128	9400	786	0.015000	-1 	 175 	65	0.003967	0.058472	0.003967	4.335897
128	9400	787	0.015000	-1 	 2 	3	0.000183	0.000244	0.000183	0.816497
128	9400	788	0.015000	-1 	 27 	6	0.000366	0.004272	0.000366	1.424001
128	9400	789	0.015000	-1 	 2 	8	0.000488	0.000732	0.000488	1.311011
128	9400	790	0.015000	-1 	 28 	9	0.000549	0.005310	0.000549	1.770820
128	9400	791	0.015000	-1 	 174 	3474	0.212036	0.256409	0.212036	28.896193
128	9400	792	0.015000	-1 	 14 	8	0.000488	0.002502	0.000488	1.192424
128	9400	793	0.015000	-1 	 2 	8	0.000488	0.000732	0.000488	1.103970
128	9400	794	0.015000	-1 	 63 	12	0.000732	0.010925	0.000732	2.059868
128	9400	795	0.015000	-1 	 3 	11	0.000671	0.000854	0.000671	1.553455
128	9400	796	0.015000	-1 	 144 	1497	0.091370	0.136475	0.091370	18.726976
128	9400	797	0.015000	-1 	 0 	0	0.000000	0.000000	0.000000	0.000000
128	9400	798	0.015000	-1 	 125 	6473	0.395081	0.426941	0.001831	2.985335
128	9400	799	0.015000	-1 	 94 	55	0.003357	0.032104	0.003357	5.183126
128	9400	800	0.015000	-1 	 135 	1693	0.103333	0.155518	0.103333	19.911276
128	9400	801	0.015000	-1 	 4 	17	0.001038	0.001404	0.001038	2.520504
128	9400	802	0.015000	-1 	 31 	15	0.000916	0.008362	0.000916	2.116601
128	9400	803	0.015000	-1 	 24 	10	0.000610	0.003662	0.000610	1.615549
128	9400	804	0.015000	-1 	 1 	3	0.000183	0.000183	0.000183	0.666667
128	9400	805	0.015000	-1 	 59 	30	0.001831	0.012268	0.001831	3.419714
128	9400	806	0.015000	-1 	 103 	10307	0.629089	0.657104	0.002014	3.136327
128	9400	807	0.015000	-1 	 9 	12	0.000732	0.002197	0.000732	1.518406
128	9400	808	0.015000	-1 	 2 	1	0.000061	0.000122	0.000061	0.000000
128	9400	809	0.015000	-1 	 185 	916	0.055908	0.108276	0.055908	17.110984
128	9400	810	0.015000	-1 	 27 	12	0.000732	0.006775	0.000732	1.504623
128	9400	811	0.015000	-1 	 36 	13	0.000793	0.005981	0.000793	1.896743
128	9400	812	0.015000	-1 	 4 	6	0.000366	0.000977	0.000366	0.971825
128	9400	813	0.015000	-1 	 100 	9850	0.601196	0.628723	0.003357	4.368331
128	9400	814	0.015000	-1 	 101 	10770	0.657349	0.689392	0.002686	3.159663
128	9400	815	0.015000	-1 	 86 	29	0.001770	0.020020	0.001770	3.580566
128	9400	816	0.015000	-1 	 74 	15	0.000916	0.013367	0.000916	1.929882
128	9400	817	0.015000	-1 	 34 	14	0.000854	0.006226	0.000854	2.062790
128	9400	818	0.015000	-1 	 1 	16188	0.988037	0.988037	0.000000	0.000000
128	9400	819	0.015000	-1 	 19 	14074	0.859009	0.862427	0.000793	2.142829
128	9400	820	0.015000	-1 	 181 	5373	0.327942	0.379517	0.327942	33.827172
128	9400	821	0.015000	-1 	 2 	3	0.000183	0.000244	0.000183	0.816497
128	9400	822	0.015000	-1 	 1 	5	0.000305	0.000305	0.000305	0.894427
128	9400	823	0.015000	-1 	 15 	10	0.000610	0.002319	0.000610	1.330413
128	9400	824	0.015000	-1 	 14 	12	0.000732	0.003662	0.000732	1.956116
128	9400	825	0.015000	-1 	 86 	11510	0.702515	0.725769	0.002625	4.179452
128	9400	826	0.015000	-1 	 35 	12	0.000732	0.007874	0.000732	1.622327
128	9400	827	0.015000	-1 	 8 	6	0.000366	0.001709	0.000366	1.130388
128	9400	828	0.015000	-1 	 1 	1	0.000061	0.000061	0.000061	0.000000
128	9400	829	0.015000	-1 	 34 	8	0.000488	0.005493	0.000488	1.192424
128	9400	830	0.015000	-1 	 162 	5105	0.311584	0.354309	0.311584	31.873961
128	9400	831	0.015000	-1 	 1 	16140	0.985107	0.985107	0.000000	0.000000
128	9400	832	0.015000	-1 	 0 	0	0.000000	0.000000	0.000000	0.000000
128	9400	833	0.015000	-1 	 147 	106	0.006470	0.057800	0.006470	5.881665
128	9400	834	0.015000	-1 	 0 	0	0.000000	0.000000	0.000000	0.000000
128	9400	835	0.015000	-1 	 30 	11	0.000671	0.005371	0.000671	1.772144
128	9400	836	0.015000	-1 	 2 	6	0.000366	0.000610	0.000366	1.178511
128	9400	837	0.015000	-1 	 0 	0	0.000000	0.000000	0.000000	0.000000
128	9400	838	0.015000	-1 	 14 	12	0.000732	0.002197	0.000732	2.059868
128	9400	839	0.015000	-1 	 136 	3772	0.230225	0.268677	0.230225	28.228767
128	9400	840	0.015000	-1 	 147 	6968	0.425293	0.467651	0.003357	3.878741
128	9400	841	0.015000	-1 	 9 	15484	0.945068	0.945740	0.000183	0.666667
128	9400	842	0.015000	-1 	 31 	11	0.000671	0.005432	0.000671	1.564059
128	9400	843	0.015000	-1 	 1 	3	0.000183	0.000183	0.000183	0.666667
128	9400	844	0.015000	-1 	 13 	9	0.000549	0.002563	0.000549	1.314684
128	9400	845	0.015000	-1 	 45 	12	0.000732	0.008789	0.000732	1.525250
128	9400	846	0.015000	-1 	 13 	4	0.000244	0.001404	0.000244	0.829156
128	9400	847	0.015000	-1 	 2 	7	0.000427	0.000610	0.000427	1.142857
128	9400	848	0.015000	-1 	 26 	18	0.001099	0.005188	0.001099	2.028348
128	9400	849	0.015000	-1 	 6 	5	0.000305	0.001221	0.000305	1.019804
128	9400	850	0.015000	-1 	 15 	14752	0.900391	0.903381	0.001038	2.224432
128	9400	851	0.015000	-1 	 144 	8100	0.494385	0.537415	0.002197	3.068030
128	9400	852	0.015000	-1 	 4 	6	0.000366	0.000793	0.000366	1.166667
128	9400	853	0.015000	-1 	 2 	2	0.000122	0.000183	0.000122	0.500000
128	9400	854	0.015000	-1 	 97 	9261	0.565247	0.598816	0.003601	3.829533
128	9400	855	0.015000	-1 	 72 	12129	0.740295	0.756409	0.001648	3.350982
128	9400	856	0.015000	-1 	 162 	1863	0.113708	0.160950	0.113708	21.421934
128	9400	857	0.015000	-1 	 143 	3120	0.190430	0.233582	0.190430	26.597428
128	9400	858	0.015000	-1 	 144 	5810	0.354614	0.391479	0.001587	2.483377
128	9400	859	0.015000	-1 	 120 	9579	0.584656	0.614014	0.001770	2.985498
128	9400	860	0.015000	-1 	 61 	32	0.001953	0.016174	0.001953	3.613938
128	9400	861	0.015000	-1 	 2 	4	0.000244	0.000305	0.000244	0.866025
128	9400	862	0.015000	-1 	 190 	3518	0.214722	0.264893	0.214722	27.296509
128	9400	863	0.015000	-1 	 13 	7	0.000427	0.002502	0.000427	1.228904
128	9400	864	0.015000	-1 	 0 	0	0.000000	0.000000	0.000000	0.000000
128	9400	865	0.015000	-1 	 5 	15381	0.938782	0.939636	0.000488	1.391941
128	9400	866	0.015000	-1 	 3 	9	0.000549	0.000793	0.000549	1.405457
128	9400	867	0.015000	-1 	 64 	23	0.001404	0.012756	0.001404	2.778530
128	9400	868	0.015000	-1 	 3 	7	0.000427	0.000549	0.000427	1.178030
128	9400	869	0.015000	-1 	 16 	7	0.000427	0.003052	0.000427	1.525297
128	9400	870	0.015000	-1 	 13 	4	0.000244	0.001221	0.000244	1.118034
128	9400	871	0.015000	-1 	 20 	13	0.000793	0.003540	0.000793	2.029370
128	9400	872	0.015000	-1 	 1 	15775	0.962830	0.962830	0.000000	0.000000
128	9400	873	0.015000	-1 	 133 	7347	0.448425	0.484741	0.002991	3.911346
128	9400	874	0.015000	-1 	 39 	13	0.000793	0.010498	0.000793	2.156592
128	9400	875	0.015000	-1 	 1 	3	0.000183	0.000183	0.000183	0.666667
128	9400	876	0.015000	-1 	 158 	2818	0.171997	0.211792	0.171997	25.058181
128	9400	877	0.015000	-1 	 168 	2902	0.177124	0.219299	0.177124	25.879360
128	9400	878	0.015000	-1 	 181 	5158	0.314819	0.364685	0.314819	33.262061
128	9400	879	0.015000	-1 	 163 	582	0.035522	0.091736	0.035522	12.900967
128	9400	880	0.015000	-1 	 45 	17	0.001038	0.009338	0.001038	2.655542
128	9400	881	0.015000	-1 	 84 	22	0.001343	0.017639	0.001343	2.523034
128	9400	882	0.015000	-1 	 147 	8555	0.522156	0.564697	0.006287	5.958207
128	9400	883	0.015000	-1 	 12 	7	0.000427	0.002808	0.000427	1.124858
128	9400	884	0.015000	-1 	 0 	0	0.000000	0.000000	0.000000	0.000000
128	9400	885	0.015000	-1 	 24 	11	0.000671	0.005310	0.000671	1.329885
128	9400	886	0.015000	-1 	 0 	0	0.000000	0.000000	0.000000	0.000000
128	9400	887	0.015000	-1 	 150 	39	0.002380	0.042053	0.002380	3.248021
128	9400	888	0.015000	-1 	 14 	6	0.000366	0.002319	0.000366	1.178511
128	9400	889	0.015000	-1 	 0 	0	0.000000	0.000000	0.000000	0.000000
128	9400	890	0.015000	-1 	 213 	3405	0.207825	0.272705	0.207825	27.723645
128	9400	891	0.015000	-1 	 31 	19	0.001160	0.005798	0.001160	2.463023
128	9400	892	0.015000	-1 	 40 	15	0.000916	0.008606	0.000916	2.139574
128	9400	893	0.015000	-1 	 87 	9963	0.608093	0.631287	0.002197	3.648524
128	9400	894	0.015000	-1 	 51 	11218	0.684692	0.696655	0.001343	2.400499
128	9400	895	0.015000	-1 	 98 	26	0.001587	0.021912	0.001587	3.743238
128	9400	896	0.015000	-1 	 141 	222	0.013550	0.065491	0.013550	9.465634
128	9400	897	0.015000	-1 	 4 	3	0.000183	0.000427	0.000183	0.666667
128	9400	898	0.015000	-1 	 0 	0	0.000000	0.000000	0.000000	0.000000
128	9400	899	0.015000	-1 	 10 	8	0.000488	0.002075	0.000488	1.391941
128	9400	900	0.015000	-1 	 163 	364	0.022217	0.088074	0.022217	10.711398
128	9400	901	0.015000	-1 	 2 	5	0.000305	0.000427	0.000305	0.894427
128	9400	902	0.015000	-1 	 0 	0	0.000000	0.000000	0.000000	0.000000
128	9400	903	0.015000	-1 	 7 	2	0.000122	0.000549	0.000122	0.500000
128	9400	904	0.015000	-1 	 1 	16150	0.985718	0.985718	0.000000	0.000000
128	9400	905	0.015000	-1 	 0 	0	0.000000	0.000000	0.000000	0.000000
128	9400	906	0.015000	-1 	 118 	322	0.019653	0.057617	0.019653	11.096082
128	9400	907	0.015000	-1 	 179 	3899	0.237976	0.297546	0.237976	29.020736
128	9400	908	0.015000	-1 	 148 	2191	0.133728	0.182678	0.133728	22.754366
128	9400	909	0.015000	-1 	 187 	2394	0.146118	0.203064	0.146118	24.631136
128	9400	910	0.015000	-1 	 137 	4447	0.271423	0.309814	0.271423	30.666367
128	9400	911	0.015000	-1 	 98 	25	0.001526	0.024780	0.001526	3.568753
128	9400	912	0.015000	-1 	 60 	23	0.001404	0.015869	0.001404	2.608696
128	9400	913	0.015000	-1 	 47 	29	0.001770	0.011292	0.001770	3.988092
128	9400	914	0.015000	-1 	 168 	3319	0.202576	0.246155	0.202576	26.656965
128	9400	915	0.015000	-1 	 202 	5782	0.352905	0.411926	0.352905	34.405162
128	9400	916	0.015000	-1 	 4 	6	0.000366	0.000854	0.000366	1.201850
128	9400	917	0.015000	-1 	 1 	16131	0.984558	0.984558	0.000000	0.000000
128	9400	918	0.015000	-1 	 34 	15	0.000916	0.005554	0.000916	1.756259
128	9400	919	0.015000	-1 	 163 	2098	0.128052	0.177795	0.128052	22.534684
128	9400	920	0.015000	-1 	 197 	1648	0.100586	0.167358	0.100586	22.687998
128	9400	921	0.015000	-1 	 8 	9	0.000549	0.002197	0.000549	1.617802
128	9400	922	0.015000	-1 	 37 	12	0.000732	0.007874	0.000732	1.679120
128	9400	923	0.015000	-1 	 1 	16133	0.984680	0.984680	0.000000	0.000000
128	9400	924	0.015000	-1 	 14 	7	0.000427	0.002258	0.000427	1.228904
128	9400	925	0.015000	-1 	 3 	3	0.000183	0.000305	0.000183	0.666667
128	9400	926	0.015000	-1 	 100 	7350	0.448608	0.477295	0.002869	3.880165
128	9400	927	0.015000	-1 	 141 	283	0.017273	0.078369	0.017273	9.379246
128	9400	928	0.015000	-1 	 192 	2163	0.132019	0.193359	0.132019	26.220000
128	9400	929	0.015000	-1 	 120 	9996	0.610107	0.646179	0.002563	3.586476
128	9400	930	0.015000	-1 	 3 	5	0.000305	0.000671	0.000305	0.894427
128	9400	931	0.015000	-1 	 26 	10	0.000610	0.004761	0.000610	1.539480
128	9400	932	0.015000	-1 	 0 	0	0.000000	0.000000	0.000000	0.000000
128	9400	933	0.015000	-1 	 15 	10	0.000610	0.002502	0.000610	1.679286
128	9400	934	0.015000	-1 	 8 	15325	0.935364	0.937195	0.000488	1.201850
128	9400	935	0.015000	-1 	 39 	28	0.001709	0.009033	0.001709	3.510734
128	9400	936	0.015000	-1 	 142 	3390	0.206909	0.255249	0.206909	27.881073
128	9400	937	0.015000	-1 	 122 	502	0.030640	0.069458	0.030640	13.280558
128	9400	938	0.015000	-1 	 14 	6	0.000366	0.002441	0.000366	1.067187
128	9400	939	0.015000	-1 	 9 	4	0.000244	0.001160	0.000244	0.935414
128	9400	940	0.015000	-1 	 9 	9	0.000549	0.001953	0.000549	1.531561
128	9400	941	0.015000	-1 	 8 	5	0.000305	0.001160	0.000305	1.095445
128	9400	942	0.015000	-1 	 0 	0	0.000000	0.000000	0.000000	0.000000
128	9400	943	0.015000	-1 	 187 	4095	0.249939	0.306885	0.249939	28.982541
128	9400	944	0.015000	-1 	 0 	0	0.000000	0.000000	0.000000	0.000000
128	9400	945	0.015000	-1 	 9 	5	0.000305	0.001404	0.000305	0.894427
128	9400	946	0.015000	-1 	 152 	1659	0.101257	0.143250	0.101257	20.950184
128	9400	947	0.015000	-1 	 7 	13	0.000793	0.002319	0.000793	2.383374
128	9400	948	0.015000	-1 	 4 	6	0.000366	0.000671	0.000366	1.213352
128	9400	949	0.015000	-1 	 13 	7	0.000427	0.001831	0.000427	1.498298
128	9400	950	0.015000	-1 	 0 	0	0.000000	0.000000	0.000000	0.000000
128	9400	951	0.015000	-1 	 160 	3231	0.197205	0.240845	0.197205	27.040472
128	9400	952	0.015000	-1 	 8 	15014	0.916382	0.917480	0.000488	1.262438
128	9400	953	0.015000	-1 	 177 	1736	0.105957	0.154602	0.105957	21.376364
128	9400	954	0.015000	-1 	 163 	3021	0.184387	0.234985	0.184387	25.751266
128	9400	955	0.015000	-1 	 170 	4045	0.246887	0.293274	0.246887	29.493033
128	9400	956	0.015000	-1 	 3 	3	0.000183	0.000366	0.000183	0.816497
128	9400	957	0.015000	-1 	 111 	9953	0.607483	0.633972	0.001648	3.581311
128	9400	958	0.015000	-1 	 168 	5269	0.321594	0.380310	0.004150	4.426910
128	9400	959	0.015000	-1 	 7 	5	0.000305	0.000793	0.000305	1.131371
128	9400	960	0.015000	-1 	 169 	7481	0.456604	0.502441	0.004761	5.405895
128	9400	961	0.015000	-1 	 0 	0	0.000000	0.000000	0.000000	0.000000
128	9400	962	0.015000	-1 	 97 	9956	0.607666	0.630188	0.003906	4.337225
128	9400	963	0.015000	-1 	 6 	6	0.000366	0.001221	0.000366	1.201850
128	9400	964	0.015000	-1 	 45 	20	0.001221	0.008850	0.001221	2.366432
128	9400	965	0.015000	-1 	 0 	0	0.000000	0.000000	0.000000	0.000000
128	9400	966	0.015000	-1 	 0 	0	0.000000	0.000000	0.000000	0.000000
128	9400	967	0.015000	-1 	 133 	74	0.004517	0.038513	0.004517	5.557713
128	9400	968	0.015000	-1 	 19 	6	0.000366	0.002502	0.000366	1.384437
128	9400	969	0.015000	-1 	 161 	3887	0.237244	0.292664	0.237244	28.728616
128	9400	970	0.015000	-1 	 16 	6	0.000366	0.003174	0.000366	1.384437
128	9400	971	0.015000	-1 	 191 	6439	0.393005	0.452881	0.003784	4.532643
128	9400	972	0.015000	-1 	 3 	7	0.000427	0.000610	0.000427	1.324803
128	9400	973	0.015000	-1 	 68 	20	0.001221	0.015869	0.001221	2.235509
128	9400	974	0.015000	-1 	 179 	3277	0.200012	0.252014	0.200012	26.705856
128	9400	975	0.015000	-1 	 122 	9143	0.558044	0.585999	0.002075	3.078837
128	9400	976	0.015000	-1 	 1 	16126	0.984253	0.984253	0.000000	0.000000
128	9400	977	0.015000	-1 	 10 	4	0.000244	0.001404	0.000244	0.829156
128	9400	978	0.015000	-1 	 5 	10	0.000610	0.000916	0.000610	1.389244
128	9400	979	0.015000	-1 	 51 	10326	0.630249	0.645935	0.001465	3.394747
128	9400	980	0.015000	-1 	 9 	4	0.000244	0.001038	0.000244	0.866025
128	9400	981	0.015000	-1 	 1 	1	0.000061	0.000061	0.000061	0.000000
128	9400	982	0.015000	-1 	 123 	6636	0.405029	0.444641	0.004395	5.377082
128	9400	983	0.015000	-1 	 155 	90	0.005493	0.048950	0.005493	5.481281
128	9400	984	0.015000	-1 	 5 	5	0.000305	0.000793	0.000305	0.979796
128	9400	985	0.015000	-1 	 123 	8953	0.546448	0.570068	0.000854	1.901932
128	9400	986	0.015000	-1 	 144 	6731	0.410828	0.456360	0.003845	4.488781
128	9400	987	0.015000	-1 	 95 	9145	0.558167	0.586914	0.002686	4.425578
128	9400	988	0.015000	-1 	 105 	10858	0.662720	0.693237	0.002258	3.303716
128	9400	989	0.015000	-1 	 10 	15	0.000916	0.002930	0.000916	1.837873
128	9400	990	0.015000	-1 	 188 	4805	0.293274	0.344482	0.293274	32.521075
128	9400	991	0.015000	-1 	 149 	813	0.049622	0.097473	0.049622	16.411324
128	9400	992	0.015000	-1 	 16 	9	0.000549	0.003845	0.000549	1.396645
128	9400	993	0.015000	-1 	 18 	7	0.000427	0.003296	0.000427	1.277753
128	9400	994	0.015000	-1 	 115 	5422	0.330933	0.364441	0.002319	2.907627
128	9400	995	0.015000	-1 	 139 	730	0.044556	0.109436	0.044556	14.081570
128	9400	996	0.015000	-1 	 180 	1646	0.100464	0.154602	0.100464	21.055290
128	9400	997	0.015000	-1 	 0 	0	0.000000	0.000000	0.000000	0.000000
128	9400	998	0.015000	-1 	 131 	2077	0.126770	0.171021	0.126770	22.654599
128	9400	999	0.015000	-1 	 36 	13108	0.800049	0.807800	0.002075	3.324961
128	9400	1000	0.015000	-1 	 155 	4596	0.280518	0.318542	0.280518	30.727909
