128	9300	1	0.015000	3 	 164 	939	0.057312	0.112610	0.057312	16.290192
128	9300	2	0.015000	3 	 0 	0	0.000000	0.000000	0.000000	0.000000
128	9300	3	0.015000	3 	 0 	0	0.000000	0.000000	0.000000	0.000000
128	9300	4	0.015000	3 	 15 	6	0.000366	0.002014	0.000366	1.343710
128	9300	5	0.015000	3 	 1 	5	0.000305	0.000305	0.000305	1.232883
128	9300	6	0.015000	3 	 1 	11	0.000671	0.000671	0.000671	1.465865
128	9300	7	0.015000	3 	 2 	4	0.000244	0.000427	0.000244	0.935414
128	9300	8	0.015000	3 	 0 	0	0.000000	0.000000	0.000000	0.000000
128	9300	9	0.015000	3 	 15 	7	0.000427	0.002563	0.000427	1.340119
128	9300	10	0.015000	3 	 0 	0	0.000000	0.000000	0.000000	0.000000
128	9300	11	0.015000	3 	 3 	12	0.000732	0.001282	0.000732	1.956116
128	9300	12	0.015000	3 	 0 	0	0.000000	0.000000	0.000000	0.000000
128	9300	13	0.015000	3 	 1 	2	0.000122	0.000122	0.000122	0.500000
128	9300	14	0.015000	3 	 4 	4	0.000244	0.000488	0.000244	0.935414
128	9300	15	0.015000	3 	 0 	0	0.000000	0.000000	0.000000	0.000000
128	9300	16	0.015000	3 	 12 	6	0.000366	0.002136	0.000366	1.013794
128	9300	17	0.015000	3 	 10 	9	0.000549	0.001831	0.000549	1.324042
128	9300	18	0.015000	3 	 0 	0	0.000000	0.000000	0.000000	0.000000
128	9300	19	0.015000	3 	 0 	0	0.000000	0.000000	0.000000	0.000000
128	9300	20	0.015000	3 	 2 	4	0.000244	0.000305	0.000244	0.935414
128	9300	21	0.015000	3 	 34 	12	0.000732	0.006653	0.000732	1.769730
128	9300	22	0.015000	3 	 5 	7	0.000427	0.000854	0.000427	1.178030
128	9300	23	0.015000	3 	 19 	14	0.000854	0.003967	0.000854	2.086155
128	9300	24	0.015000	3 	 0 	0	0.000000	0.000000	0.000000	0.000000
128	9300	25	0.015000	3 	 1 	9	0.000549	0.000549	0.000549	1.351725
128	9300	26	0.015000	3 	 171 	6050	0.369263	0.410095	0.369263	34.348944
128	9300	27	0.015000	3 	 2 	9	0.000549	0.000671	0.000549	1.579186
128	9300	28	0.015000	3 	 4 	3	0.000183	0.000610	0.000183	0.666667
128	9300	29	0.015000	3 	 1 	2	0.000122	0.000122	0.000122	0.500000
128	9300	30	0.015000	3 	 0 	0	0.000000	0.000000	0.000000	0.000000
128	9300	31	0.015000	3 	 9 	8	0.000488	0.001282	0.000488	1.224745
128	9300	32	0.015000	3 	 0 	0	0.000000	0.000000	0.000000	0.000000
128	9300	33	0.015000	3 	 0 	0	0.000000	0.000000	0.000000	0.000000
128	9300	34	0.015000	3 	 0 	0	0.000000	0.000000	0.000000	0.000000
128	9300	35	0.015000	3 	 11 	5	0.000305	0.001770	0.000305	1.232883
128	9300	36	0.015000	3 	 9 	11	0.000671	0.002075	0.000671	1.743939
128	9300	37	0.015000	3 	 0 	0	0.000000	0.000000	0.000000	0.000000
128	9300	38	0.015000	3 	 1 	4	0.000244	0.000244	0.000244	0.707107
128	9300	39	0.015000	3 	 5 	7	0.000427	0.000916	0.000427	1.324803
128	9300	40	0.015000	3 	 2 	3	0.000183	0.000244	0.000183	0.816497
128	9300	41	0.015000	3 	 0 	0	0.000000	0.000000	0.000000	0.000000
128	9300	42	0.015000	3 	 1 	1	0.000061	0.000061	0.000061	0.000000
128	9300	43	0.015000	3 	 0 	0	0.000000	0.000000	0.000000	0.000000
128	9300	44	0.015000	3 	 0 	0	0.000000	0.000000	0.000000	0.000000
128	9300	45	0.015000	3 	 2 	9	0.000549	0.000732	0.000549	1.507184
128	9300	46	0.015000	3 	 0 	0	0.000000	0.000000	0.000000	0.000000
128	9300	47	0.015000	3 	 0 	0	0.000000	0.000000	0.000000	0.000000
128	9300	48	0.015000	3 	 2 	3	0.000183	0.000244	0.000183	0.816497
128	9300	49	0.015000	3 	 23 	24	0.001465	0.005371	0.001465	2.531743
128	9300	50	0.015000	3 	 0 	0	0.000000	0.000000	0.000000	0.000000
128	9300	51	0.015000	3 	 4 	9	0.000549	0.000916	0.000549	1.507184
128	9300	52	0.015000	3 	 136 	2234	0.136353	0.176636	0.136353	22.964846
128	9300	53	0.015000	3 	 0 	0	0.000000	0.000000	0.000000	0.000000
128	9300	54	0.015000	3 	 7 	5	0.000305	0.000977	0.000305	0.894427
128	9300	55	0.015000	3 	 0 	0	0.000000	0.000000	0.000000	0.000000
128	9300	56	0.015000	3 	 0 	0	0.000000	0.000000	0.000000	0.000000
128	9300	57	0.015000	3 	 0 	0	0.000000	0.000000	0.000000	0.000000
128	9300	58	0.015000	3 	 4 	6	0.000366	0.000854	0.000366	0.971825
128	9300	59	0.015000	3 	 1 	1	0.000061	0.000061	0.000061	0.000000
128	9300	60	0.015000	3 	 0 	0	0.000000	0.000000	0.000000	0.000000
128	9300	61	0.015000	3 	 5 	4	0.000244	0.000916	0.000244	0.935414
128	9300	62	0.015000	3 	 11 	7	0.000427	0.001709	0.000427	1.124858
128	9300	63	0.015000	3 	 7 	4	0.000244	0.000977	0.000244	1.118034
128	9300	64	0.015000	3 	 5 	6	0.000366	0.000793	0.000366	1.213352
128	9300	65	0.015000	3 	 2 	5	0.000305	0.000427	0.000305	1.019804
128	9300	66	0.015000	3 	 0 	0	0.000000	0.000000	0.000000	0.000000
128	9300	67	0.015000	3 	 0 	0	0.000000	0.000000	0.000000	0.000000
128	9300	68	0.015000	3 	 10 	9	0.000549	0.002014	0.000549	1.257079
128	9300	69	0.015000	3 	 1 	2	0.000122	0.000122	0.000122	0.500000
128	9300	70	0.015000	3 	 0 	0	0.000000	0.000000	0.000000	0.000000
128	9300	71	0.015000	3 	 101 	7906	0.482544	0.505859	0.001770	2.721299
128	9300	72	0.015000	3 	 0 	0	0.000000	0.000000	0.000000	0.000000
128	9300	73	0.015000	3 	 166 	5917	0.361145	0.407898	0.002625	3.493175
128	9300	74	0.015000	3 	 9 	3	0.000183	0.001099	0.000183	0.666667
128	9300	75	0.015000	3 	 1 	2	0.000122	0.000122	0.000122	0.500000
128	9300	76	0.015000	3 	 163 	1591	0.097107	0.144836	0.097107	20.569480
128	9300	77	0.015000	3 	 0 	0	0.000000	0.000000	0.000000	0.000000
128	9300	78	0.015000	3 	 0 	0	0.000000	0.000000	0.000000	0.000000
128	9300	79	0.015000	3 	 0 	0	0.000000	0.000000	0.000000	0.000000
128	9300	80	0.015000	3 	 3 	6	0.000366	0.000732	0.000366	1.384437
128	9300	81	0.015000	3 	 0 	0	0.000000	0.000000	0.000000	0.000000
128	9300	82	0.015000	3 	 0 	0	0.000000	0.000000	0.000000	0.000000
128	9300	83	0.015000	3 	 6 	10	0.000610	0.001160	0.000610	1.360147
128	9300	84	0.015000	3 	 0 	0	0.000000	0.000000	0.000000	0.000000
128	9300	85	0.015000	3 	 144 	2714	0.165649	0.206055	0.165649	24.336820
128	9300	86	0.015000	3 	 3 	10	0.000610	0.000732	0.000610	1.791647
128	9300	87	0.015000	3 	 8 	7	0.000427	0.001465	0.000427	1.628822
128	9300	88	0.015000	3 	 157 	7181	0.438293	0.477417	0.001953	3.009101
128	9300	89	0.015000	3 	 0 	0	0.000000	0.000000	0.000000	0.000000
128	9300	90	0.015000	3 	 0 	0	0.000000	0.000000	0.000000	0.000000
128	9300	91	0.015000	3 	 2 	1	0.000061	0.000122	0.000061	0.000000
128	9300	92	0.015000	3 	 15 	14	0.000854	0.002869	0.000854	2.066497
128	9300	93	0.015000	3 	 0 	0	0.000000	0.000000	0.000000	0.000000
128	9300	94	0.015000	3 	 16 	14	0.000854	0.004578	0.000854	2.120117
128	9300	95	0.015000	3 	 4 	17	0.001038	0.001770	0.001038	2.235294
128	9300	96	0.015000	3 	 3 	8	0.000488	0.000732	0.000488	1.357848
128	9300	97	0.015000	3 	 0 	0	0.000000	0.000000	0.000000	0.000000
128	9300	98	0.015000	3 	 6 	9	0.000549	0.001099	0.000549	1.448712
128	9300	99	0.015000	3 	 0 	0	0.000000	0.000000	0.000000	0.000000
128	9300	100	0.015000	3 	 2 	8	0.000488	0.000916	0.000488	1.403122
128	9300	101	0.015000	3 	 0 	0	0.000000	0.000000	0.000000	0.000000
128	9300	102	0.015000	3 	 4 	4	0.000244	0.000427	0.000244	0.829156
128	9300	103	0.015000	3 	 0 	0	0.000000	0.000000	0.000000	0.000000
128	9300	104	0.015000	3 	 53 	15	0.000916	0.010986	0.000916	2.270585
128	9300	105	0.015000	3 	 0 	0	0.000000	0.000000	0.000000	0.000000
128	9300	106	0.015000	3 	 0 	0	0.000000	0.000000	0.000000	0.000000
128	9300	107	0.015000	3 	 0 	0	0.000000	0.000000	0.000000	0.000000
128	9300	108	0.015000	3 	 0 	0	0.000000	0.000000	0.000000	0.000000
128	9300	109	0.015000	3 	 12 	4	0.000244	0.001709	0.000244	1.118034
128	9300	110	0.015000	3 	 8 	23	0.001404	0.002747	0.001404	2.353455
128	9300	111	0.015000	3 	 1 	6	0.000366	0.000366	0.000366	1.013794
128	9300	112	0.015000	3 	 3 	2	0.000122	0.000244	0.000122	0.500000
128	9300	113	0.015000	3 	 5 	7	0.000427	0.001160	0.000427	1.293626
128	9300	114	0.015000	3 	 3 	3	0.000183	0.000366	0.000183	0.666667
128	9300	115	0.015000	3 	 0 	0	0.000000	0.000000	0.000000	0.000000
128	9300	116	0.015000	3 	 0 	0	0.000000	0.000000	0.000000	0.000000
128	9300	117	0.015000	3 	 0 	0	0.000000	0.000000	0.000000	0.000000
128	9300	118	0.015000	3 	 6 	7	0.000427	0.001709	0.000427	1.087968
128	9300	119	0.015000	3 	 7 	7	0.000427	0.001221	0.000427	1.212183
128	9300	120	0.015000	3 	 0 	0	0.000000	0.000000	0.000000	0.000000
128	9300	121	0.015000	3 	 0 	0	0.000000	0.000000	0.000000	0.000000
128	9300	122	0.015000	3 	 3 	8	0.000488	0.000610	0.000488	1.391941
128	9300	123	0.015000	3 	 0 	0	0.000000	0.000000	0.000000	0.000000
128	9300	124	0.015000	3 	 43 	22	0.001343	0.007751	0.001343	2.608394
128	9300	125	0.015000	3 	 0 	0	0.000000	0.000000	0.000000	0.000000
128	9300	126	0.015000	3 	 5 	3	0.000183	0.000427	0.000183	0.666667
128	9300	127	0.015000	3 	 11 	10	0.000610	0.002747	0.000610	1.618641
128	9300	128	0.015000	3 	 0 	0	0.000000	0.000000	0.000000	0.000000
128	9300	129	0.015000	3 	 3 	9	0.000549	0.000916	0.000549	1.852592
128	9300	130	0.015000	3 	 0 	0	0.000000	0.000000	0.000000	0.000000
128	9300	131	0.015000	3 	 0 	0	0.000000	0.000000	0.000000	0.000000
128	9300	132	0.015000	3 	 38 	12	0.000732	0.008789	0.000732	2.099934
128	9300	133	0.015000	3 	 6 	5	0.000305	0.000916	0.000305	1.213352
128	9300	134	0.015000	3 	 4 	15	0.000916	0.001221	0.000916	2.093376
128	9300	135	0.015000	3 	 0 	0	0.000000	0.000000	0.000000	0.000000
128	9300	136	0.015000	3 	 10 	9	0.000549	0.001831	0.000549	1.351725
128	9300	137	0.015000	3 	 8 	3	0.000183	0.000732	0.000183	0.666667
128	9300	138	0.015000	3 	 0 	0	0.000000	0.000000	0.000000	0.000000
128	9300	139	0.015000	3 	 0 	0	0.000000	0.000000	0.000000	0.000000
128	9300	140	0.015000	3 	 0 	0	0.000000	0.000000	0.000000	0.000000
128	9300	141	0.015000	3 	 143 	4948	0.302002	0.342163	0.302002	31.574474
128	9300	142	0.015000	3 	 1 	1	0.000061	0.000061	0.000061	0.000000
128	9300	143	0.015000	3 	 0 	0	0.000000	0.000000	0.000000	0.000000
128	9300	144	0.015000	3 	 1 	8	0.000488	0.000488	0.000488	1.322876
128	9300	145	0.015000	3 	 3 	3	0.000183	0.000427	0.000183	0.666667
128	9300	146	0.015000	3 	 3 	6	0.000366	0.000793	0.000366	1.258306
128	9300	147	0.015000	3 	 3 	6	0.000366	0.000488	0.000366	1.384437
128	9300	148	0.015000	3 	 0 	0	0.000000	0.000000	0.000000	0.000000
128	9300	149	0.015000	3 	 0 	0	0.000000	0.000000	0.000000	0.000000
128	9300	150	0.015000	3 	 2 	3	0.000183	0.000244	0.000183	0.666667
128	9300	151	0.015000	3 	 0 	0	0.000000	0.000000	0.000000	0.000000
128	9300	152	0.015000	3 	 0 	0	0.000000	0.000000	0.000000	0.000000
128	9300	153	0.015000	3 	 0 	0	0.000000	0.000000	0.000000	0.000000
128	9300	154	0.015000	3 	 0 	0	0.000000	0.000000	0.000000	0.000000
128	9300	155	0.015000	3 	 1 	2	0.000122	0.000122	0.000122	0.500000
128	9300	156	0.015000	3 	 0 	0	0.000000	0.000000	0.000000	0.000000
128	9300	157	0.015000	3 	 0 	0	0.000000	0.000000	0.000000	0.000000
128	9300	158	0.015000	3 	 3 	5	0.000305	0.000671	0.000305	0.894427
128	9300	159	0.015000	3 	 0 	0	0.000000	0.000000	0.000000	0.000000
128	9300	160	0.015000	3 	 0 	0	0.000000	0.000000	0.000000	0.000000
128	9300	161	0.015000	3 	 10 	20	0.001221	0.003540	0.001221	2.188036
128	9300	162	0.015000	3 	 1 	1	0.000061	0.000061	0.000061	0.000000
128	9300	163	0.015000	3 	 0 	0	0.000000	0.000000	0.000000	0.000000
128	9300	164	0.015000	3 	 42 	9	0.000549	0.006104	0.000549	1.369870
128	9300	165	0.015000	3 	 14 	8	0.000488	0.002747	0.000488	1.357848
128	9300	166	0.015000	3 	 3 	3	0.000183	0.000305	0.000183	0.666667
128	9300	167	0.015000	3 	 2 	4	0.000244	0.000427	0.000244	0.866025
128	9300	168	0.015000	3 	 0 	0	0.000000	0.000000	0.000000	0.000000
128	9300	169	0.015000	3 	 0 	0	0.000000	0.000000	0.000000	0.000000
128	9300	170	0.015000	3 	 5 	5	0.000305	0.000916	0.000305	0.894427
128	9300	171	0.015000	3 	 0 	0	0.000000	0.000000	0.000000	0.000000
128	9300	172	0.015000	3 	 4 	4	0.000244	0.000732	0.000244	0.866025
128	9300	173	0.015000	3 	 1 	6	0.000366	0.000366	0.000366	1.424001
128	9300	174	0.015000	3 	 9 	5	0.000305	0.001465	0.000305	0.894427
128	9300	175	0.015000	3 	 0 	0	0.000000	0.000000	0.000000	0.000000
128	9300	176	0.015000	3 	 1 	5	0.000305	0.000305	0.000305	0.894427
128	9300	177	0.015000	3 	 8 	12	0.000732	0.002197	0.000732	1.728037
128	9300	178	0.015000	3 	 2 	8	0.000488	0.000671	0.000488	1.536026
128	9300	179	0.015000	3 	 0 	0	0.000000	0.000000	0.000000	0.000000
128	9300	180	0.015000	3 	 6 	9	0.000549	0.001038	0.000549	1.482407
128	9300	181	0.015000	3 	 0 	0	0.000000	0.000000	0.000000	0.000000
128	9300	182	0.015000	3 	 99 	45	0.002747	0.028076	0.002747	3.426837
128	9300	183	0.015000	3 	 2 	5	0.000305	0.000366	0.000305	0.894427
128	9300	184	0.015000	3 	 0 	0	0.000000	0.000000	0.000000	0.000000
128	9300	185	0.015000	3 	 0 	0	0.000000	0.000000	0.000000	0.000000
128	9300	186	0.015000	3 	 0 	0	0.000000	0.000000	0.000000	0.000000
128	9300	187	0.015000	3 	 0 	0	0.000000	0.000000	0.000000	0.000000
128	9300	188	0.015000	3 	 0 	0	0.000000	0.000000	0.000000	0.000000
128	9300	189	0.015000	3 	 0 	0	0.000000	0.000000	0.000000	0.000000
128	9300	190	0.015000	3 	 9 	5	0.000305	0.001526	0.000305	0.979796
128	9300	191	0.015000	3 	 3 	2	0.000122	0.000305	0.000122	0.500000
128	9300	192	0.015000	3 	 4 	5	0.000305	0.000488	0.000305	0.979796
128	9300	193	0.015000	3 	 0 	0	0.000000	0.000000	0.000000	0.000000
128	9300	194	0.015000	3 	 0 	0	0.000000	0.000000	0.000000	0.000000
128	9300	195	0.015000	3 	 3 	4	0.000244	0.000366	0.000244	0.707107
128	9300	196	0.015000	3 	 8 	15	0.000916	0.002014	0.000916	2.339991
128	9300	197	0.015000	3 	 9 	6	0.000366	0.001404	0.000366	1.394433
128	9300	198	0.015000	3 	 5 	12	0.000732	0.002136	0.000732	1.934698
128	9300	199	0.015000	3 	 0 	0	0.000000	0.000000	0.000000	0.000000
128	9300	200	0.015000	3 	 5 	12	0.000732	0.001709	0.000732	1.611590
128	9300	201	0.015000	3 	 0 	0	0.000000	0.000000	0.000000	0.000000
128	9300	202	0.015000	3 	 2 	10	0.000610	0.000793	0.000610	1.330413
128	9300	203	0.015000	3 	 2 	2	0.000122	0.000244	0.000122	0.500000
128	9300	204	0.015000	3 	 3 	2	0.000122	0.000244	0.000122	0.500000
128	9300	205	0.015000	3 	 10 	11	0.000671	0.002747	0.000671	1.526623
128	9300	206	0.015000	3 	 0 	0	0.000000	0.000000	0.000000	0.000000
128	9300	207	0.015000	3 	 5 	4	0.000244	0.000793	0.000244	0.707107
128	9300	208	0.015000	3 	 0 	0	0.000000	0.000000	0.000000	0.000000
128	9300	209	0.015000	3 	 5 	6	0.000366	0.000732	0.000366	1.118034
128	9300	210	0.015000	3 	 0 	0	0.000000	0.000000	0.000000	0.000000
128	9300	211	0.015000	3 	 9 	5	0.000305	0.001282	0.000305	0.894427
128	9300	212	0.015000	3 	 1 	3	0.000183	0.000183	0.000183	0.816497
128	9300	213	0.015000	3 	 0 	0	0.000000	0.000000	0.000000	0.000000
128	9300	214	0.015000	3 	 0 	0	0.000000	0.000000	0.000000	0.000000
128	9300	215	0.015000	3 	 3 	3	0.000183	0.000305	0.000183	0.666667
128	9300	216	0.015000	3 	 0 	0	0.000000	0.000000	0.000000	0.000000
128	9300	217	0.015000	3 	 3 	11	0.000671	0.000854	0.000671	1.408358
128	9300	218	0.015000	3 	 2 	3	0.000183	0.000305	0.000183	0.666667
128	9300	219	0.015000	3 	 2 	1	0.000061	0.000122	0.000061	0.000000
128	9300	220	0.015000	3 	 0 	0	0.000000	0.000000	0.000000	0.000000
128	9300	221	0.015000	3 	 1 	1	0.000061	0.000061	0.000061	0.000000
128	9300	222	0.015000	3 	 0 	0	0.000000	0.000000	0.000000	0.000000
128	9300	223	0.015000	3 	 2 	5	0.000305	0.000427	0.000305	0.894427
128	9300	224	0.015000	3 	 8 	10	0.000610	0.001282	0.000610	1.780449
128	9300	225	0.015000	3 	 0 	0	0.000000	0.000000	0.000000	0.000000
128	9300	226	0.015000	3 	 13 	7	0.000427	0.002258	0.000427	1.160577
128	9300	227	0.015000	3 	 0 	0	0.000000	0.000000	0.000000	0.000000
128	9300	228	0.015000	3 	 0 	0	0.000000	0.000000	0.000000	0.000000
128	9300	229	0.015000	3 	 0 	0	0.000000	0.000000	0.000000	0.000000
128	9300	230	0.015000	3 	 5 	6	0.000366	0.000732	0.000366	1.130388
128	9300	231	0.015000	3 	 1 	2	0.000122	0.000122	0.000122	0.500000
128	9300	232	0.015000	3 	 0 	0	0.000000	0.000000	0.000000	0.000000
128	9300	233	0.015000	3 	 10 	8	0.000488	0.002136	0.000488	1.515544
128	9300	234	0.015000	3 	 3 	5	0.000305	0.000427	0.000305	0.979796
128	9300	235	0.015000	3 	 0 	0	0.000000	0.000000	0.000000	0.000000
128	9300	236	0.015000	3 	 14 	17	0.001038	0.003357	0.001038	2.189942
128	9300	237	0.015000	3 	 7 	9	0.000549	0.001831	0.000549	1.405457
128	9300	238	0.015000	3 	 0 	0	0.000000	0.000000	0.000000	0.000000
128	9300	239	0.015000	3 	 0 	0	0.000000	0.000000	0.000000	0.000000
128	9300	240	0.015000	3 	 0 	0	0.000000	0.000000	0.000000	0.000000
128	9300	241	0.015000	3 	 5 	7	0.000427	0.001099	0.000427	1.370238
128	9300	242	0.015000	3 	 9 	5	0.000305	0.001770	0.000305	0.894427
128	9300	243	0.015000	3 	 12 	5	0.000305	0.001831	0.000305	1.095445
128	9300	244	0.015000	3 	 12 	7	0.000427	0.001526	0.000427	1.212183
128	9300	245	0.015000	3 	 1 	2	0.000122	0.000122	0.000122	0.500000
128	9300	246	0.015000	3 	 2 	2	0.000122	0.000183	0.000122	0.500000
128	9300	247	0.015000	3 	 0 	0	0.000000	0.000000	0.000000	0.000000
128	9300	248	0.015000	3 	 0 	0	0.000000	0.000000	0.000000	0.000000
128	9300	249	0.015000	3 	 0 	0	0.000000	0.000000	0.000000	0.000000
128	9300	250	0.015000	3 	 18 	12	0.000732	0.004272	0.000732	1.641476
128	9300	251	0.015000	3 	 7 	10	0.000610	0.002014	0.000610	1.565248
128	9300	252	0.015000	3 	 0 	0	0.000000	0.000000	0.000000	0.000000
128	9300	253	0.015000	3 	 4 	3	0.000183	0.000366	0.000183	0.816497
128	9300	254	0.015000	3 	 0 	0	0.000000	0.000000	0.000000	0.000000
128	9300	255	0.015000	3 	 68 	24	0.001465	0.014648	0.001465	2.681923
128	9300	256	0.015000	3 	 2 	5	0.000305	0.000366	0.000305	0.894427
128	9300	257	0.015000	3 	 0 	0	0.000000	0.000000	0.000000	0.000000
128	9300	258	0.015000	3 	 0 	0	0.000000	0.000000	0.000000	0.000000
128	9300	259	0.015000	3 	 108 	22	0.001343	0.027283	0.001343	2.714363
128	9300	260	0.015000	3 	 0 	0	0.000000	0.000000	0.000000	0.000000
128	9300	261	0.015000	3 	 7 	6	0.000366	0.000916	0.000366	0.957427
128	9300	262	0.015000	3 	 1 	2	0.000122	0.000122	0.000122	0.500000
128	9300	263	0.015000	3 	 0 	0	0.000000	0.000000	0.000000	0.000000
128	9300	264	0.015000	3 	 7 	5	0.000305	0.001038	0.000305	1.232883
128	9300	265	0.015000	3 	 22 	17	0.001038	0.006226	0.001038	2.609538
128	9300	266	0.015000	3 	 3 	2	0.000122	0.000305	0.000122	0.500000
128	9300	267	0.015000	3 	 1 	9	0.000549	0.000549	0.000549	1.670366
128	9300	268	0.015000	3 	 154 	478	0.029175	0.083313	0.029175	12.860021
128	9300	269	0.015000	3 	 61 	19	0.001160	0.012756	0.001160	2.070770
128	9300	270	0.015000	3 	 8 	5	0.000305	0.001160	0.000305	1.019804
128	9300	271	0.015000	3 	 82 	36	0.002197	0.022644	0.002197	4.106134
128	9300	272	0.015000	3 	 92 	19	0.001160	0.019897	0.001160	2.221776
128	9300	273	0.015000	3 	 9 	5	0.000305	0.001465	0.000305	0.894427
128	9300	274	0.015000	3 	 1 	10	0.000610	0.000610	0.000610	1.627882
128	9300	275	0.015000	3 	 0 	0	0.000000	0.000000	0.000000	0.000000
128	9300	276	0.015000	3 	 0 	0	0.000000	0.000000	0.000000	0.000000
128	9300	277	0.015000	3 	 10 	4	0.000244	0.001465	0.000244	0.829156
128	9300	278	0.015000	3 	 0 	0	0.000000	0.000000	0.000000	0.000000
128	9300	279	0.015000	3 	 5 	5	0.000305	0.000610	0.000305	1.131371
128	9300	280	0.015000	3 	 9 	7	0.000427	0.001770	0.000427	1.228904
128	9300	281	0.015000	3 	 5 	5	0.000305	0.000977	0.000305	0.979796
128	9300	282	0.015000	3 	 5 	6	0.000366	0.000977	0.000366	1.536591
128	9300	283	0.015000	3 	 0 	0	0.000000	0.000000	0.000000	0.000000
128	9300	284	0.015000	3 	 0 	0	0.000000	0.000000	0.000000	0.000000
128	9300	285	0.015000	3 	 1 	3	0.000183	0.000183	0.000183	0.666667
128	9300	286	0.015000	3 	 0 	0	0.000000	0.000000	0.000000	0.000000
128	9300	287	0.015000	3 	 0 	0	0.000000	0.000000	0.000000	0.000000
128	9300	288	0.015000	3 	 3 	9	0.000549	0.000977	0.000549	1.196703
128	9300	289	0.015000	3 	 0 	0	0.000000	0.000000	0.000000	0.000000
128	9300	290	0.015000	3 	 2 	2	0.000122	0.000183	0.000122	0.500000
128	9300	291	0.015000	3 	 16 	5	0.000305	0.001953	0.000305	0.979796
128	9300	292	0.015000	3 	 9 	8	0.000488	0.001343	0.000488	1.218349
128	9300	293	0.015000	3 	 2 	2	0.000122	0.000244	0.000122	0.500000
128	9300	294	0.015000	3 	 0 	0	0.000000	0.000000	0.000000	0.000000
128	9300	295	0.015000	3 	 0 	0	0.000000	0.000000	0.000000	0.000000
128	9300	296	0.015000	3 	 0 	0	0.000000	0.000000	0.000000	0.000000
128	9300	297	0.015000	3 	 2 	4	0.000244	0.000366	0.000244	0.866025
128	9300	298	0.015000	3 	 8 	7	0.000427	0.001465	0.000427	1.228904
128	9300	299	0.015000	3 	 6 	4	0.000244	0.000793	0.000244	0.935414
128	9300	300	0.015000	3 	 1 	4	0.000244	0.000244	0.000244	0.935414
128	9300	301	0.015000	3 	 0 	0	0.000000	0.000000	0.000000	0.000000
128	9300	302	0.015000	3 	 166 	101	0.006165	0.057617	0.006165	6.204090
128	9300	303	0.015000	3 	 5 	10	0.000610	0.001587	0.000610	1.673320
128	9300	304	0.015000	3 	 3 	11	0.000671	0.000916	0.000671	1.558766
128	9300	305	0.015000	3 	 30 	16	0.000977	0.006775	0.000977	1.831794
128	9300	306	0.015000	3 	 1 	1	0.000061	0.000061	0.000061	0.000000
128	9300	307	0.015000	3 	 0 	0	0.000000	0.000000	0.000000	0.000000
128	9300	308	0.015000	3 	 1 	1	0.000061	0.000061	0.000061	0.000000
128	9300	309	0.015000	3 	 0 	0	0.000000	0.000000	0.000000	0.000000
128	9300	310	0.015000	3 	 18 	3	0.000183	0.001892	0.000183	0.666667
128	9300	311	0.015000	3 	 0 	0	0.000000	0.000000	0.000000	0.000000
128	9300	312	0.015000	3 	 7 	9	0.000549	0.001282	0.000549	1.257079
128	9300	313	0.015000	3 	 7 	8	0.000488	0.002075	0.000488	1.403122
128	9300	314	0.015000	3 	 0 	0	0.000000	0.000000	0.000000	0.000000
128	9300	315	0.015000	3 	 0 	0	0.000000	0.000000	0.000000	0.000000
128	9300	316	0.015000	3 	 0 	0	0.000000	0.000000	0.000000	0.000000
128	9300	317	0.015000	3 	 0 	0	0.000000	0.000000	0.000000	0.000000
128	9300	318	0.015000	3 	 0 	0	0.000000	0.000000	0.000000	0.000000
128	9300	319	0.015000	3 	 0 	0	0.000000	0.000000	0.000000	0.000000
128	9300	320	0.015000	3 	 0 	0	0.000000	0.000000	0.000000	0.000000
128	9300	321	0.015000	3 	 10 	8	0.000488	0.001648	0.000488	1.198958
128	9300	322	0.015000	3 	 1 	4	0.000244	0.000244	0.000244	0.829156
128	9300	323	0.015000	3 	 0 	0	0.000000	0.000000	0.000000	0.000000
128	9300	324	0.015000	3 	 5 	7	0.000427	0.001709	0.000427	1.293626
128	9300	325	0.015000	3 	 162 	2474	0.151001	0.200195	0.151001	23.703584
128	9300	326	0.015000	3 	 0 	0	0.000000	0.000000	0.000000	0.000000
128	9300	327	0.015000	3 	 1 	15	0.000916	0.000916	0.000916	2.237062
128	9300	328	0.015000	3 	 4 	9	0.000549	0.001099	0.000549	1.448712
128	9300	329	0.015000	3 	 5 	6	0.000366	0.000977	0.000366	1.067187
128	9300	330	0.015000	3 	 1 	4	0.000244	0.000244	0.000244	0.935414
128	9300	331	0.015000	3 	 4 	3	0.000183	0.000549	0.000183	0.666667
128	9300	332	0.015000	3 	 1 	1	0.000061	0.000061	0.000061	0.000000
128	9300	333	0.015000	3 	 13 	9	0.000549	0.003052	0.000549	1.685083
128	9300	334	0.015000	3 	 4 	3	0.000183	0.000610	0.000183	0.666667
128	9300	335	0.015000	3 	 0 	0	0.000000	0.000000	0.000000	0.000000
128	9300	336	0.015000	3 	 0 	0	0.000000	0.000000	0.000000	0.000000
128	9300	337	0.015000	3 	 2 	3	0.000183	0.000366	0.000183	0.666667
128	9300	338	0.015000	3 	 1 	13	0.000793	0.000793	0.000793	1.674734
128	9300	339	0.015000	3 	 5 	6	0.000366	0.000916	0.000366	1.166667
128	9300	340	0.015000	3 	 0 	0	0.000000	0.000000	0.000000	0.000000
128	9300	341	0.015000	3 	 0 	0	0.000000	0.000000	0.000000	0.000000
128	9300	342	0.015000	3 	 0 	0	0.000000	0.000000	0.000000	0.000000
128	9300	343	0.015000	3 	 2 	6	0.000366	0.000427	0.000366	1.384437
128	9300	344	0.015000	3 	 0 	0	0.000000	0.000000	0.000000	0.000000
128	9300	345	0.015000	3 	 0 	0	0.000000	0.000000	0.000000	0.000000
128	9300	346	0.015000	3 	 0 	0	0.000000	0.000000	0.000000	0.000000
128	9300	347	0.015000	3 	 0 	0	0.000000	0.000000	0.000000	0.000000
128	9300	348	0.015000	3 	 0 	0	0.000000	0.000000	0.000000	0.000000
128	9300	349	0.015000	3 	 0 	0	0.000000	0.000000	0.000000	0.000000
128	9300	350	0.015000	3 	 2 	3	0.000183	0.000244	0.000183	0.666667
128	9300	351	0.015000	3 	 0 	0	0.000000	0.000000	0.000000	0.000000
128	9300	352	0.015000	3 	 0 	0	0.000000	0.000000	0.000000	0.000000
128	9300	353	0.015000	3 	 10 	9	0.000549	0.002502	0.000549	1.378853
128	9300	354	0.015000	3 	 0 	0	0.000000	0.000000	0.000000	0.000000
128	9300	355	0.015000	3 	 5 	20	0.001221	0.001587	0.001221	2.185177
128	9300	356	0.015000	3 	 0 	0	0.000000	0.000000	0.000000	0.000000
128	9300	357	0.015000	3 	 0 	0	0.000000	0.000000	0.000000	0.000000
128	9300	358	0.015000	3 	 0 	0	0.000000	0.000000	0.000000	0.000000
128	9300	359	0.015000	3 	 0 	0	0.000000	0.000000	0.000000	0.000000
128	9300	360	0.015000	3 	 47 	14	0.000854	0.011353	0.000854	2.134508
128	9300	361	0.015000	3 	 0 	0	0.000000	0.000000	0.000000	0.000000
128	9300	362	0.015000	3 	 0 	0	0.000000	0.000000	0.000000	0.000000
128	9300	363	0.015000	3 	 0 	0	0.000000	0.000000	0.000000	0.000000
128	9300	364	0.015000	3 	 0 	0	0.000000	0.000000	0.000000	0.000000
128	9300	365	0.015000	3 	 0 	0	0.000000	0.000000	0.000000	0.000000
128	9300	366	0.015000	3 	 4 	13	0.000793	0.001160	0.000793	1.958142
128	9300	367	0.015000	3 	 0 	0	0.000000	0.000000	0.000000	0.000000
128	9300	368	0.015000	3 	 0 	0	0.000000	0.000000	0.000000	0.000000
128	9300	369	0.015000	3 	 11 	7	0.000427	0.002258	0.000427	1.340119
128	9300	370	0.015000	3 	 0 	0	0.000000	0.000000	0.000000	0.000000
128	9300	371	0.015000	3 	 19 	6	0.000366	0.003357	0.000366	1.384437
128	9300	372	0.015000	3 	 17 	6	0.000366	0.001953	0.000366	1.247219
128	9300	373	0.015000	3 	 0 	0	0.000000	0.000000	0.000000	0.000000
128	9300	374	0.015000	3 	 0 	0	0.000000	0.000000	0.000000	0.000000
128	9300	375	0.015000	3 	 0 	0	0.000000	0.000000	0.000000	0.000000
128	9300	376	0.015000	3 	 0 	0	0.000000	0.000000	0.000000	0.000000
128	9300	377	0.015000	3 	 141 	6154	0.375610	0.416870	0.003052	4.644136
128	9300	378	0.015000	3 	 5 	2	0.000122	0.000366	0.000122	0.500000
128	9300	379	0.015000	3 	 0 	0	0.000000	0.000000	0.000000	0.000000
128	9300	380	0.015000	3 	 0 	0	0.000000	0.000000	0.000000	0.000000
128	9300	381	0.015000	3 	 0 	0	0.000000	0.000000	0.000000	0.000000
128	9300	382	0.015000	3 	 0 	0	0.000000	0.000000	0.000000	0.000000
128	9300	383	0.015000	3 	 1 	7	0.000427	0.000427	0.000427	1.087968
128	9300	384	0.015000	3 	 11 	11	0.000671	0.001587	0.000671	1.454545
128	9300	385	0.015000	3 	 17 	6	0.000366	0.002319	0.000366	1.301708
128	9300	386	0.015000	3 	 9 	5	0.000305	0.001099	0.000305	0.894427
128	9300	387	0.015000	3 	 3 	8	0.000488	0.000793	0.000488	1.299038
128	9300	388	0.015000	3 	 5 	5	0.000305	0.000854	0.000305	0.894427
128	9300	389	0.015000	3 	 8 	6	0.000366	0.001099	0.000366	1.536591
128	9300	390	0.015000	3 	 0 	0	0.000000	0.000000	0.000000	0.000000
128	9300	391	0.015000	3 	 0 	0	0.000000	0.000000	0.000000	0.000000
128	9300	392	0.015000	3 	 4 	5	0.000305	0.000488	0.000305	1.019804
128	9300	393	0.015000	3 	 0 	0	0.000000	0.000000	0.000000	0.000000
128	9300	394	0.015000	3 	 0 	0	0.000000	0.000000	0.000000	0.000000
128	9300	395	0.015000	3 	 1 	7	0.000427	0.000427	0.000427	1.142857
128	9300	396	0.015000	3 	 175 	996	0.060791	0.114441	0.060791	16.615874
128	9300	397	0.015000	3 	 0 	0	0.000000	0.000000	0.000000	0.000000
128	9300	398	0.015000	3 	 4 	7	0.000427	0.000916	0.000427	1.228904
128	9300	399	0.015000	3 	 13 	13	0.000793	0.003174	0.000793	1.797434
128	9300	400	0.015000	3 	 0 	0	0.000000	0.000000	0.000000	0.000000
128	9300	401	0.015000	3 	 0 	0	0.000000	0.000000	0.000000	0.000000
128	9300	402	0.015000	3 	 165 	1875	0.114441	0.168823	0.114441	21.481248
128	9300	403	0.015000	3 	 1 	3	0.000183	0.000183	0.000183	0.816497
128	9300	404	0.015000	3 	 0 	0	0.000000	0.000000	0.000000	0.000000
128	9300	405	0.015000	3 	 6 	2	0.000122	0.000488	0.000122	0.500000
128	9300	406	0.015000	3 	 0 	0	0.000000	0.000000	0.000000	0.000000
128	9300	407	0.015000	3 	 0 	0	0.000000	0.000000	0.000000	0.000000
128	9300	408	0.015000	3 	 0 	0	0.000000	0.000000	0.000000	0.000000
128	9300	409	0.015000	3 	 3 	4	0.000244	0.000549	0.000244	0.829156
128	9300	410	0.015000	3 	 0 	0	0.000000	0.000000	0.000000	0.000000
128	9300	411	0.015000	3 	 6 	6	0.000366	0.000854	0.000366	1.166667
128	9300	412	0.015000	3 	 6 	5	0.000305	0.001038	0.000305	0.979796
128	9300	413	0.015000	3 	 40 	9	0.000549	0.007385	0.000549	1.342561
128	9300	414	0.015000	3 	 11 	9	0.000549	0.002441	0.000549	1.735611
128	9300	415	0.015000	3 	 8 	4	0.000244	0.000916	0.000244	0.866025
128	9300	416	0.015000	3 	 6 	4	0.000244	0.000671	0.000244	0.935414
128	9300	417	0.015000	3 	 0 	0	0.000000	0.000000	0.000000	0.000000
128	9300	418	0.015000	3 	 47 	13	0.000793	0.008362	0.000793	2.145589
128	9300	419	0.015000	3 	 0 	0	0.000000	0.000000	0.000000	0.000000
128	9300	420	0.015000	3 	 4 	14	0.000854	0.001038	0.000854	2.105629
128	9300	421	0.015000	3 	 0 	0	0.000000	0.000000	0.000000	0.000000
128	9300	422	0.015000	3 	 10 	9	0.000549	0.001465	0.000549	1.396645
128	9300	423	0.015000	3 	 6 	5	0.000305	0.001099	0.000305	1.131371
128	9300	424	0.015000	3 	 0 	0	0.000000	0.000000	0.000000	0.000000
128	9300	425	0.015000	3 	 164 	1572	0.095947	0.142334	0.095947	19.473000
128	9300	426	0.015000	3 	 130 	220	0.013428	0.051636	0.013428	8.573749
128	9300	427	0.015000	3 	 138 	1640	0.100098	0.152893	0.100098	20.112155
128	9300	428	0.015000	3 	 0 	0	0.000000	0.000000	0.000000	0.000000
128	9300	429	0.015000	3 	 0 	0	0.000000	0.000000	0.000000	0.000000
128	9300	430	0.015000	3 	 14 	17	0.001038	0.003906	0.001038	2.013793
128	9300	431	0.015000	3 	 0 	0	0.000000	0.000000	0.000000	0.000000
128	9300	432	0.015000	3 	 0 	0	0.000000	0.000000	0.000000	0.000000
128	9300	433	0.015000	3 	 2 	2	0.000122	0.000183	0.000122	0.500000
128	9300	434	0.015000	3 	 9 	6	0.000366	0.001160	0.000366	1.067187
128	9300	435	0.015000	3 	 0 	0	0.000000	0.000000	0.000000	0.000000
128	9300	436	0.015000	3 	 0 	0	0.000000	0.000000	0.000000	0.000000
128	9300	437	0.015000	3 	 73 	13	0.000793	0.015076	0.000793	1.881080
128	9300	438	0.015000	3 	 0 	0	0.000000	0.000000	0.000000	0.000000
128	9300	439	0.015000	3 	 7 	4	0.000244	0.000732	0.000244	0.935414
128	9300	440	0.015000	3 	 0 	0	0.000000	0.000000	0.000000	0.000000
128	9300	441	0.015000	3 	 0 	0	0.000000	0.000000	0.000000	0.000000
128	9300	442	0.015000	3 	 4 	8	0.000488	0.000977	0.000488	1.446980
128	9300	443	0.015000	3 	 5 	10	0.000610	0.001160	0.000610	1.459452
128	9300	444	0.015000	3 	 2 	3	0.000183	0.000366	0.000183	0.666667
128	9300	445	0.015000	3 	 1 	2	0.000122	0.000122	0.000122	0.500000
128	9300	446	0.015000	3 	 0 	0	0.000000	0.000000	0.000000	0.000000
128	9300	447	0.015000	3 	 0 	0	0.000000	0.000000	0.000000	0.000000
128	9300	448	0.015000	3 	 142 	57	0.003479	0.046631	0.003479	4.784748
128	9300	449	0.015000	3 	 0 	0	0.000000	0.000000	0.000000	0.000000
128	9300	450	0.015000	3 	 11 	12	0.000732	0.003418	0.000732	1.929306
128	9300	451	0.015000	3 	 0 	0	0.000000	0.000000	0.000000	0.000000
128	9300	452	0.015000	3 	 0 	0	0.000000	0.000000	0.000000	0.000000
128	9300	453	0.015000	3 	 0 	0	0.000000	0.000000	0.000000	0.000000
128	9300	454	0.015000	3 	 5 	12	0.000732	0.001465	0.000732	1.963203
128	9300	455	0.015000	3 	 0 	0	0.000000	0.000000	0.000000	0.000000
128	9300	456	0.015000	3 	 5 	6	0.000366	0.000854	0.000366	0.971825
128	9300	457	0.015000	3 	 18 	17	0.001038	0.004456	0.001038	2.120913
128	9300	458	0.015000	3 	 2 	5	0.000305	0.000366	0.000305	1.232883
128	9300	459	0.015000	3 	 0 	0	0.000000	0.000000	0.000000	0.000000
128	9300	460	0.015000	3 	 6 	4	0.000244	0.000732	0.000244	0.935414
128	9300	461	0.015000	3 	 6 	6	0.000366	0.001221	0.000366	1.213352
128	9300	462	0.015000	3 	 0 	0	0.000000	0.000000	0.000000	0.000000
128	9300	463	0.015000	3 	 0 	0	0.000000	0.000000	0.000000	0.000000
128	9300	464	0.015000	3 	 6 	4	0.000244	0.000732	0.000244	0.707107
128	9300	465	0.015000	3 	 0 	0	0.000000	0.000000	0.000000	0.000000
128	9300	466	0.015000	3 	 0 	0	0.000000	0.000000	0.000000	0.000000
128	9300	467	0.015000	3 	 11 	7	0.000427	0.001648	0.000427	1.228904
128	9300	468	0.015000	3 	 0 	0	0.000000	0.000000	0.000000	0.000000
128	9300	469	0.015000	3 	 2 	5	0.000305	0.000366	0.000305	0.894427
128	9300	470	0.015000	3 	 0 	0	0.000000	0.000000	0.000000	0.000000
128	9300	471	0.015000	3 	 0 	0	0.000000	0.000000	0.000000	0.000000
128	9300	472	0.015000	3 	 0 	0	0.000000	0.000000	0.000000	0.000000
128	9300	473	0.015000	3 	 2 	5	0.000305	0.000366	0.000305	1.131371
128	9300	474	0.015000	3 	 0 	0	0.000000	0.000000	0.000000	0.000000
128	9300	475	0.015000	3 	 0 	0	0.000000	0.000000	0.000000	0.000000
128	9300	476	0.015000	3 	 0 	0	0.000000	0.000000	0.000000	0.000000
128	9300	477	0.015000	3 	 10 	3	0.000183	0.001099	0.000183	0.666667
128	9300	478	0.015000	3 	 0 	0	0.000000	0.000000	0.000000	0.000000
128	9300	479	0.015000	3 	 0 	0	0.000000	0.000000	0.000000	0.000000
128	9300	480	0.015000	3 	 2 	2	0.000122	0.000183	0.000122	0.500000
128	9300	481	0.015000	3 	 2 	5	0.000305	0.000366	0.000305	1.131371
128	9300	482	0.015000	3 	 2 	4	0.000244	0.000305	0.000244	0.935414
128	9300	483	0.015000	3 	 154 	5947	0.362976	0.406067	0.002625	4.239197
128	9300	484	0.015000	3 	 0 	0	0.000000	0.000000	0.000000	0.000000
128	9300	485	0.015000	3 	 1 	5	0.000305	0.000305	0.000305	1.019804
128	9300	486	0.015000	3 	 0 	0	0.000000	0.000000	0.000000	0.000000
128	9300	487	0.015000	3 	 0 	0	0.000000	0.000000	0.000000	0.000000
128	9300	488	0.015000	3 	 4 	4	0.000244	0.000610	0.000244	0.935414
128	9300	489	0.015000	3 	 6 	3	0.000183	0.000610	0.000183	0.666667
128	9300	490	0.015000	3 	 0 	0	0.000000	0.000000	0.000000	0.000000
128	9300	491	0.015000	3 	 2 	1	0.000061	0.000122	0.000061	0.000000
128	9300	492	0.015000	3 	 4 	9	0.000549	0.000793	0.000549	1.594744
128	9300	493	0.015000	3 	 0 	0	0.000000	0.000000	0.000000	0.000000
128	9300	494	0.015000	3 	 2 	1	0.000061	0.000122	0.000061	0.000000
128	9300	495	0.015000	3 	 0 	0	0.000000	0.000000	0.000000	0.000000
128	9300	496	0.015000	3 	 0 	0	0.000000	0.000000	0.000000	0.000000
128	9300	497	0.015000	3 	 2 	4	0.000244	0.000305	0.000244	0.935414
128	9300	498	0.015000	3 	 1 	5	0.000305	0.000305	0.000305	1.095445
128	9300	499	0.015000	3 	 0 	0	0.000000	0.000000	0.000000	0.000000
128	9300	500	0.015000	3 	 0 	0	0.000000	0.000000	0.000000	0.000000
128	9300	501	0.015000	3 	 1 	2	0.000122	0.000122	0.000122	0.500000
128	9300	502	0.015000	3 	 0 	0	0.000000	0.000000	0.000000	0.000000
128	9300	503	0.015000	3 	 5 	3	0.000183	0.000488	0.000183	0.666667
128	9300	504	0.015000	3 	 0 	0	0.000000	0.000000	0.000000	0.000000
128	9300	505	0.015000	3 	 4 	8	0.000488	0.000916	0.000488	1.198958
128	9300	506	0.015000	3 	 0 	0	0.000000	0.000000	0.000000	0.000000
128	9300	507	0.015000	3 	 104 	23	0.001404	0.024719	0.001404	2.198126
128	9300	508	0.015000	3 	 0 	0	0.000000	0.000000	0.000000	0.000000
128	9300	509	0.015000	3 	 22 	15	0.000916	0.004944	0.000916	2.403701
128	9300	510	0.015000	3 	 0 	0	0.000000	0.000000	0.000000	0.000000
128	9300	511	0.015000	3 	 5 	6	0.000366	0.000854	0.000366	1.301708
128	9300	512	0.015000	3 	 0 	0	0.000000	0.000000	0.000000	0.000000
128	9300	513	0.015000	3 	 4 	3	0.000183	0.000427	0.000183	0.666667
128	9300	514	0.015000	3 	 85 	33	0.002014	0.021973	0.002014	3.119005
128	9300	515	0.015000	3 	 9 	7	0.000427	0.001770	0.000427	1.590790
128	9300	516	0.015000	3 	 14 	14	0.000854	0.003662	0.000854	1.905952
128	9300	517	0.015000	3 	 8 	8	0.000488	0.001648	0.000488	1.293010
128	9300	518	0.015000	3 	 0 	0	0.000000	0.000000	0.000000	0.000000
128	9300	519	0.015000	3 	 0 	0	0.000000	0.000000	0.000000	0.000000
128	9300	520	0.015000	3 	 2 	2	0.000122	0.000183	0.000122	0.500000
128	9300	521	0.015000	3 	 0 	0	0.000000	0.000000	0.000000	0.000000
128	9300	522	0.015000	3 	 7 	9	0.000549	0.001526	0.000549	1.482407
128	9300	523	0.015000	3 	 0 	0	0.000000	0.000000	0.000000	0.000000
128	9300	524	0.015000	3 	 0 	0	0.000000	0.000000	0.000000	0.000000
128	9300	525	0.015000	3 	 0 	0	0.000000	0.000000	0.000000	0.000000
128	9300	526	0.015000	3 	 21 	11	0.000671	0.003784	0.000671	1.676281
128	9300	527	0.015000	3 	 2 	7	0.000427	0.000488	0.000427	1.525297
128	9300	528	0.015000	3 	 9 	24	0.001465	0.003113	0.001465	2.094553
128	9300	529	0.015000	3 	 0 	0	0.000000	0.000000	0.000000	0.000000
128	9300	530	0.015000	3 	 0 	0	0.000000	0.000000	0.000000	0.000000
128	9300	531	0.015000	3 	 0 	0	0.000000	0.000000	0.000000	0.000000
128	9300	532	0.015000	3 	 0 	0	0.000000	0.000000	0.000000	0.000000
128	9300	533	0.015000	3 	 0 	0	0.000000	0.000000	0.000000	0.000000
128	9300	534	0.015000	3 	 0 	0	0.000000	0.000000	0.000000	0.000000
128	9300	535	0.015000	3 	 2 	8	0.000488	0.000671	0.000488	1.391941
128	9300	536	0.015000	3 	 1 	3	0.000183	0.000183	0.000183	0.666667
128	9300	537	0.015000	3 	 0 	0	0.000000	0.000000	0.000000	0.000000
128	9300	538	0.015000	3 	 4 	3	0.000183	0.000549	0.000183	0.666667
128	9300	539	0.015000	3 	 160 	55	0.003357	0.054749	0.003357	4.427861
128	9300	540	0.015000	3 	 0 	0	0.000000	0.000000	0.000000	0.000000
128	9300	541	0.015000	3 	 0 	0	0.000000	0.000000	0.000000	0.000000
128	9300	542	0.015000	3 	 5 	8	0.000488	0.001526	0.000488	1.243734
128	9300	543	0.015000	3 	 4 	3	0.000183	0.000427	0.000183	0.666667
128	9300	544	0.015000	3 	 167 	746	0.045532	0.098511	0.045532	17.986739
128	9300	545	0.015000	3 	 0 	0	0.000000	0.000000	0.000000	0.000000
128	9300	546	0.015000	3 	 0 	0	0.000000	0.000000	0.000000	0.000000
128	9300	547	0.015000	3 	 1 	1	0.000061	0.000061	0.000061	0.000000
128	9300	548	0.015000	3 	 26 	11	0.000671	0.004700	0.000671	1.460216
128	9300	549	0.015000	3 	 2 	11	0.000671	0.000732	0.000671	1.626231
128	9300	550	0.015000	3 	 0 	0	0.000000	0.000000	0.000000	0.000000
128	9300	551	0.015000	3 	 10 	3	0.000183	0.001343	0.000183	0.816497
128	9300	552	0.015000	3 	 0 	0	0.000000	0.000000	0.000000	0.000000
128	9300	553	0.015000	3 	 0 	0	0.000000	0.000000	0.000000	0.000000
128	9300	554	0.015000	3 	 0 	0	0.000000	0.000000	0.000000	0.000000
128	9300	555	0.015000	3 	 0 	0	0.000000	0.000000	0.000000	0.000000
128	9300	556	0.015000	3 	 0 	0	0.000000	0.000000	0.000000	0.000000
128	9300	557	0.015000	3 	 7 	4	0.000244	0.000793	0.000244	0.829156
128	9300	558	0.015000	3 	 10 	8	0.000488	0.002014	0.000488	1.446980
128	9300	559	0.015000	3 	 10 	11	0.000671	0.002014	0.000671	1.661424
128	9300	560	0.015000	3 	 10 	9	0.000549	0.002258	0.000549	1.617802
128	9300	561	0.015000	3 	 5 	4	0.000244	0.000488	0.000244	0.866025
128	9300	562	0.015000	3 	 11 	21	0.001282	0.002258	0.001282	2.709687
128	9300	563	0.015000	3 	 0 	0	0.000000	0.000000	0.000000	0.000000
128	9300	564	0.015000	3 	 6 	7	0.000427	0.001526	0.000427	1.142857
128	9300	565	0.015000	3 	 0 	0	0.000000	0.000000	0.000000	0.000000
128	9300	566	0.015000	3 	 0 	0	0.000000	0.000000	0.000000	0.000000
128	9300	567	0.015000	3 	 2 	7	0.000427	0.000610	0.000427	1.228904
128	9300	568	0.015000	3 	 0 	0	0.000000	0.000000	0.000000	0.000000
128	9300	569	0.015000	3 	 0 	0	0.000000	0.000000	0.000000	0.000000
128	9300	570	0.015000	3 	 2 	4	0.000244	0.000305	0.000244	0.935414
128	9300	571	0.015000	3 	 0 	0	0.000000	0.000000	0.000000	0.000000
128	9300	572	0.015000	3 	 2 	2	0.000122	0.000244	0.000122	0.500000
128	9300	573	0.015000	3 	 0 	0	0.000000	0.000000	0.000000	0.000000
128	9300	574	0.015000	3 	 0 	0	0.000000	0.000000	0.000000	0.000000
128	9300	575	0.015000	3 	 3 	6	0.000366	0.000610	0.000366	1.166667
128	9300	576	0.015000	3 	 4 	8	0.000488	0.000732	0.000488	1.732051
128	9300	577	0.015000	3 	 8 	6	0.000366	0.000977	0.000366	0.957427
128	9300	578	0.015000	3 	 1 	3	0.000183	0.000183	0.000183	0.666667
128	9300	579	0.015000	3 	 7 	4	0.000244	0.000732	0.000244	0.866025
128	9300	580	0.015000	3 	 0 	0	0.000000	0.000000	0.000000	0.000000
128	9300	581	0.015000	3 	 187 	2253	0.137512	0.195374	0.137512	23.016952
128	9300	582	0.015000	3 	 0 	0	0.000000	0.000000	0.000000	0.000000
128	9300	583	0.015000	3 	 0 	0	0.000000	0.000000	0.000000	0.000000
128	9300	584	0.015000	3 	 38 	13	0.000793	0.007263	0.000793	1.740571
128	9300	585	0.015000	3 	 0 	0	0.000000	0.000000	0.000000	0.000000
128	9300	586	0.015000	3 	 2 	1	0.000061	0.000122	0.000061	0.000000
128	9300	587	0.015000	3 	 0 	0	0.000000	0.000000	0.000000	0.000000
128	9300	588	0.015000	3 	 20 	17	0.001038	0.005432	0.001038	1.843346
128	9300	589	0.015000	3 	 5 	5	0.000305	0.000610	0.000305	1.131371
128	9300	590	0.015000	3 	 0 	0	0.000000	0.000000	0.000000	0.000000
128	9300	591	0.015000	3 	 12 	7	0.000427	0.002380	0.000427	1.212183
128	9300	592	0.015000	3 	 0 	0	0.000000	0.000000	0.000000	0.000000
128	9300	593	0.015000	3 	 0 	0	0.000000	0.000000	0.000000	0.000000
128	9300	594	0.015000	3 	 15 	11	0.000671	0.003357	0.000671	1.631305
128	9300	595	0.015000	3 	 0 	0	0.000000	0.000000	0.000000	0.000000
128	9300	596	0.015000	3 	 4 	12	0.000732	0.001160	0.000732	1.596437
128	9300	597	0.015000	3 	 7 	4	0.000244	0.000916	0.000244	0.829156
128	9300	598	0.015000	3 	 195 	1425	0.086975	0.154541	0.086975	20.713530
128	9300	599	0.015000	3 	 18 	7	0.000427	0.003296	0.000427	1.277753
128	9300	600	0.015000	3 	 0 	0	0.000000	0.000000	0.000000	0.000000
128	9300	601	0.015000	3 	 0 	0	0.000000	0.000000	0.000000	0.000000
128	9300	602	0.015000	3 	 0 	0	0.000000	0.000000	0.000000	0.000000
128	9300	603	0.015000	3 	 1 	3	0.000183	0.000183	0.000183	0.816497
128	9300	604	0.015000	3 	 0 	0	0.000000	0.000000	0.000000	0.000000
128	9300	605	0.015000	3 	 9 	6	0.000366	0.001526	0.000366	1.080123
128	9300	606	0.015000	3 	 1 	6	0.000366	0.000366	0.000366	1.118034
128	9300	607	0.015000	3 	 2 	4	0.000244	0.000366	0.000244	0.935414
128	9300	608	0.015000	3 	 146 	2008	0.122559	0.181641	0.122559	21.852641
128	9300	609	0.015000	3 	 0 	0	0.000000	0.000000	0.000000	0.000000
128	9300	610	0.015000	3 	 44 	9	0.000549	0.008789	0.000549	1.414214
128	9300	611	0.015000	3 	 4 	6	0.000366	0.000977	0.000366	1.054093
128	9300	612	0.015000	3 	 0 	0	0.000000	0.000000	0.000000	0.000000
128	9300	613	0.015000	3 	 3 	10	0.000610	0.000977	0.000610	1.816590
128	9300	614	0.015000	3 	 0 	0	0.000000	0.000000	0.000000	0.000000
128	9300	615	0.015000	3 	 0 	0	0.000000	0.000000	0.000000	0.000000
128	9300	616	0.015000	3 	 3 	7	0.000427	0.000610	0.000427	1.142857
128	9300	617	0.015000	3 	 0 	0	0.000000	0.000000	0.000000	0.000000
128	9300	618	0.015000	3 	 0 	0	0.000000	0.000000	0.000000	0.000000
128	9300	619	0.015000	3 	 5 	5	0.000305	0.000854	0.000305	1.414214
128	9300	620	0.015000	3 	 17 	10	0.000610	0.004028	0.000610	1.500000
128	9300	621	0.015000	3 	 0 	0	0.000000	0.000000	0.000000	0.000000
128	9300	622	0.015000	3 	 0 	0	0.000000	0.000000	0.000000	0.000000
128	9300	623	0.015000	3 	 4 	8	0.000488	0.001038	0.000488	1.446980
128	9300	624	0.015000	3 	 2 	8	0.000488	0.000549	0.000488	1.530931
128	9300	625	0.015000	3 	 3 	11	0.000671	0.000854	0.000671	1.739193
128	9300	626	0.015000	3 	 17 	16	0.000977	0.003357	0.000977	2.300645
128	9300	627	0.015000	3 	 4 	3	0.000183	0.000427	0.000183	0.666667
128	9300	628	0.015000	3 	 0 	0	0.000000	0.000000	0.000000	0.000000
128	9300	629	0.015000	3 	 0 	0	0.000000	0.000000	0.000000	0.000000
128	9300	630	0.015000	3 	 2 	3	0.000183	0.000244	0.000183	0.666667
128	9300	631	0.015000	3 	 0 	0	0.000000	0.000000	0.000000	0.000000
128	9300	632	0.015000	3 	 4 	9	0.000549	0.000854	0.000549	1.314684
128	9300	633	0.015000	3 	 3 	9	0.000549	0.000732	0.000549	1.448712
128	9300	634	0.015000	3 	 8 	4	0.000244	0.000916	0.000244	0.935414
128	9300	635	0.015000	3 	 0 	0	0.000000	0.000000	0.000000	0.000000
128	9300	636	0.015000	3 	 5 	3	0.000183	0.000488	0.000183	0.666667
128	9300	637	0.015000	3 	 0 	0	0.000000	0.000000	0.000000	0.000000
128	9300	638	0.015000	3 	 0 	0	0.000000	0.000000	0.000000	0.000000
128	9300	639	0.015000	3 	 2 	6	0.000366	0.000549	0.000366	0.971825
128	9300	640	0.015000	3 	 0 	0	0.000000	0.000000	0.000000	0.000000
128	9300	641	0.015000	3 	 0 	0	0.000000	0.000000	0.000000	0.000000
128	9300	642	0.015000	3 	 0 	0	0.000000	0.000000	0.000000	0.000000
128	9300	643	0.015000	3 	 0 	0	0.000000	0.000000	0.000000	0.000000
128	9300	644	0.015000	3 	 0 	0	0.000000	0.000000	0.000000	0.000000
128	9300	645	0.015000	3 	 1 	1	0.000061	0.000061	0.000061	0.000000
128	9300	646	0.015000	3 	 0 	0	0.000000	0.000000	0.000000	0.000000
128	9300	647	0.015000	3 	 7 	10	0.000610	0.002014	0.000610	1.486607
128	9300	648	0.015000	3 	 24 	10	0.000610	0.003052	0.000610	1.933908
128	9300	649	0.015000	3 	 13 	13	0.000793	0.002563	0.000793	1.664101
128	9300	650	0.015000	3 	 0 	0	0.000000	0.000000	0.000000	0.000000
128	9300	651	0.015000	3 	 10 	5	0.000305	0.001160	0.000305	1.232883
128	9300	652	0.015000	3 	 3 	2	0.000122	0.000244	0.000122	0.500000
128	9300	653	0.015000	3 	 0 	0	0.000000	0.000000	0.000000	0.000000
128	9300	654	0.015000	3 	 0 	0	0.000000	0.000000	0.000000	0.000000
128	9300	655	0.015000	3 	 1 	4	0.000244	0.000244	0.000244	0.707107
128	9300	656	0.015000	3 	 0 	0	0.000000	0.000000	0.000000	0.000000
128	9300	657	0.015000	3 	 0 	0	0.000000	0.000000	0.000000	0.000000
128	9300	658	0.015000	3 	 0 	0	0.000000	0.000000	0.000000	0.000000
128	9300	659	0.015000	3 	 1 	5	0.000305	0.000305	0.000305	0.894427
128	9300	660	0.015000	3 	 1 	5	0.000305	0.000305	0.000305	0.894427
128	9300	661	0.015000	3 	 11 	4	0.000244	0.001465	0.000244	0.935414
128	9300	662	0.015000	3 	 21 	11	0.000671	0.004639	0.000671	1.626231
128	9300	663	0.015000	3 	 0 	0	0.000000	0.000000	0.000000	0.000000
128	9300	664	0.015000	3 	 0 	0	0.000000	0.000000	0.000000	0.000000
128	9300	665	0.015000	3 	 0 	0	0.000000	0.000000	0.000000	0.000000
128	9300	666	0.015000	3 	 0 	0	0.000000	0.000000	0.000000	0.000000
128	9300	667	0.015000	3 	 9 	18	0.001099	0.002319	0.001099	2.541629
128	9300	668	0.015000	3 	 0 	0	0.000000	0.000000	0.000000	0.000000
128	9300	669	0.015000	3 	 9 	8	0.000488	0.001953	0.000488	1.610512
128	9300	670	0.015000	3 	 138 	6685	0.408020	0.454224	0.003174	5.665184
128	9300	671	0.015000	3 	 0 	0	0.000000	0.000000	0.000000	0.000000
128	9300	672	0.015000	3 	 3 	5	0.000305	0.000549	0.000305	1.058301
128	9300	673	0.015000	3 	 200 	1651	0.100769	0.168762	0.100769	20.359150
128	9300	674	0.015000	3 	 0 	0	0.000000	0.000000	0.000000	0.000000
128	9300	675	0.015000	3 	 2 	1	0.000061	0.000122	0.000061	0.000000
128	9300	676	0.015000	3 	 1 	1	0.000061	0.000061	0.000061	0.000000
128	9300	677	0.015000	3 	 0 	0	0.000000	0.000000	0.000000	0.000000
128	9300	678	0.015000	3 	 26 	22	0.001343	0.005859	0.001343	2.644189
128	9300	679	0.015000	3 	 0 	0	0.000000	0.000000	0.000000	0.000000
128	9300	680	0.015000	3 	 6 	6	0.000366	0.000793	0.000366	0.957427
128	9300	681	0.015000	3 	 0 	0	0.000000	0.000000	0.000000	0.000000
128	9300	682	0.015000	3 	 2 	7	0.000427	0.000671	0.000427	1.456863
128	9300	683	0.015000	3 	 0 	0	0.000000	0.000000	0.000000	0.000000
128	9300	684	0.015000	3 	 0 	0	0.000000	0.000000	0.000000	0.000000
128	9300	685	0.015000	3 	 15 	8	0.000488	0.002502	0.000488	1.403122
128	9300	686	0.015000	3 	 0 	0	0.000000	0.000000	0.000000	0.000000
128	9300	687	0.015000	3 	 2 	1	0.000061	0.000122	0.000061	0.000000
128	9300	688	0.015000	3 	 2 	10	0.000610	0.000671	0.000610	1.345362
128	9300	689	0.015000	3 	 6 	11	0.000671	0.001282	0.000671	1.686112
128	9300	690	0.015000	3 	 0 	0	0.000000	0.000000	0.000000	0.000000
128	9300	691	0.015000	3 	 0 	0	0.000000	0.000000	0.000000	0.000000
128	9300	692	0.015000	3 	 0 	0	0.000000	0.000000	0.000000	0.000000
128	9300	693	0.015000	3 	 0 	0	0.000000	0.000000	0.000000	0.000000
128	9300	694	0.015000	3 	 0 	0	0.000000	0.000000	0.000000	0.000000
128	9300	695	0.015000	3 	 0 	0	0.000000	0.000000	0.000000	0.000000
128	9300	696	0.015000	3 	 19 	12	0.000732	0.003906	0.000732	1.605113
128	9300	697	0.015000	3 	 0 	0	0.000000	0.000000	0.000000	0.000000
128	9300	698	0.015000	3 	 11 	11	0.000671	0.002441	0.000671	1.949783
128	9300	699	0.015000	3 	 1 	4	0.000244	0.000244	0.000244	0.829156
128	9300	700	0.015000	3 	 6 	13	0.000793	0.001709	0.000793	1.733758
128	9300	701	0.015000	3 	 0 	0	0.000000	0.000000	0.000000	0.000000
128	9300	702	0.015000	3 	 0 	0	0.000000	0.000000	0.000000	0.000000
128	9300	703	0.015000	3 	 1 	7	0.000427	0.000427	0.000427	1.142857
128	9300	704	0.015000	3 	 4 	11	0.000671	0.001404	0.000671	2.143605
128	9300	705	0.015000	3 	 22 	11	0.000671	0.004211	0.000671	1.437399
128	9300	706	0.015000	3 	 0 	0	0.000000	0.000000	0.000000	0.000000
128	9300	707	0.015000	3 	 0 	0	0.000000	0.000000	0.000000	0.000000
128	9300	708	0.015000	3 	 97 	22	0.001343	0.022644	0.001343	2.551130
128	9300	709	0.015000	3 	 4 	6	0.000366	0.000732	0.000366	1.301708
128	9300	710	0.015000	3 	 0 	0	0.000000	0.000000	0.000000	0.000000
128	9300	711	0.015000	3 	 2 	7	0.000427	0.000488	0.000427	1.385051
128	9300	712	0.015000	3 	 0 	0	0.000000	0.000000	0.000000	0.000000
128	9300	713	0.015000	3 	 0 	0	0.000000	0.000000	0.000000	0.000000
128	9300	714	0.015000	3 	 4 	8	0.000488	0.001099	0.000488	1.489547
128	9300	715	0.015000	3 	 0 	0	0.000000	0.000000	0.000000	0.000000
128	9300	716	0.015000	3 	 35 	10	0.000610	0.007690	0.000610	1.529706
128	9300	717	0.015000	3 	 14 	16	0.000977	0.003113	0.000977	2.735045
128	9300	718	0.015000	3 	 19 	8	0.000488	0.003784	0.000488	1.340476
128	9300	719	0.015000	3 	 2 	1	0.000061	0.000122	0.000061	0.000000
128	9300	720	0.015000	3 	 22 	14	0.000854	0.003845	0.000854	1.801360
128	9300	721	0.015000	3 	 4 	3	0.000183	0.000610	0.000183	0.666667
128	9300	722	0.015000	3 	 2 	1	0.000061	0.000122	0.000061	0.000000
128	9300	723	0.015000	3 	 0 	0	0.000000	0.000000	0.000000	0.000000
128	9300	724	0.015000	3 	 0 	0	0.000000	0.000000	0.000000	0.000000
128	9300	725	0.015000	3 	 0 	0	0.000000	0.000000	0.000000	0.000000
128	9300	726	0.015000	3 	 0 	0	0.000000	0.000000	0.000000	0.000000
128	9300	727	0.015000	3 	 0 	0	0.000000	0.000000	0.000000	0.000000
128	9300	728	0.015000	3 	 7 	5	0.000305	0.000977	0.000305	1.019804
128	9300	729	0.015000	3 	 0 	0	0.000000	0.000000	0.000000	0.000000
128	9300	730	0.015000	3 	 1 	2	0.000122	0.000122	0.000122	0.500000
128	9300	731	0.015000	3 	 18 	10	0.000610	0.003967	0.000610	1.868154
128	9300	732	0.015000	3 	 3 	7	0.000427	0.000549	0.000427	1.370238
128	9300	733	0.015000	3 	 5 	4	0.000244	0.000549	0.000244	0.829156
128	9300	734	0.015000	3 	 6 	7	0.000427	0.001404	0.000427	1.293626
128	9300	735	0.015000	3 	 0 	0	0.000000	0.000000	0.000000	0.000000
128	9300	736	0.015000	3 	 0 	0	0.000000	0.000000	0.000000	0.000000
128	9300	737	0.015000	3 	 15 	10	0.000610	0.003601	0.000610	1.549193
128	9300	738	0.015000	3 	 0 	0	0.000000	0.000000	0.000000	0.000000
128	9300	739	0.015000	3 	 0 	0	0.000000	0.000000	0.000000	0.000000
128	9300	740	0.015000	3 	 1 	3	0.000183	0.000183	0.000183	0.666667
128	9300	741	0.015000	3 	 161 	359	0.021912	0.082642	0.021912	12.842317
128	9300	742	0.015000	3 	 3 	12	0.000732	0.001160	0.000732	1.821934
128	9300	743	0.015000	3 	 0 	0	0.000000	0.000000	0.000000	0.000000
128	9300	744	0.015000	3 	 0 	0	0.000000	0.000000	0.000000	0.000000
128	9300	745	0.015000	3 	 0 	0	0.000000	0.000000	0.000000	0.000000
128	9300	746	0.015000	3 	 0 	0	0.000000	0.000000	0.000000	0.000000
128	9300	747	0.015000	3 	 0 	0	0.000000	0.000000	0.000000	0.000000
128	9300	748	0.015000	3 	 0 	0	0.000000	0.000000	0.000000	0.000000
128	9300	749	0.015000	3 	 8 	19	0.001160	0.003052	0.001160	2.574109
128	9300	750	0.015000	3 	 0 	0	0.000000	0.000000	0.000000	0.000000
128	9300	751	0.015000	3 	 0 	0	0.000000	0.000000	0.000000	0.000000
128	9300	752	0.015000	3 	 0 	0	0.000000	0.000000	0.000000	0.000000
128	9300	753	0.015000	3 	 3 	10	0.000610	0.000916	0.000610	1.500000
128	9300	754	0.015000	3 	 0 	0	0.000000	0.000000	0.000000	0.000000
128	9300	755	0.015000	3 	 149 	5950	0.363159	0.405823	0.004395	4.646243
128	9300	756	0.015000	3 	 0 	0	0.000000	0.000000	0.000000	0.000000
128	9300	757	0.015000	3 	 3 	5	0.000305	0.000549	0.000305	1.095445
128	9300	758	0.015000	3 	 5 	3	0.000183	0.000488	0.000183	0.816497
128	9300	759	0.015000	3 	 0 	0	0.000000	0.000000	0.000000	0.000000
128	9300	760	0.015000	3 	 13 	11	0.000671	0.002502	0.000671	1.408358
128	9300	761	0.015000	3 	 0 	0	0.000000	0.000000	0.000000	0.000000
128	9300	762	0.015000	3 	 3 	3	0.000183	0.000366	0.000183	0.666667
128	9300	763	0.015000	3 	 2 	2	0.000122	0.000183	0.000122	0.500000
128	9300	764	0.015000	3 	 1 	3	0.000183	0.000183	0.000183	0.666667
128	9300	765	0.015000	3 	 0 	0	0.000000	0.000000	0.000000	0.000000
128	9300	766	0.015000	3 	 0 	0	0.000000	0.000000	0.000000	0.000000
128	9300	767	0.015000	3 	 0 	0	0.000000	0.000000	0.000000	0.000000
128	9300	768	0.015000	3 	 175 	3160	0.192871	0.247925	0.192871	26.303644
128	9300	769	0.015000	3 	 0 	0	0.000000	0.000000	0.000000	0.000000
128	9300	770	0.015000	3 	 3 	6	0.000366	0.000488	0.000366	1.067187
128	9300	771	0.015000	3 	 0 	0	0.000000	0.000000	0.000000	0.000000
128	9300	772	0.015000	3 	 9 	17	0.001038	0.001709	0.001038	2.022366
128	9300	773	0.015000	3 	 2 	7	0.000427	0.000488	0.000427	1.142857
128	9300	774	0.015000	3 	 134 	1710	0.104370	0.146240	0.104370	21.017158
128	9300	775	0.015000	3 	 0 	0	0.000000	0.000000	0.000000	0.000000
128	9300	776	0.015000	3 	 3 	3	0.000183	0.000366	0.000183	0.816497
128	9300	777	0.015000	3 	 7 	7	0.000427	0.001404	0.000427	1.142857
128	9300	778	0.015000	3 	 10 	9	0.000549	0.001587	0.000549	1.662959
128	9300	779	0.015000	3 	 0 	0	0.000000	0.000000	0.000000	0.000000
128	9300	780	0.015000	3 	 0 	0	0.000000	0.000000	0.000000	0.000000
128	9300	781	0.015000	3 	 0 	0	0.000000	0.000000	0.000000	0.000000
128	9300	782	0.015000	3 	 14 	9	0.000549	0.002136	0.000549	1.396645
128	9300	783	0.015000	3 	 88 	40	0.002441	0.024353	0.002441	3.334292
128	9300	784	0.015000	3 	 6 	9	0.000549	0.001221	0.000549	1.351725
128	9300	785	0.015000	3 	 0 	0	0.000000	0.000000	0.000000	0.000000
128	9300	786	0.015000	3 	 28 	18	0.001099	0.006531	0.001099	2.003084
128	9300	787	0.015000	3 	 0 	0	0.000000	0.000000	0.000000	0.000000
128	9300	788	0.015000	3 	 0 	0	0.000000	0.000000	0.000000	0.000000
128	9300	789	0.015000	3 	 0 	0	0.000000	0.000000	0.000000	0.000000
128	9300	790	0.015000	3 	 12 	10	0.000610	0.001953	0.000610	1.565248
128	9300	791	0.015000	3 	 18 	8	0.000488	0.002930	0.000488	1.293010
128	9300	792	0.015000	3 	 3 	4	0.000244	0.000427	0.000244	0.935414
128	9300	793	0.015000	3 	 2 	5	0.000305	0.000549	0.000305	1.019804
128	9300	794	0.015000	3 	 33 	10	0.000610	0.007507	0.000610	2.137756
128	9300	795	0.015000	3 	 2 	2	0.000122	0.000183	0.000122	0.500000
128	9300	796	0.015000	3 	 0 	0	0.000000	0.000000	0.000000	0.000000
128	9300	797	0.015000	3 	 0 	0	0.000000	0.000000	0.000000	0.000000
128	9300	798	0.015000	3 	 0 	0	0.000000	0.000000	0.000000	0.000000
128	9300	799	0.015000	3 	 0 	0	0.000000	0.000000	0.000000	0.000000
128	9300	800	0.015000	3 	 1 	1	0.000061	0.000061	0.000061	0.000000
128	9300	801	0.015000	3 	 7 	9	0.000549	0.001282	0.000549	1.706921
128	9300	802	0.015000	3 	 0 	0	0.000000	0.000000	0.000000	0.000000
128	9300	803	0.015000	3 	 0 	0	0.000000	0.000000	0.000000	0.000000
128	9300	804	0.015000	3 	 116 	9547	0.582703	0.609924	0.001282	3.318334
128	9300	805	0.015000	3 	 9 	10	0.000610	0.001892	0.000610	1.881489
128	9300	806	0.015000	3 	 0 	0	0.000000	0.000000	0.000000	0.000000
128	9300	807	0.015000	3 	 0 	0	0.000000	0.000000	0.000000	0.000000
128	9300	808	0.015000	3 	 0 	0	0.000000	0.000000	0.000000	0.000000
128	9300	809	0.015000	3 	 11 	8	0.000488	0.002197	0.000488	1.709349
128	9300	810	0.015000	3 	 0 	0	0.000000	0.000000	0.000000	0.000000
128	9300	811	0.015000	3 	 0 	0	0.000000	0.000000	0.000000	0.000000
128	9300	812	0.015000	3 	 9 	7	0.000427	0.001770	0.000427	1.428571
128	9300	813	0.015000	3 	 0 	0	0.000000	0.000000	0.000000	0.000000
128	9300	814	0.015000	3 	 0 	0	0.000000	0.000000	0.000000	0.000000
128	9300	815	0.015000	3 	 5 	7	0.000427	0.000854	0.000427	1.324803
128	9300	816	0.015000	3 	 0 	0	0.000000	0.000000	0.000000	0.000000
128	9300	817	0.015000	3 	 14 	10	0.000610	0.002930	0.000610	1.555635
128	9300	818	0.015000	3 	 0 	0	0.000000	0.000000	0.000000	0.000000
128	9300	819	0.015000	3 	 0 	0	0.000000	0.000000	0.000000	0.000000
128	9300	820	0.015000	3 	 0 	0	0.000000	0.000000	0.000000	0.000000
128	9300	821	0.015000	3 	 1 	13	0.000793	0.000793	0.000793	1.849356
128	9300	822	0.015000	3 	 149 	1920	0.117188	0.161194	0.117188	21.573346
128	9300	823	0.015000	3 	 0 	0	0.000000	0.000000	0.000000	0.000000
128	9300	824	0.015000	3 	 10 	16	0.000977	0.002686	0.000977	2.163259
128	9300	825	0.015000	3 	 0 	0	0.000000	0.000000	0.000000	0.000000
128	9300	826	0.015000	3 	 0 	0	0.000000	0.000000	0.000000	0.000000
128	9300	827	0.015000	3 	 6 	2	0.000122	0.000427	0.000122	0.500000
128	9300	828	0.015000	3 	 0 	0	0.000000	0.000000	0.000000	0.000000
128	9300	829	0.015000	3 	 0 	0	0.000000	0.000000	0.000000	0.000000
128	9300	830	0.015000	3 	 0 	0	0.000000	0.000000	0.000000	0.000000
128	9300	831	0.015000	3 	 6 	9	0.000549	0.001465	0.000549	1.314684
128	9300	832	0.015000	3 	 0 	0	0.000000	0.000000	0.000000	0.000000
128	9300	833	0.015000	3 	 11 	5	0.000305	0.001587	0.000305	1.232883
128	9300	834	0.015000	3 	 10 	20	0.001221	0.003418	0.001221	2.493993
128	9300	835	0.015000	3 	 6 	4	0.000244	0.000732	0.000244	0.935414
128	9300	836	0.015000	3 	 0 	0	0.000000	0.000000	0.000000	0.000000
128	9300	837	0.015000	3 	 6 	6	0.000366	0.001160	0.000366	1.105542
128	9300	838	0.015000	3 	 0 	0	0.000000	0.000000	0.000000	0.000000
128	9300	839	0.015000	3 	 0 	0	0.000000	0.000000	0.000000	0.000000
128	9300	840	0.015000	3 	 4 	9	0.000549	0.000732	0.000549	1.457209
128	9300	841	0.015000	3 	 0 	0	0.000000	0.000000	0.000000	0.000000
128	9300	842	0.015000	3 	 0 	0	0.000000	0.000000	0.000000	0.000000
128	9300	843	0.015000	3 	 4 	6	0.000366	0.000977	0.000366	1.067187
128	9300	844	0.015000	3 	 0 	0	0.000000	0.000000	0.000000	0.000000
128	9300	845	0.015000	3 	 3 	7	0.000427	0.000671	0.000427	1.178030
128	9300	846	0.015000	3 	 0 	0	0.000000	0.000000	0.000000	0.000000
128	9300	847	0.015000	3 	 0 	0	0.000000	0.000000	0.000000	0.000000
128	9300	848	0.015000	3 	 0 	0	0.000000	0.000000	0.000000	0.000000
128	9300	849	0.015000	3 	 9 	4	0.000244	0.001221	0.000244	0.866025
128	9300	850	0.015000	3 	 1 	2	0.000122	0.000122	0.000122	0.500000
128	9300	851	0.015000	3 	 0 	0	0.000000	0.000000	0.000000	0.000000
128	9300	852	0.015000	3 	 2 	3	0.000183	0.000244	0.000183	0.666667
128	9300	853	0.015000	3 	 3 	5	0.000305	0.000488	0.000305	1.131371
128	9300	854	0.015000	3 	 0 	0	0.000000	0.000000	0.000000	0.000000
128	9300	855	0.015000	3 	 0 	0	0.000000	0.000000	0.000000	0.000000
128	9300	856	0.015000	3 	 0 	0	0.000000	0.000000	0.000000	0.000000
128	9300	857	0.015000	3 	 0 	0	0.000000	0.000000	0.000000	0.000000
128	9300	858	0.015000	3 	 0 	0	0.000000	0.000000	0.000000	0.000000
128	9300	859	0.015000	3 	 3 	6	0.000366	0.000549	0.000366	1.247219
128	9300	860	0.015000	3 	 6 	7	0.000427	0.001221	0.000427	1.195229
128	9300	861	0.015000	3 	 1 	1	0.000061	0.000061	0.000061	0.000000
128	9300	862	0.015000	3 	 2 	7	0.000427	0.000671	0.000427	1.087968
128	9300	863	0.015000	3 	 17 	15	0.000916	0.003723	0.000916	2.260777
128	9300	864	0.015000	3 	 156 	5157	0.314758	0.351685	0.001587	2.749126
128	9300	865	0.015000	3 	 0 	0	0.000000	0.000000	0.000000	0.000000
128	9300	866	0.015000	3 	 0 	0	0.000000	0.000000	0.000000	0.000000
128	9300	867	0.015000	3 	 0 	0	0.000000	0.000000	0.000000	0.000000
128	9300	868	0.015000	3 	 0 	0	0.000000	0.000000	0.000000	0.000000
128	9300	869	0.015000	3 	 0 	0	0.000000	0.000000	0.000000	0.000000
128	9300	870	0.015000	3 	 0 	0	0.000000	0.000000	0.000000	0.000000
128	9300	871	0.015000	3 	 0 	0	0.000000	0.000000	0.000000	0.000000
128	9300	872	0.015000	3 	 0 	0	0.000000	0.000000	0.000000	0.000000
128	9300	873	0.015000	3 	 3 	6	0.000366	0.000732	0.000366	1.178511
128	9300	874	0.015000	3 	 0 	0	0.000000	0.000000	0.000000	0.000000
128	9300	875	0.015000	3 	 0 	0	0.000000	0.000000	0.000000	0.000000
128	9300	876	0.015000	3 	 0 	0	0.000000	0.000000	0.000000	0.000000
128	9300	877	0.015000	3 	 7 	10	0.000610	0.001404	0.000610	2.071232
128	9300	878	0.015000	3 	 0 	0	0.000000	0.000000	0.000000	0.000000
128	9300	879	0.015000	3 	 12 	4	0.000244	0.001343	0.000244	0.866025
128	9300	880	0.015000	3 	 0 	0	0.000000	0.000000	0.000000	0.000000
128	9300	881	0.015000	3 	 153 	3247	0.198181	0.259949	0.198181	26.825653
128	9300	882	0.015000	3 	 0 	0	0.000000	0.000000	0.000000	0.000000
128	9300	883	0.015000	3 	 22 	11	0.000671	0.004333	0.000671	1.471492
128	9300	884	0.015000	3 	 0 	0	0.000000	0.000000	0.000000	0.000000
128	9300	885	0.015000	3 	 2 	7	0.000427	0.000488	0.000427	1.245400
128	9300	886	0.015000	3 	 0 	0	0.000000	0.000000	0.000000	0.000000
128	9300	887	0.015000	3 	 0 	0	0.000000	0.000000	0.000000	0.000000
128	9300	888	0.015000	3 	 0 	0	0.000000	0.000000	0.000000	0.000000
128	9300	889	0.015000	3 	 0 	0	0.000000	0.000000	0.000000	0.000000
128	9300	890	0.015000	3 	 2 	6	0.000366	0.000427	0.000366	1.201850
128	9300	891	0.015000	3 	 0 	0	0.000000	0.000000	0.000000	0.000000
128	9300	892	0.015000	3 	 0 	0	0.000000	0.000000	0.000000	0.000000
128	9300	893	0.015000	3 	 0 	0	0.000000	0.000000	0.000000	0.000000
128	9300	894	0.015000	3 	 7 	10	0.000610	0.001648	0.000610	1.330413
128	9300	895	0.015000	3 	 1 	4	0.000244	0.000244	0.000244	0.935414
128	9300	896	0.015000	3 	 4 	5	0.000305	0.000671	0.000305	0.894427
128	9300	897	0.015000	3 	 5 	23	0.001404	0.002319	0.001404	2.664618
128	9300	898	0.015000	3 	 3 	4	0.000244	0.000366	0.000244	0.935414
128	9300	899	0.015000	3 	 0 	0	0.000000	0.000000	0.000000	0.000000
128	9300	900	0.015000	3 	 0 	0	0.000000	0.000000	0.000000	0.000000
128	9300	901	0.015000	3 	 19 	11	0.000671	0.002869	0.000671	1.510295
128	9300	902	0.015000	3 	 12 	5	0.000305	0.001953	0.000305	0.894427
128	9300	903	0.015000	3 	 151 	2267	0.138367	0.181396	0.138367	23.230170
128	9300	904	0.015000	3 	 4 	5	0.000305	0.000549	0.000305	1.095445
128	9300	905	0.015000	3 	 6 	11	0.000671	0.001343	0.000671	1.646434
128	9300	906	0.015000	3 	 0 	0	0.000000	0.000000	0.000000	0.000000
128	9300	907	0.015000	3 	 0 	0	0.000000	0.000000	0.000000	0.000000
128	9300	908	0.015000	3 	 0 	0	0.000000	0.000000	0.000000	0.000000
128	9300	909	0.015000	3 	 4 	8	0.000488	0.000732	0.000488	1.340476
128	9300	910	0.015000	3 	 3 	3	0.000183	0.000427	0.000183	0.666667
128	9300	911	0.015000	3 	 0 	0	0.000000	0.000000	0.000000	0.000000
128	9300	912	0.015000	3 	 5 	3	0.000183	0.000793	0.000183	0.816497
128	9300	913	0.015000	3 	 2 	6	0.000366	0.000427	0.000366	1.301708
128	9300	914	0.015000	3 	 195 	3001	0.183167	0.236938	0.183167	25.108334
128	9300	915	0.015000	3 	 0 	0	0.000000	0.000000	0.000000	0.000000
128	9300	916	0.015000	3 	 4 	8	0.000488	0.001221	0.000488	1.479020
128	9300	917	0.015000	3 	 0 	0	0.000000	0.000000	0.000000	0.000000
128	9300	918	0.015000	3 	 0 	0	0.000000	0.000000	0.000000	0.000000
128	9300	919	0.015000	3 	 2 	5	0.000305	0.000427	0.000305	1.232883
128	9300	920	0.015000	3 	 7 	8	0.000488	0.001526	0.000488	1.648863
128	9300	921	0.015000	3 	 0 	0	0.000000	0.000000	0.000000	0.000000
128	9300	922	0.015000	3 	 2 	11	0.000671	0.001282	0.000671	1.945540
128	9300	923	0.015000	3 	 0 	0	0.000000	0.000000	0.000000	0.000000
128	9300	924	0.015000	3 	 0 	0	0.000000	0.000000	0.000000	0.000000
128	9300	925	0.015000	3 	 0 	0	0.000000	0.000000	0.000000	0.000000
128	9300	926	0.015000	3 	 0 	0	0.000000	0.000000	0.000000	0.000000
128	9300	927	0.015000	3 	 2 	3	0.000183	0.000244	0.000183	0.666667
128	9300	928	0.015000	3 	 0 	0	0.000000	0.000000	0.000000	0.000000
128	9300	929	0.015000	3 	 1 	2	0.000122	0.000122	0.000122	0.500000
128	9300	930	0.015000	3 	 105 	65	0.003967	0.031494	0.003967	4.736813
128	9300	931	0.015000	3 	 0 	0	0.000000	0.000000	0.000000	0.000000
128	9300	932	0.015000	3 	 0 	0	0.000000	0.000000	0.000000	0.000000
128	9300	933	0.015000	3 	 0 	0	0.000000	0.000000	0.000000	0.000000
128	9300	934	0.015000	3 	 3 	2	0.000122	0.000244	0.000122	0.500000
128	9300	935	0.015000	3 	 0 	0	0.000000	0.000000	0.000000	0.000000
128	9300	936	0.015000	3 	 27 	8	0.000488	0.005249	0.000488	1.639360
128	9300	937	0.015000	3 	 7 	8	0.000488	0.001099	0.000488	1.363589
128	9300	938	0.015000	3 	 0 	0	0.000000	0.000000	0.000000	0.000000
128	9300	939	0.015000	3 	 0 	0	0.000000	0.000000	0.000000	0.000000
128	9300	940	0.015000	3 	 0 	0	0.000000	0.000000	0.000000	0.000000
128	9300	941	0.015000	3 	 5 	6	0.000366	0.001160	0.000366	1.258306
128	9300	942	0.015000	3 	 8 	6	0.000366	0.001282	0.000366	0.971825
128	9300	943	0.015000	3 	 10 	6	0.000366	0.001770	0.000366	1.067187
128	9300	944	0.015000	3 	 31 	14	0.000854	0.006958	0.000854	2.092260
128	9300	945	0.015000	3 	 0 	0	0.000000	0.000000	0.000000	0.000000
128	9300	946	0.015000	3 	 188 	5868	0.358154	0.403320	0.358154	34.434307
128	9300	947	0.015000	3 	 6 	10	0.000610	0.001099	0.000610	1.473092
128	9300	948	0.015000	3 	 2 	5	0.000305	0.000427	0.000305	1.131371
128	9300	949	0.015000	3 	 0 	0	0.000000	0.000000	0.000000	0.000000
128	9300	950	0.015000	3 	 4 	6	0.000366	0.000671	0.000366	1.013794
128	9300	951	0.015000	3 	 3 	5	0.000305	0.000488	0.000305	1.232883
128	9300	952	0.015000	3 	 1 	3	0.000183	0.000183	0.000183	0.666667
128	9300	953	0.015000	3 	 0 	0	0.000000	0.000000	0.000000	0.000000
128	9300	954	0.015000	3 	 3 	7	0.000427	0.000549	0.000427	1.087968
128	9300	955	0.015000	3 	 7 	7	0.000427	0.001099	0.000427	1.160577
128	9300	956	0.015000	3 	 0 	0	0.000000	0.000000	0.000000	0.000000
128	9300	957	0.015000	3 	 0 	0	0.000000	0.000000	0.000000	0.000000
128	9300	958	0.015000	3 	 0 	0	0.000000	0.000000	0.000000	0.000000
128	9300	959	0.015000	3 	 0 	0	0.000000	0.000000	0.000000	0.000000
128	9300	960	0.015000	3 	 0 	0	0.000000	0.000000	0.000000	0.000000
128	9300	961	0.015000	3 	 0 	0	0.000000	0.000000	0.000000	0.000000
128	9300	962	0.015000	3 	 0 	0	0.000000	0.000000	0.000000	0.000000
128	9300	963	0.015000	3 	 0 	0	0.000000	0.000000	0.000000	0.000000
128	9300	964	0.015000	3 	 1 	4	0.000244	0.000244	0.000244	0.866025
128	9300	965	0.015000	3 	 0 	0	0.000000	0.000000	0.000000	0.000000
128	9300	966	0.015000	3 	 0 	0	0.000000	0.000000	0.000000	0.000000
128	9300	967	0.015000	3 	 0 	0	0.000000	0.000000	0.000000	0.000000
128	9300	968	0.015000	3 	 0 	0	0.000000	0.000000	0.000000	0.000000
128	9300	969	0.015000	3 	 3 	5	0.000305	0.000610	0.000305	1.232883
128	9300	970	0.015000	3 	 0 	0	0.000000	0.000000	0.000000	0.000000
128	9300	971	0.015000	3 	 3 	13	0.000793	0.001099	0.000793	1.930754
128	9300	972	0.015000	3 	 7 	3	0.000183	0.000793	0.000183	0.666667
128	9300	973	0.015000	3 	 0 	0	0.000000	0.000000	0.000000	0.000000
128	9300	974	0.015000	3 	 0 	0	0.000000	0.000000	0.000000	0.000000
128	9300	975	0.015000	3 	 0 	0	0.000000	0.000000	0.000000	0.000000
128	9300	976	0.015000	3 	 0 	0	0.000000	0.000000	0.000000	0.000000
128	9300	977	0.015000	3 	 0 	0	0.000000	0.000000	0.000000	0.000000
128	9300	978	0.015000	3 	 0 	0	0.000000	0.000000	0.000000	0.000000
128	9300	979	0.015000	3 	 156 	55	0.003357	0.058105	0.003357	5.550311
128	9300	980	0.015000	3 	 0 	0	0.000000	0.000000	0.000000	0.000000
128	9300	981	0.015000	3 	 8 	6	0.000366	0.001221	0.000366	1.054093
128	9300	982	0.015000	3 	 6 	19	0.001160	0.002441	0.001160	1.956593
128	9300	983	0.015000	3 	 5 	3	0.000183	0.000427	0.000183	0.666667
128	9300	984	0.015000	3 	 0 	0	0.000000	0.000000	0.000000	0.000000
128	9300	985	0.015000	3 	 120 	22	0.001343	0.025024	0.001343	3.546620
128	9300	986	0.015000	3 	 0 	0	0.000000	0.000000	0.000000	0.000000
128	9300	987	0.015000	3 	 0 	0	0.000000	0.000000	0.000000	0.000000
128	9300	988	0.015000	3 	 0 	0	0.000000	0.000000	0.000000	0.000000
128	9300	989	0.015000	3 	 0 	0	0.000000	0.000000	0.000000	0.000000
128	9300	990	0.015000	3 	 0 	0	0.000000	0.000000	0.000000	0.000000
128	9300	991	0.015000	3 	 4 	2	0.000122	0.000305	0.000122	0.500000
128	9300	992	0.015000	3 	 0 	0	0.000000	0.000000	0.000000	0.000000
128	9300	993	0.015000	3 	 135 	8158	0.497925	0.535278	0.002380	3.421900
128	9300	994	0.015000	3 	 3 	8	0.000488	0.000732	0.000488	1.936492
128	9300	995	0.015000	3 	 3 	3	0.000183	0.000366	0.000183	0.666667
128	9300	996	0.015000	3 	 1 	11	0.000671	0.000671	0.000671	1.641406
128	9300	997	0.015000	3 	 0 	0	0.000000	0.000000	0.000000	0.000000
128	9300	998	0.015000	3 	 0 	0	0.000000	0.000000	0.000000	0.000000
128	9300	999	0.015000	3 	 0 	0	0.000000	0.000000	0.000000	0.000000
128	9300	1000	0.015000	3 	 0 	0	0.000000	0.000000	0.000000	0.000000
