128	9500	1	0.015000	1 	 1 	16145	0.985413	0.985413	0.000000	0.000000
128	9500	2	0.015000	1 	 1 	15622	0.953491	0.953491	0.000000	0.000000
128	9500	3	0.015000	1 	 123 	29	0.001770	0.028381	0.001770	3.369444
128	9500	4	0.015000	1 	 159 	3402	0.207642	0.256409	0.207642	26.816208
128	9500	5	0.015000	1 	 55 	13011	0.794128	0.811462	0.002930	3.825513
128	9500	6	0.015000	1 	 182 	4607	0.281189	0.328308	0.281189	30.842720
128	9500	7	0.015000	1 	 109 	9045	0.552063	0.586304	0.002258	3.031849
128	9500	8	0.015000	1 	 26 	14660	0.894775	0.900757	0.001648	3.209639
128	9500	9	0.015000	1 	 1 	16141	0.985168	0.985168	0.000000	0.000000
128	9500	10	0.015000	1 	 175 	2872	0.175293	0.229248	0.175293	26.357466
128	9500	11	0.015000	1 	 112 	7794	0.475708	0.503662	0.002258	3.739314
128	9500	12	0.015000	1 	 1 	15985	0.975647	0.975647	0.000000	0.000000
128	9500	13	0.015000	1 	 103 	7984	0.487305	0.518738	0.005188	4.990039
128	9500	14	0.015000	1 	 47 	10	0.000610	0.010620	0.000610	1.417745
128	9500	15	0.015000	1 	 150 	5910	0.360718	0.401245	0.002502	3.562646
128	9500	16	0.015000	1 	 1 	16037	0.978821	0.978821	0.000000	0.000000
128	9500	17	0.015000	1 	 107 	9005	0.549622	0.586426	0.004761	4.548103
128	9500	18	0.015000	1 	 216 	3694	0.225464	0.279480	0.225464	28.193185
128	9500	19	0.015000	1 	 4 	3	0.000183	0.000488	0.000183	0.666667
128	9500	20	0.015000	1 	 1 	16123	0.984070	0.984070	0.000000	0.000000
128	9500	21	0.015000	1 	 13 	7	0.000427	0.002502	0.000427	1.456863
128	9500	22	0.015000	1 	 110 	10434	0.636841	0.664490	0.001526	3.102515
128	9500	23	0.015000	1 	 25 	10	0.000610	0.004333	0.000610	1.876166
128	9500	24	0.015000	1 	 102 	9206	0.561890	0.586121	0.001343	2.491722
128	9500	25	0.015000	1 	 5 	2	0.000122	0.000488	0.000122	0.500000
128	9500	26	0.015000	1 	 1 	16121	0.983948	0.983948	0.000000	0.000000
128	9500	27	0.015000	1 	 16 	12	0.000732	0.003540	0.000732	1.662495
128	9500	28	0.015000	1 	 133 	8653	0.528137	0.559204	0.001892	3.078238
128	9500	29	0.015000	1 	 1 	16159	0.986267	0.986267	0.000000	0.000000
128	9500	30	0.015000	1 	 172 	4129	0.252014	0.310974	0.252014	28.869468
128	9500	31	0.015000	1 	 161 	829	0.050598	0.100586	0.050598	16.344694
128	9500	32	0.015000	1 	 1 	16112	0.983398	0.983398	0.000000	0.000000
128	9500	33	0.015000	1 	 140 	4433	0.270569	0.308716	0.270569	30.188362
128	9500	34	0.015000	1 	 177 	3363	0.205261	0.256409	0.205261	26.627714
128	9500	35	0.015000	1 	 80 	19	0.001160	0.017822	0.001160	2.210526
128	9500	36	0.015000	1 	 15 	17	0.001038	0.004211	0.001038	2.034308
128	9500	37	0.015000	1 	 18 	19	0.001160	0.005188	0.001160	2.498753
128	9500	38	0.015000	1 	 1 	16137	0.984924	0.984924	0.000000	0.000000
128	9500	39	0.015000	1 	 1 	16138	0.984985	0.984985	0.000000	0.000000
128	9500	40	0.015000	1 	 1 	16132	0.984619	0.984619	0.000000	0.000000
128	9500	41	0.015000	1 	 1 	16128	0.984375	0.984375	0.000000	0.000000
128	9500	42	0.015000	1 	 191 	5820	0.355225	0.406982	0.355225	33.563188
128	9500	43	0.015000	1 	 105 	9791	0.597595	0.630798	0.003784	4.137781
128	9500	44	0.015000	1 	 1 	16134	0.984741	0.984741	0.000000	0.000000
128	9500	45	0.015000	1 	 153 	4636	0.282959	0.335266	0.282959	30.494589
128	9500	46	0.015000	1 	 1 	16136	0.984863	0.984863	0.000000	0.000000
128	9500	47	0.015000	1 	 163 	4682	0.285767	0.330627	0.285767	30.704741
128	9500	48	0.015000	1 	 104 	8411	0.513367	0.536987	0.001953	2.716953
128	9500	49	0.015000	1 	 1 	16056	0.979980	0.979980	0.000000	0.000000
128	9500	50	0.015000	1 	 23 	13725	0.837708	0.841736	0.000610	1.431782
128	9500	51	0.015000	1 	 159 	3408	0.208008	0.252686	0.208008	26.573720
128	9500	52	0.015000	1 	 17 	11	0.000671	0.004700	0.000671	1.621141
128	9500	53	0.015000	1 	 1 	16073	0.981018	0.981018	0.000000	0.000000
128	9500	54	0.015000	1 	 153 	2859	0.174500	0.209595	0.174500	25.108070
128	9500	55	0.015000	1 	 111 	10036	0.612549	0.643677	0.005066	5.883837
128	9500	56	0.015000	1 	 88 	8645	0.527649	0.557373	0.002441	3.751916
128	9500	57	0.015000	1 	 171 	3032	0.185059	0.244202	0.185059	25.769702
128	9500	58	0.015000	1 	 108 	8415	0.513611	0.545166	0.002930	3.485433
128	9500	59	0.015000	1 	 17 	13	0.000793	0.003723	0.000793	1.868100
128	9500	60	0.015000	1 	 158 	4603	0.280945	0.324280	0.280945	30.510420
128	9500	61	0.015000	1 	 98 	10057	0.613831	0.639526	0.003418	4.137112
128	9500	62	0.015000	1 	 115 	46	0.002808	0.031860	0.002808	4.732794
128	9500	63	0.015000	1 	 154 	6826	0.416626	0.463806	0.004211	3.575085
128	9500	64	0.015000	1 	 1 	16190	0.988159	0.988159	0.000000	0.000000
128	9500	65	0.015000	1 	 147 	2257	0.137756	0.186584	0.137756	23.401313
128	9500	66	0.015000	1 	 1 	16141	0.985168	0.985168	0.000000	0.000000
128	9500	67	0.015000	1 	 0 	0	0.000000	0.000000	0.000000	0.000000
128	9500	68	0.015000	1 	 149 	3862	0.235718	0.276062	0.235718	28.321596
128	9500	69	0.015000	1 	 177 	2065	0.126038	0.182007	0.126038	22.310188
128	9500	70	0.015000	1 	 1 	16151	0.985779	0.985779	0.000000	0.000000
128	9500	71	0.015000	1 	 118 	7704	0.470215	0.503906	0.002930	3.957017
128	9500	72	0.015000	1 	 1 	16136	0.984863	0.984863	0.000000	0.000000
128	9500	73	0.015000	1 	 189 	6061	0.369934	0.432861	0.369934	36.081226
128	9500	74	0.015000	1 	 1 	16149	0.985657	0.985657	0.000000	0.000000
128	9500	75	0.015000	1 	 137 	7893	0.481750	0.520630	0.002441	3.929377
128	9500	76	0.015000	1 	 69 	7568	0.461914	0.477722	0.001648	2.547761
128	9500	77	0.015000	1 	 75 	11677	0.712708	0.733948	0.002380	3.256107
128	9500	78	0.015000	1 	 3 	7	0.000427	0.000793	0.000427	1.484615
128	9500	79	0.015000	1 	 117 	10656	0.650391	0.684875	0.003296	4.059570
128	9500	80	0.015000	1 	 75 	18	0.001099	0.017151	0.001099	2.245709
128	9500	81	0.015000	1 	 1 	16137	0.984924	0.984924	0.000000	0.000000
128	9500	82	0.015000	1 	 195 	6081	0.371155	0.429382	0.371155	36.063733
128	9500	83	0.015000	1 	 1 	16130	0.984497	0.984497	0.000000	0.000000
128	9500	84	0.015000	1 	 0 	0	0.000000	0.000000	0.000000	0.000000
128	9500	85	0.015000	1 	 1 	16146	0.985474	0.985474	0.000000	0.000000
128	9500	86	0.015000	1 	 161 	5945	0.362854	0.413208	0.004761	4.637802
128	9500	87	0.015000	1 	 1 	16151	0.985779	0.985779	0.000000	0.000000
128	9500	88	0.015000	1 	 71 	11010	0.671997	0.688354	0.001526	2.536139
128	9500	89	0.015000	1 	 106 	9889	0.603577	0.631348	0.003723	4.300335
128	9500	90	0.015000	1 	 1 	16146	0.985474	0.985474	0.000000	0.000000
128	9500	91	0.015000	1 	 104 	9436	0.575928	0.604858	0.002563	3.963624
128	9500	92	0.015000	1 	 1 	15918	0.971558	0.971558	0.000000	0.000000
128	9500	93	0.015000	1 	 74 	12188	0.743896	0.760620	0.001526	2.288755
128	9500	94	0.015000	1 	 175 	3246	0.198120	0.254578	0.198120	26.446561
128	9500	95	0.015000	1 	 28 	11	0.000671	0.005188	0.000671	1.488246
128	9500	96	0.015000	1 	 21 	13856	0.845703	0.848450	0.000549	1.196703
128	9500	97	0.015000	1 	 67 	12021	0.733704	0.756042	0.003540	4.184401
128	9500	98	0.015000	1 	 1 	16156	0.986084	0.986084	0.000000	0.000000
128	9500	99	0.015000	1 	 1 	16157	0.986145	0.986145	0.000000	0.000000
128	9500	100	0.015000	1 	 95 	9566	0.583862	0.610229	0.004822	4.761480
128	9500	101	0.015000	1 	 54 	12959	0.790955	0.802734	0.001221	2.200000
128	9500	102	0.015000	1 	 157 	5109	0.311829	0.348633	0.002930	4.288379
128	9500	103	0.015000	1 	 155 	5044	0.307861	0.346741	0.307861	32.245474
128	9500	104	0.015000	1 	 138 	2254	0.137573	0.190308	0.137573	22.669051
128	9500	105	0.015000	1 	 145 	5117	0.312317	0.351562	0.312317	31.894174
128	9500	106	0.015000	1 	 112 	6258	0.381958	0.412659	0.001343	2.825504
128	9500	107	0.015000	1 	 175 	4893	0.298645	0.356262	0.298645	31.310305
128	9500	108	0.015000	1 	 51 	12623	0.770447	0.779602	0.001648	2.841009
128	9500	109	0.015000	1 	 146 	2873	0.175354	0.226013	0.175354	25.173487
128	9500	110	0.015000	1 	 28 	12302	0.750854	0.755005	0.001099	2.054805
128	9500	111	0.015000	1 	 1 	16017	0.977600	0.977600	0.000000	0.000000
128	9500	112	0.015000	1 	 1 	16039	0.978943	0.978943	0.000000	0.000000
128	9500	113	0.015000	1 	 150 	6871	0.419373	0.464905	0.002502	4.068421
128	9500	114	0.015000	1 	 1 	16096	0.982422	0.982422	0.000000	0.000000
128	9500	115	0.015000	1 	 156 	4122	0.251587	0.295837	0.251587	28.659813
128	9500	116	0.015000	1 	 1 	16124	0.984131	0.984131	0.000000	0.000000
128	9500	117	0.015000	1 	 58 	11890	0.725708	0.738953	0.001282	2.146558
128	9500	118	0.015000	1 	 54 	12531	0.764832	0.777222	0.001160	2.565486
128	9500	119	0.015000	1 	 24 	20	0.001221	0.005066	0.001221	2.695830
128	9500	120	0.015000	1 	 1 	16160	0.986328	0.986328	0.000000	0.000000
128	9500	121	0.015000	1 	 63 	12092	0.738037	0.750305	0.001160	2.404981
128	9500	122	0.015000	1 	 1 	16150	0.985718	0.985718	0.000000	0.000000
128	9500	123	0.015000	1 	 1 	15812	0.965088	0.965088	0.000000	0.000000
128	9500	124	0.015000	1 	 220 	2556	0.156006	0.226685	0.156006	29.059611
128	9500	125	0.015000	1 	 64 	12148	0.741455	0.756287	0.002502	3.440321
128	9500	126	0.015000	1 	 1 	16144	0.985352	0.985352	0.000000	0.000000
128	9500	127	0.015000	1 	 10 	11	0.000671	0.001953	0.000671	1.454545
128	9500	128	0.015000	1 	 1 	16122	0.984009	0.984009	0.000000	0.000000
128	9500	129	0.015000	1 	 55 	12	0.000732	0.010803	0.000732	1.509231
128	9500	130	0.015000	1 	 172 	1143	0.069763	0.129272	0.069763	17.619516
128	9500	131	0.015000	1 	 1 	16118	0.983765	0.983765	0.000000	0.000000
128	9500	132	0.015000	1 	 181 	1763	0.107605	0.160767	0.107605	20.814134
128	9500	133	0.015000	1 	 178 	131	0.007996	0.071655	0.007996	8.250916
128	9500	134	0.015000	1 	 121 	9715	0.592957	0.627380	0.003540	4.505018
128	9500	135	0.015000	1 	 23 	14621	0.892395	0.895142	0.000488	1.243734
128	9500	136	0.015000	1 	 1 	16144	0.985352	0.985352	0.000000	0.000000
128	9500	137	0.015000	1 	 185 	4771	0.291199	0.346863	0.291199	30.650330
128	9500	138	0.015000	1 	 120 	8469	0.516907	0.555664	0.004333	4.906505
128	9500	139	0.015000	1 	 1 	16137	0.984924	0.984924	0.000000	0.000000
128	9500	140	0.015000	1 	 184 	2919	0.178162	0.228760	0.178162	27.039779
128	9500	141	0.015000	1 	 1 	16140	0.985107	0.985107	0.000000	0.000000
128	9500	142	0.015000	1 	 117 	5467	0.333679	0.377075	0.004272	4.924657
128	9500	143	0.015000	1 	 1 	16114	0.983521	0.983521	0.000000	0.000000
128	9500	144	0.015000	1 	 109 	17	0.001038	0.023987	0.001038	2.230645
128	9500	145	0.015000	1 	 29 	13	0.000793	0.005432	0.000793	1.639021
128	9500	146	0.015000	1 	 7 	7	0.000427	0.001831	0.000427	1.385051
128	9500	147	0.015000	1 	 185 	5769	0.352112	0.397400	0.352112	33.409681
128	9500	148	0.015000	1 	 16 	15051	0.918640	0.921814	0.000732	1.679120
128	9500	149	0.015000	1 	 143 	249	0.015198	0.061523	0.015198	9.857943
128	9500	150	0.015000	1 	 169 	2202	0.134399	0.180725	0.134399	23.622979
128	9500	151	0.015000	1 	 1 	16135	0.984802	0.984802	0.000000	0.000000
128	9500	152	0.015000	1 	 120 	21	0.001282	0.028198	0.001282	2.168628
128	9500	153	0.015000	1 	 130 	877	0.053528	0.085999	0.053528	17.268497
128	9500	154	0.015000	1 	 105 	9653	0.589172	0.613892	0.002380	3.897267
128	9500	155	0.015000	1 	 1 	16117	0.983704	0.983704	0.000000	0.000000
128	9500	156	0.015000	1 	 136 	3624	0.221191	0.264893	0.221191	27.812309
128	9500	157	0.015000	1 	 5 	5	0.000305	0.000732	0.000305	1.166667
128	9500	158	0.015000	1 	 33 	12664	0.772949	0.785461	0.003052	5.335204
128	9500	159	0.015000	1 	 96 	10970	0.669556	0.691284	0.002014	3.233491
128	9500	160	0.015000	1 	 136 	3168	0.193359	0.240723	0.193359	26.222994
128	9500	161	0.015000	1 	 1 	15989	0.975891	0.975891	0.000000	0.000000
128	9500	162	0.015000	1 	 161 	4405	0.268860	0.309570	0.268860	30.136792
128	9500	163	0.015000	1 	 178 	507	0.030945	0.079529	0.030945	12.962307
128	9500	164	0.015000	1 	 110 	7730	0.471802	0.498413	0.001953	3.215563
128	9500	165	0.015000	1 	 141 	5434	0.331665	0.366760	0.001526	3.000800
128	9500	166	0.015000	1 	 1 	16135	0.984802	0.984802	0.000000	0.000000
128	9500	167	0.015000	1 	 150 	1198	0.073120	0.116577	0.073120	19.033666
128	9500	168	0.015000	1 	 17 	13	0.000793	0.003601	0.000793	1.624516
128	9500	169	0.015000	1 	 118 	8733	0.533020	0.561218	0.001770	2.979917
128	9500	170	0.015000	1 	 139 	50	0.003052	0.037109	0.003052	3.481034
128	9500	171	0.015000	1 	 27 	10	0.000610	0.005798	0.000610	1.627882
128	9500	172	0.015000	1 	 108 	8528	0.520508	0.546936	0.002869	3.844417
128	9500	173	0.015000	1 	 1 	16135	0.984802	0.984802	0.000000	0.000000
128	9500	174	0.015000	1 	 10 	10	0.000610	0.002136	0.000610	1.549193
128	9500	175	0.015000	1 	 152 	9871	0.602478	0.648132	0.004211	4.671345
128	9500	176	0.015000	1 	 11 	15179	0.926453	0.927795	0.000732	1.697629
128	9500	177	0.015000	1 	 1 	16122	0.984009	0.984009	0.000000	0.000000
128	9500	178	0.015000	1 	 1 	16138	0.984985	0.984985	0.000000	0.000000
128	9500	179	0.015000	1 	 128 	2837	0.173157	0.211792	0.173157	24.985719
128	9500	180	0.015000	1 	 27 	14152	0.863770	0.873840	0.005493	5.529104
128	9500	181	0.015000	1 	 1 	16135	0.984802	0.984802	0.000000	0.000000
128	9500	182	0.015000	1 	 146 	856	0.052246	0.100647	0.052246	15.559227
128	9500	183	0.015000	1 	 141 	6797	0.414856	0.455566	0.002197	3.678223
128	9500	184	0.015000	1 	 1 	16149	0.985657	0.985657	0.000000	0.000000
128	9500	185	0.015000	1 	 189 	3787	0.231140	0.295898	0.231140	32.512727
128	9500	186	0.015000	1 	 138 	2255	0.137634	0.172791	0.137634	22.434108
128	9500	187	0.015000	1 	 21 	13801	0.842346	0.846375	0.000793	1.933816
128	9500	188	0.015000	1 	 12 	15194	0.927368	0.929810	0.000610	1.330413
128	9500	189	0.015000	1 	 170 	5343	0.326111	0.377991	0.326111	33.511377
128	9500	190	0.015000	1 	 92 	8180	0.499268	0.529175	0.003357	4.176677
128	9500	191	0.015000	1 	 8 	15257	0.931213	0.931641	0.000061	0.000000
128	9500	192	0.015000	1 	 205 	3802	0.232056	0.294006	0.232056	28.493255
128	9500	193	0.015000	1 	 150 	3045	0.185852	0.230225	0.185852	25.331628
128	9500	194	0.015000	1 	 54 	28	0.001709	0.011536	0.001709	3.046828
128	9500	195	0.015000	1 	 1 	16127	0.984314	0.984314	0.000000	0.000000
128	9500	196	0.015000	1 	 91 	35	0.002136	0.028625	0.002136	3.401320
128	9500	197	0.015000	1 	 123 	45	0.002747	0.031433	0.002747	3.761665
128	9500	198	0.015000	1 	 1 	16113	0.983459	0.983459	0.000000	0.000000
128	9500	199	0.015000	1 	 103 	11082	0.676392	0.701721	0.002075	3.334443
128	9500	200	0.015000	1 	 38 	13681	0.835022	0.840942	0.000916	2.022100
128	9500	201	0.015000	1 	 138 	3060	0.186768	0.220398	0.186768	25.623612
128	9500	202	0.015000	1 	 1 	16130	0.984497	0.984497	0.000000	0.000000
128	9500	203	0.015000	1 	 1 	16153	0.985901	0.985901	0.000000	0.000000
128	9500	204	0.015000	1 	 1 	16155	0.986023	0.986023	0.000000	0.000000
128	9500	205	0.015000	1 	 125 	9812	0.598877	0.637207	0.003296	4.524321
128	9500	206	0.015000	1 	 39 	15	0.000916	0.010620	0.000916	2.453116
128	9500	207	0.015000	1 	 1 	16127	0.984314	0.984314	0.000000	0.000000
128	9500	208	0.015000	1 	 142 	5084	0.310303	0.348877	0.003357	4.755162
128	9500	209	0.015000	1 	 109 	9489	0.579163	0.604858	0.002014	2.952952
128	9500	210	0.015000	1 	 1 	16127	0.984314	0.984314	0.000000	0.000000
128	9500	211	0.015000	1 	 146 	1598	0.097534	0.139282	0.097534	19.555255
128	9500	212	0.015000	1 	 1 	16149	0.985657	0.985657	0.000000	0.000000
128	9500	213	0.015000	1 	 43 	13101	0.799622	0.808899	0.001282	2.422495
128	9500	214	0.015000	1 	 28 	19	0.001160	0.006470	0.001160	2.201737
128	9500	215	0.015000	1 	 1 	16130	0.984497	0.984497	0.000000	0.000000
128	9500	216	0.015000	1 	 126 	6986	0.426392	0.468567	0.003479	4.567203
128	9500	217	0.015000	1 	 210 	3386	0.206665	0.264587	0.206665	27.590625
128	9500	218	0.015000	1 	 168 	2173	0.132629	0.188721	0.132629	22.387102
128	9500	219	0.015000	1 	 158 	3865	0.235901	0.278198	0.235901	28.629574
128	9500	220	0.015000	1 	 32 	12977	0.792053	0.800354	0.001343	3.671162
128	9500	221	0.015000	1 	 27 	12	0.000732	0.005859	0.000732	1.563472
128	9500	222	0.015000	1 	 200 	6862	0.418823	0.481018	0.418823	36.242388
128	9500	223	0.015000	1 	 29 	13652	0.833252	0.838562	0.000977	2.217649
128	9500	224	0.015000	1 	 5 	4	0.000244	0.000732	0.000244	0.935414
128	9500	225	0.015000	1 	 171 	4496	0.274414	0.320496	0.274414	30.422177
128	9500	226	0.015000	1 	 106 	10066	0.614380	0.642639	0.002319	3.211497
128	9500	227	0.015000	1 	 49 	12220	0.745850	0.759888	0.001587	2.914207
128	9500	228	0.015000	1 	 127 	9833	0.600159	0.630371	0.003235	3.792875
128	9500	229	0.015000	1 	 73 	16	0.000977	0.016418	0.000977	1.948557
128	9500	230	0.015000	1 	 171 	5296	0.323242	0.381714	0.323242	33.888206
128	9500	231	0.015000	1 	 1 	16174	0.987183	0.987183	0.000000	0.000000
128	9500	232	0.015000	1 	 1 	16146	0.985474	0.985474	0.000000	0.000000
128	9500	233	0.015000	1 	 1 	16142	0.985229	0.985229	0.000000	0.000000
128	9500	234	0.015000	1 	 6 	15168	0.925781	0.926697	0.000488	1.165922
128	9500	235	0.015000	1 	 1 	16109	0.983215	0.983215	0.000000	0.000000
128	9500	236	0.015000	1 	 214 	3047	0.185974	0.242188	0.185974	26.273936
128	9500	237	0.015000	1 	 10 	15042	0.918091	0.920288	0.000854	2.192287
128	9500	238	0.015000	1 	 192 	651	0.039734	0.112427	0.039734	14.616051
128	9500	239	0.015000	1 	 1 	15915	0.971375	0.971375	0.000000	0.000000
128	9500	240	0.015000	1 	 1 	16148	0.985596	0.985596	0.000000	0.000000
128	9500	241	0.015000	1 	 17 	13	0.000793	0.003723	0.000793	2.541956
128	9500	242	0.015000	1 	 1 	15969	0.974670	0.974670	0.000000	0.000000
128	9500	243	0.015000	1 	 1 	16038	0.978882	0.978882	0.000000	0.000000
128	9500	244	0.015000	1 	 1 	16146	0.985474	0.985474	0.000000	0.000000
128	9500	245	0.015000	1 	 100 	8915	0.544128	0.572449	0.001831	2.998148
128	9500	246	0.015000	1 	 34 	12711	0.775818	0.783569	0.001099	1.934897
128	9500	247	0.015000	1 	 1 	16138	0.984985	0.984985	0.000000	0.000000
128	9500	248	0.015000	1 	 1 	16169	0.986877	0.986877	0.000000	0.000000
128	9500	249	0.015000	1 	 6 	15285	0.932922	0.933350	0.000122	0.500000
128	9500	250	0.015000	1 	 1 	16139	0.985046	0.985046	0.000000	0.000000
128	9500	251	0.015000	1 	 5 	5	0.000305	0.001038	0.000305	1.095445
128	9500	252	0.015000	1 	 1 	16086	0.981812	0.981812	0.000000	0.000000
128	9500	253	0.015000	1 	 36 	12	0.000732	0.006348	0.000732	2.012116
128	9500	254	0.015000	1 	 169 	7000	0.427246	0.479858	0.427246	37.121890
128	9500	255	0.015000	1 	 191 	167	0.010193	0.087524	0.010193	8.418088
128	9500	256	0.015000	1 	 5 	15235	0.929871	0.930237	0.000183	0.666667
128	9500	257	0.015000	1 	 1 	16109	0.983215	0.983215	0.000000	0.000000
128	9500	258	0.015000	1 	 71 	12175	0.743103	0.765259	0.003052	4.496488
128	9500	259	0.015000	1 	 127 	7215	0.440369	0.474426	0.002380	3.501103
128	9500	260	0.015000	1 	 165 	4529	0.276428	0.327026	0.276428	29.864681
128	9500	261	0.015000	1 	 146 	122	0.007446	0.064941	0.007446	6.479849
128	9500	262	0.015000	1 	 1 	16127	0.984314	0.984314	0.000000	0.000000
128	9500	263	0.015000	1 	 28 	13297	0.811584	0.816162	0.000916	2.030873
128	9500	264	0.015000	1 	 1 	16135	0.984802	0.984802	0.000000	0.000000
128	9500	265	0.015000	1 	 62 	12	0.000732	0.013428	0.000732	1.522972
128	9500	266	0.015000	1 	 1 	16155	0.986023	0.986023	0.000000	0.000000
128	9500	267	0.015000	1 	 111 	9439	0.576111	0.606750	0.001831	2.743275
128	9500	268	0.015000	1 	 113 	9722	0.593384	0.624329	0.002075	2.982214
128	9500	269	0.015000	1 	 1 	16127	0.984314	0.984314	0.000000	0.000000
128	9500	270	0.015000	1 	 58 	11916	0.727295	0.745117	0.001770	2.616603
128	9500	271	0.015000	1 	 1 	16143	0.985291	0.985291	0.000000	0.000000
128	9500	272	0.015000	1 	 81 	10452	0.637939	0.659302	0.001648	3.708145
128	9500	273	0.015000	1 	 71 	9424	0.575195	0.597473	0.002380	3.431877
128	9500	274	0.015000	1 	 1 	16144	0.985352	0.985352	0.000000	0.000000
128	9500	275	0.015000	1 	 4 	4	0.000244	0.000549	0.000244	0.829156
128	9500	276	0.015000	1 	 94 	10239	0.624939	0.649292	0.002136	4.669484
128	9500	277	0.015000	1 	 5 	15087	0.920837	0.922363	0.000488	1.262438
128	9500	278	0.015000	1 	 23 	11	0.000671	0.006287	0.000671	1.526623
128	9500	279	0.015000	1 	 119 	7546	0.460571	0.489563	0.004761	5.102065
128	9500	280	0.015000	1 	 7 	8	0.000488	0.001892	0.000488	1.473728
128	9500	281	0.015000	1 	 169 	6505	0.397034	0.452576	0.397034	35.729895
128	9500	282	0.015000	1 	 1 	16149	0.985657	0.985657	0.000000	0.000000
128	9500	283	0.015000	1 	 1 	16027	0.978210	0.978210	0.000000	0.000000
128	9500	284	0.015000	1 	 1 	16158	0.986206	0.986206	0.000000	0.000000
128	9500	285	0.015000	1 	 1 	16134	0.984741	0.984741	0.000000	0.000000
128	9500	286	0.015000	1 	 1 	16142	0.985229	0.985229	0.000000	0.000000
128	9500	287	0.015000	1 	 1 	16127	0.984314	0.984314	0.000000	0.000000
128	9500	288	0.015000	1 	 103 	9742	0.594604	0.624146	0.002869	3.670691
128	9500	289	0.015000	1 	 1 	16121	0.983948	0.983948	0.000000	0.000000
128	9500	290	0.015000	1 	 171 	6449	0.393616	0.440002	0.393616	35.439926
128	9500	291	0.015000	1 	 1 	16158	0.986206	0.986206	0.000000	0.000000
128	9500	292	0.015000	1 	 36 	13267	0.809753	0.816223	0.000732	1.728037
128	9500	293	0.015000	1 	 1 	15897	0.970276	0.970276	0.000000	0.000000
128	9500	294	0.015000	1 	 1 	16147	0.985535	0.985535	0.000000	0.000000
128	9500	295	0.015000	1 	 42 	15	0.000916	0.007568	0.000916	1.751190
128	9500	296	0.015000	1 	 63 	10753	0.656311	0.668152	0.000977	1.883315
128	9500	297	0.015000	1 	 1 	16131	0.984558	0.984558	0.000000	0.000000
128	9500	298	0.015000	1 	 1 	16016	0.977539	0.977539	0.000000	0.000000
128	9500	299	0.015000	1 	 166 	5328	0.325195	0.371338	0.325195	33.657762
128	9500	300	0.015000	1 	 166 	5774	0.352417	0.408569	0.352417	33.967557
128	9500	301	0.015000	1 	 127 	8514	0.519653	0.552490	0.002808	4.093023
128	9500	302	0.015000	1 	 93 	7194	0.439087	0.461304	0.001526	2.776473
128	9500	303	0.015000	1 	 54 	12778	0.779907	0.792236	0.002136	3.247605
128	9500	304	0.015000	1 	 1 	4	0.000244	0.000244	0.000244	0.935414
128	9500	305	0.015000	1 	 1 	16130	0.984497	0.984497	0.000000	0.000000
128	9500	306	0.015000	1 	 1 	16151	0.985779	0.985779	0.000000	0.000000
128	9500	307	0.015000	1 	 11 	15	0.000916	0.002502	0.000916	2.192918
128	9500	308	0.015000	1 	 1 	15975	0.975037	0.975037	0.000000	0.000000
128	9500	309	0.015000	1 	 12 	15045	0.918274	0.921265	0.001221	2.687006
128	9500	310	0.015000	1 	 119 	67	0.004089	0.036987	0.004089	5.136020
128	9500	311	0.015000	1 	 1 	16130	0.984497	0.984497	0.000000	0.000000
128	9500	312	0.015000	1 	 7 	6	0.000366	0.000977	0.000366	1.384437
128	9500	313	0.015000	1 	 1 	16115	0.983582	0.983582	0.000000	0.000000
128	9500	314	0.015000	1 	 1 	16150	0.985718	0.985718	0.000000	0.000000
128	9500	315	0.015000	1 	 82 	10945	0.668030	0.689148	0.002441	2.927243
128	9500	316	0.015000	1 	 33 	9	0.000549	0.006592	0.000549	1.295767
128	9500	317	0.015000	1 	 105 	10833	0.661194	0.685669	0.001709	3.018227
128	9500	318	0.015000	1 	 1 	16144	0.985352	0.985352	0.000000	0.000000
128	9500	319	0.015000	1 	 32 	13952	0.851562	0.859863	0.000916	2.076322
128	9500	320	0.015000	1 	 56 	12754	0.778442	0.790833	0.001343	2.341681
128	9500	321	0.015000	1 	 74 	11588	0.707275	0.726379	0.001892	3.058228
128	9500	322	0.015000	1 	 1 	16174	0.987183	0.987183	0.000000	0.000000
128	9500	323	0.015000	1 	 183 	5194	0.317017	0.363892	0.317017	31.793661
128	9500	324	0.015000	1 	 128 	4852	0.296143	0.332520	0.296143	31.418148
128	9500	325	0.015000	1 	 1 	16142	0.985229	0.985229	0.000000	0.000000
128	9500	326	0.015000	1 	 1 	15559	0.949646	0.949646	0.000000	0.000000
128	9500	327	0.015000	1 	 1 	16115	0.983582	0.983582	0.000000	0.000000
128	9500	328	0.015000	1 	 24 	14358	0.876343	0.880493	0.000488	1.489547
128	9500	329	0.015000	1 	 146 	5642	0.344360	0.384460	0.344360	33.215251
128	9500	330	0.015000	1 	 184 	6650	0.405884	0.457825	0.002625	3.909053
128	9500	331	0.015000	1 	 94 	10450	0.637817	0.665466	0.004456	4.484623
128	9500	332	0.015000	1 	 1 	16153	0.985901	0.985901	0.000000	0.000000
128	9500	333	0.015000	1 	 19 	17	0.001038	0.003235	0.001038	2.180442
128	9500	334	0.015000	1 	 79 	21	0.001282	0.021423	0.001282	2.817986
128	9500	335	0.015000	1 	 1 	16120	0.983887	0.983887	0.000000	0.000000
128	9500	336	0.015000	1 	 161 	7215	0.440369	0.481140	0.002563	4.192099
128	9500	337	0.015000	1 	 1 	15560	0.949707	0.949707	0.000000	0.000000
128	9500	338	0.015000	1 	 1 	16117	0.983704	0.983704	0.000000	0.000000
128	9500	339	0.015000	1 	 6 	3	0.000183	0.000732	0.000183	0.666667
128	9500	340	0.015000	1 	 1 	16148	0.985596	0.985596	0.000000	0.000000
128	9500	341	0.015000	1 	 41 	13430	0.819702	0.828064	0.000977	1.712774
128	9500	342	0.015000	1 	 46 	12623	0.770447	0.780090	0.002136	3.509288
128	9500	343	0.015000	1 	 137 	11348	0.692627	0.736755	0.003906	4.106195
128	9500	344	0.015000	1 	 142 	3853	0.235168	0.274292	0.235168	28.307365
128	9500	345	0.015000	1 	 1 	16142	0.985229	0.985229	0.000000	0.000000
128	9500	346	0.015000	1 	 1 	16133	0.984680	0.984680	0.000000	0.000000
128	9500	347	0.015000	1 	 1 	16069	0.980774	0.980774	0.000000	0.000000
128	9500	348	0.015000	1 	 95 	10049	0.613342	0.639954	0.002502	3.392787
128	9500	349	0.015000	1 	 37 	13591	0.829529	0.838745	0.001709	3.561235
128	9500	350	0.015000	1 	 99 	10533	0.642883	0.672852	0.002991	3.840315
128	9500	351	0.015000	1 	 40 	14	0.000854	0.006775	0.000854	1.778557
128	9500	352	0.015000	1 	 151 	481	0.029358	0.072327	0.029358	12.345938
128	9500	353	0.015000	1 	 1 	16090	0.982056	0.982056	0.000000	0.000000
128	9500	354	0.015000	1 	 158 	84	0.005127	0.046387	0.005127	5.371753
128	9500	355	0.015000	1 	 12 	14248	0.869629	0.872131	0.000916	1.751190
128	9500	356	0.015000	1 	 79 	10376	0.633301	0.654724	0.002319	3.311714
128	9500	357	0.015000	1 	 6 	15167	0.925720	0.926025	0.000061	0.000000
128	9500	358	0.015000	1 	 1 	16179	0.987488	0.987488	0.000000	0.000000
128	9500	359	0.015000	1 	 135 	547	0.033386	0.073914	0.033386	12.441768
128	9500	360	0.015000	1 	 20 	7	0.000427	0.003601	0.000427	1.142857
128	9500	361	0.015000	1 	 1 	16154	0.985962	0.985962	0.000000	0.000000
128	9500	362	0.015000	1 	 1 	16146	0.985474	0.985474	0.000000	0.000000
128	9500	363	0.015000	1 	 1 	16120	0.983887	0.983887	0.000000	0.000000
128	9500	364	0.015000	1 	 145 	2219	0.135437	0.182800	0.135437	22.500993
128	9500	365	0.015000	1 	 1 	16130	0.984497	0.984497	0.000000	0.000000
128	9500	366	0.015000	1 	 5 	15326	0.935425	0.936584	0.000977	1.939515
128	9500	367	0.015000	1 	 103 	35	0.002136	0.022644	0.002136	3.834943
128	9500	368	0.015000	1 	 1 	16108	0.983154	0.983154	0.000000	0.000000
128	9500	369	0.015000	1 	 145 	5332	0.325439	0.379761	0.325439	33.371476
128	9500	370	0.015000	1 	 165 	7632	0.465820	0.512817	0.004211	4.484331
128	9500	371	0.015000	1 	 150 	7308	0.446045	0.489807	0.004639	5.224844
128	9500	372	0.015000	1 	 26 	12806	0.781616	0.785461	0.001038	2.229094
128	9500	373	0.015000	1 	 1 	16146	0.985474	0.985474	0.000000	0.000000
128	9500	374	0.015000	1 	 24 	9	0.000549	0.004517	0.000549	1.579186
128	9500	375	0.015000	1 	 1 	16146	0.985474	0.985474	0.000000	0.000000
128	9500	376	0.015000	1 	 3 	15291	0.933289	0.934326	0.000793	1.970192
128	9500	377	0.015000	1 	 151 	4662	0.284546	0.337830	0.284546	31.082636
128	9500	378	0.015000	1 	 14 	14670	0.895386	0.896729	0.000244	0.866025
128	9500	379	0.015000	1 	 144 	4117	0.251282	0.297302	0.251282	29.039382
128	9500	380	0.015000	1 	 1 	16109	0.983215	0.983215	0.000000	0.000000
128	9500	381	0.015000	1 	 1 	16161	0.986389	0.986389	0.000000	0.000000
128	9500	382	0.015000	1 	 95 	9546	0.582642	0.604492	0.001465	2.231696
128	9500	383	0.015000	1 	 1 	16136	0.984863	0.984863	0.000000	0.000000
128	9500	384	0.015000	1 	 210 	5626	0.343384	0.402466	0.343384	33.358813
128	9500	385	0.015000	1 	 1 	16128	0.984375	0.984375	0.000000	0.000000
128	9500	386	0.015000	1 	 175 	5773	0.352356	0.411621	0.352356	33.322586
128	9500	387	0.015000	1 	 157 	3864	0.235840	0.282593	0.235840	28.709560
128	9500	388	0.015000	1 	 1 	16114	0.983521	0.983521	0.000000	0.000000
128	9500	389	0.015000	1 	 61 	12461	0.760559	0.773804	0.001831	2.749747
128	9500	390	0.015000	1 	 23 	14	0.000854	0.004578	0.000854	1.837811
128	9500	391	0.015000	1 	 8 	10	0.000610	0.001831	0.000610	1.500000
128	9500	392	0.015000	1 	 13 	15268	0.931885	0.933838	0.000488	1.243734
128	9500	393	0.015000	1 	 71 	9908	0.604736	0.618835	0.001587	2.772701
128	9500	394	0.015000	1 	 143 	3731	0.227722	0.267761	0.227722	30.525005
128	9500	395	0.015000	1 	 1 	16163	0.986511	0.986511	0.000000	0.000000
128	9500	396	0.015000	1 	 147 	3102	0.189331	0.235352	0.189331	25.702985
128	9500	397	0.015000	1 	 143 	5557	0.339172	0.373596	0.001770	3.312499
128	9500	398	0.015000	1 	 124 	34	0.002075	0.035217	0.002075	3.376081
128	9500	399	0.015000	1 	 13 	10	0.000610	0.002563	0.000610	1.431782
128	9500	400	0.015000	1 	 1 	16153	0.985901	0.985901	0.000000	0.000000
128	9500	401	0.015000	1 	 1 	16126	0.984253	0.984253	0.000000	0.000000
128	9500	402	0.015000	1 	 81 	9266	0.565552	0.587769	0.003113	4.201389
128	9500	403	0.015000	1 	 1 	16063	0.980408	0.980408	0.000000	0.000000
128	9500	404	0.015000	1 	 143 	1741	0.106262	0.151001	0.106262	21.204703
128	9500	405	0.015000	1 	 182 	5120	0.312500	0.364380	0.312500	32.686061
128	9500	406	0.015000	1 	 1 	16131	0.984558	0.984558	0.000000	0.000000
128	9500	407	0.015000	1 	 106 	1971	0.120300	0.161499	0.120300	22.065141
128	9500	408	0.015000	1 	 101 	8231	0.502380	0.528076	0.002014	3.067948
128	9500	409	0.015000	1 	 1 	16129	0.984436	0.984436	0.000000	0.000000
128	9500	410	0.015000	1 	 135 	4478	0.273315	0.314453	0.273315	30.958717
128	9500	411	0.015000	1 	 1 	16138	0.984985	0.984985	0.000000	0.000000
128	9500	412	0.015000	1 	 4 	15581	0.950989	0.951233	0.000122	0.500000
128	9500	413	0.015000	1 	 148 	4598	0.280640	0.317993	0.280640	30.541766
128	9500	414	0.015000	1 	 198 	4126	0.251831	0.308472	0.251831	28.619179
128	9500	415	0.015000	1 	 1 	16155	0.986023	0.986023	0.000000	0.000000
128	9500	416	0.015000	1 	 1 	16130	0.984497	0.984497	0.000000	0.000000
128	9500	417	0.015000	1 	 51 	15	0.000916	0.013123	0.000916	2.131249
128	9500	418	0.015000	1 	 158 	8583	0.523865	0.568909	0.003845	5.220220
128	9500	419	0.015000	1 	 170 	147	0.008972	0.064697	0.008972	6.876383
128	9500	420	0.015000	1 	 129 	6014	0.367065	0.398682	0.001953	3.493716
128	9500	421	0.015000	1 	 19 	13842	0.844849	0.847778	0.000732	1.771691
128	9500	422	0.015000	1 	 26 	12	0.000732	0.005493	0.000732	2.088327
128	9500	423	0.015000	1 	 211 	4243	0.258972	0.333435	0.258972	30.706812
128	9500	424	0.015000	1 	 1 	16159	0.986267	0.986267	0.000000	0.000000
128	9500	425	0.015000	1 	 1 	16041	0.979065	0.979065	0.000000	0.000000
128	9500	426	0.015000	1 	 1 	16156	0.986084	0.986084	0.000000	0.000000
128	9500	427	0.015000	1 	 11 	5	0.000305	0.001160	0.000305	1.131371
128	9500	428	0.015000	1 	 189 	3211	0.195984	0.245361	0.195984	27.266093
128	9500	429	0.015000	1 	 165 	879	0.053650	0.116516	0.053650	16.134893
128	9500	430	0.015000	1 	 110 	9981	0.609192	0.631775	0.001221	2.124258
128	9500	431	0.015000	1 	 169 	2424	0.147949	0.196838	0.147949	23.157326
128	9500	432	0.015000	1 	 18 	14592	0.890625	0.892761	0.000732	1.605113
128	9500	433	0.015000	1 	 145 	7056	0.430664	0.469482	0.003540	3.691306
128	9500	434	0.015000	1 	 125 	104	0.006348	0.048462	0.006348	5.733995
128	9500	435	0.015000	1 	 99 	9481	0.578674	0.606201	0.003174	3.535534
128	9500	436	0.015000	1 	 150 	6986	0.426392	0.472839	0.005493	5.616301
128	9500	437	0.015000	1 	 181 	4349	0.265442	0.318665	0.265442	30.224579
128	9500	438	0.015000	1 	 37 	24	0.001465	0.007324	0.001465	2.623346
128	9500	439	0.015000	1 	 150 	1570	0.095825	0.131104	0.095825	19.944259
128	9500	440	0.015000	1 	 1 	16123	0.984070	0.984070	0.000000	0.000000
128	9500	441	0.015000	1 	 60 	11	0.000671	0.010925	0.000671	1.585054
128	9500	442	0.015000	1 	 130 	9804	0.598389	0.630615	0.002258	3.983347
128	9500	443	0.015000	1 	 27 	8	0.000488	0.004639	0.000488	1.262438
128	9500	444	0.015000	1 	 47 	19	0.001160	0.009521	0.001160	2.337221
128	9500	445	0.015000	1 	 1 	16144	0.985352	0.985352	0.000000	0.000000
128	9500	446	0.015000	1 	 115 	10002	0.610474	0.647400	0.005127	5.752649
128	9500	447	0.015000	1 	 149 	5773	0.352356	0.405457	0.006226	5.324252
128	9500	448	0.015000	1 	 93 	9720	0.593262	0.614380	0.002625	3.853594
128	9500	449	0.015000	1 	 1 	16152	0.985840	0.985840	0.000000	0.000000
128	9500	450	0.015000	1 	 1 	16119	0.983826	0.983826	0.000000	0.000000
128	9500	451	0.015000	1 	 1 	16118	0.983765	0.983765	0.000000	0.000000
128	9500	452	0.015000	1 	 65 	12382	0.755737	0.768494	0.001099	1.945238
128	9500	453	0.015000	1 	 149 	4252	0.259521	0.297058	0.259521	30.325687
128	9500	454	0.015000	1 	 11 	14996	0.915283	0.918213	0.000732	2.006932
128	9500	455	0.015000	1 	 18 	10	0.000610	0.003723	0.000610	1.649242
128	9500	456	0.015000	1 	 146 	8680	0.529785	0.568298	0.003113	4.115219
128	9500	457	0.015000	1 	 28 	21	0.001282	0.005798	0.001282	2.445784
128	9500	458	0.015000	1 	 1 	16013	0.977356	0.977356	0.000000	0.000000
128	9500	459	0.015000	1 	 7 	5	0.000305	0.001221	0.000305	0.894427
128	9500	460	0.015000	1 	 92 	10894	0.664917	0.689880	0.002075	3.133147
128	9500	461	0.015000	1 	 25 	13799	0.842224	0.847168	0.000793	1.620870
128	9500	462	0.015000	1 	 67 	11485	0.700989	0.719177	0.003540	4.476388
128	9500	463	0.015000	1 	 1 	16138	0.984985	0.984985	0.000000	0.000000
128	9500	464	0.015000	1 	 1 	16133	0.984680	0.984680	0.000000	0.000000
128	9500	465	0.015000	1 	 127 	9155	0.558777	0.592102	0.002625	3.393915
128	9500	466	0.015000	1 	 1 	16140	0.985107	0.985107	0.000000	0.000000
128	9500	467	0.015000	1 	 91 	10422	0.636108	0.656372	0.001892	3.330245
128	9500	468	0.015000	1 	 112 	48	0.002930	0.029541	0.002930	4.078060
128	9500	469	0.015000	1 	 188 	5020	0.306396	0.350891	0.306396	32.018548
128	9500	470	0.015000	1 	 1 	16095	0.982361	0.982361	0.000000	0.000000
128	9500	471	0.015000	1 	 138 	7889	0.481506	0.517273	0.005737	5.190312
128	9500	472	0.015000	1 	 0 	0	0.000000	0.000000	0.000000	0.000000
128	9500	473	0.015000	1 	 1 	16145	0.985413	0.985413	0.000000	0.000000
128	9500	474	0.015000	1 	 120 	8679	0.529724	0.565063	0.002563	3.940386
128	9500	475	0.015000	1 	 187 	6047	0.369080	0.426086	0.005798	5.533459
128	9500	476	0.015000	1 	 4 	7	0.000427	0.000671	0.000427	1.212183
128	9500	477	0.015000	1 	 110 	6727	0.410583	0.440857	0.002258	3.874398
128	9500	478	0.015000	1 	 157 	2937	0.179260	0.235718	0.179260	25.363254
128	9500	479	0.015000	1 	 119 	8202	0.500610	0.534668	0.002808	5.487441
128	9500	480	0.015000	1 	 1 	16160	0.986328	0.986328	0.000000	0.000000
128	9500	481	0.015000	1 	 14 	15	0.000916	0.003906	0.000916	2.101851
128	9500	482	0.015000	1 	 158 	3876	0.236572	0.283752	0.236572	27.892809
128	9500	483	0.015000	1 	 25 	14341	0.875305	0.880127	0.000977	1.720737
128	9500	484	0.015000	1 	 47 	13876	0.846924	0.855652	0.000916	2.180724
128	9500	485	0.015000	1 	 121 	7648	0.466797	0.502808	0.002136	3.731608
128	9500	486	0.015000	1 	 91 	11495	0.701599	0.722961	0.004639	4.446492
128	9500	487	0.015000	1 	 6 	15409	0.940491	0.940796	0.000061	0.000000
128	9500	488	0.015000	1 	 1 	16127	0.984314	0.984314	0.000000	0.000000
128	9500	489	0.015000	1 	 18 	14611	0.891785	0.894836	0.000427	1.106567
128	9500	490	0.015000	1 	 185 	3124	0.190674	0.253540	0.190674	25.945843
128	9500	491	0.015000	1 	 1 	16131	0.984558	0.984558	0.000000	0.000000
128	9500	492	0.015000	1 	 1 	16130	0.984497	0.984497	0.000000	0.000000
128	9500	493	0.015000	1 	 1 	16065	0.980530	0.980530	0.000000	0.000000
128	9500	494	0.015000	1 	 1 	16108	0.983154	0.983154	0.000000	0.000000
128	9500	495	0.015000	1 	 1 	16156	0.986084	0.986084	0.000000	0.000000
128	9500	496	0.015000	1 	 162 	3776	0.230469	0.283569	0.230469	27.463936
128	9500	497	0.015000	1 	 12 	15103	0.921814	0.923157	0.000610	1.760682
128	9500	498	0.015000	1 	 155 	712	0.043457	0.109680	0.043457	14.792381
128	9500	499	0.015000	1 	 36 	11	0.000671	0.008179	0.000671	1.786080
128	9500	500	0.015000	1 	 1 	16145	0.985413	0.985413	0.000000	0.000000
128	9500	501	0.015000	1 	 206 	4179	0.255066	0.323364	0.255066	29.468799
128	9500	502	0.015000	1 	 111 	7280	0.444336	0.477783	0.002747	4.291709
128	9500	503	0.015000	1 	 156 	3742	0.228394	0.287231	0.228394	27.483608
128	9500	504	0.015000	1 	 1 	16066	0.980591	0.980591	0.000000	0.000000
128	9500	505	0.015000	1 	 195 	1834	0.111938	0.181213	0.111938	25.451516
128	9500	506	0.015000	1 	 125 	8929	0.544983	0.570801	0.001160	1.933808
128	9500	507	0.015000	1 	 24 	14355	0.876160	0.879517	0.000671	1.671343
128	9500	508	0.015000	1 	 49 	12676	0.773682	0.783264	0.001099	1.953945
128	9500	509	0.015000	1 	 150 	8138	0.496704	0.534668	0.002319	3.425099
128	9500	510	0.015000	1 	 1 	16119	0.983826	0.983826	0.000000	0.000000
128	9500	511	0.015000	1 	 1 	16146	0.985474	0.985474	0.000000	0.000000
128	9500	512	0.015000	1 	 1 	16157	0.986145	0.986145	0.000000	0.000000
128	9500	513	0.015000	1 	 132 	8299	0.506531	0.542358	0.003113	3.855921
128	9500	514	0.015000	1 	 1 	16122	0.984009	0.984009	0.000000	0.000000
128	9500	515	0.015000	1 	 1 	16171	0.987000	0.987000	0.000000	0.000000
128	9500	516	0.015000	1 	 1 	16118	0.983765	0.983765	0.000000	0.000000
128	9500	517	0.015000	1 	 5 	15707	0.958679	0.959656	0.000488	1.165922
128	9500	518	0.015000	1 	 63 	11848	0.723145	0.740906	0.002441	3.963505
128	9500	519	0.015000	1 	 113 	9752	0.595215	0.623779	0.004089	4.709801
128	9500	520	0.015000	1 	 8 	15247	0.930603	0.931213	0.000183	0.866025
128	9500	521	0.015000	1 	 1 	16144	0.985352	0.985352	0.000000	0.000000
128	9500	522	0.015000	1 	 6 	4	0.000244	0.000854	0.000244	0.935414
128	9500	523	0.015000	1 	 7 	15329	0.935608	0.936096	0.000183	0.816497
128	9500	524	0.015000	1 	 1 	16134	0.984741	0.984741	0.000000	0.000000
128	9500	525	0.015000	1 	 1 	16152	0.985840	0.985840	0.000000	0.000000
128	9500	526	0.015000	1 	 31 	10	0.000610	0.007141	0.000610	1.843909
128	9500	527	0.015000	1 	 190 	3526	0.215210	0.260254	0.215210	26.552581
128	9500	528	0.015000	1 	 10 	14902	0.909546	0.915344	0.002502	3.655120
128	9500	529	0.015000	1 	 118 	8765	0.534973	0.563599	0.001953	3.544224
128	9500	530	0.015000	1 	 102 	8698	0.530884	0.560608	0.004700	5.358272
128	9500	531	0.015000	1 	 148 	4897	0.298889	0.353821	0.298889	31.129266
128	9500	532	0.015000	1 	 177 	4038	0.246460	0.293396	0.246460	29.701051
128	9500	533	0.015000	1 	 148 	6222	0.379761	0.424377	0.379761	34.893994
128	9500	534	0.015000	1 	 93 	117	0.007141	0.031860	0.007141	7.352951
128	9500	535	0.015000	1 	 103 	8324	0.508057	0.537537	0.006958	7.101548
128	9500	536	0.015000	1 	 28 	13689	0.835510	0.840088	0.000671	1.715269
128	9500	537	0.015000	1 	 1 	16120	0.983887	0.983887	0.000000	0.000000
128	9500	538	0.015000	1 	 50 	11877	0.724915	0.737732	0.001404	2.726333
128	9500	539	0.015000	1 	 1 	16124	0.984131	0.984131	0.000000	0.000000
128	9500	540	0.015000	1 	 114 	9677	0.590637	0.619507	0.002441	3.227809
128	9500	541	0.015000	1 	 1 	16155	0.986023	0.986023	0.000000	0.000000
128	9500	542	0.015000	1 	 18 	8	0.000488	0.003784	0.000488	1.571226
128	9500	543	0.015000	1 	 1 	16142	0.985229	0.985229	0.000000	0.000000
128	9500	544	0.015000	1 	 1 	16113	0.983459	0.983459	0.000000	0.000000
128	9500	545	0.015000	1 	 66 	12585	0.768127	0.782959	0.001404	2.462574
128	9500	546	0.015000	1 	 190 	5876	0.358643	0.418274	0.358643	34.946930
128	9500	547	0.015000	1 	 87 	8046	0.491089	0.511292	0.002502	2.912567
128	9500	548	0.015000	1 	 1 	16147	0.985535	0.985535	0.000000	0.000000
128	9500	549	0.015000	1 	 5 	15515	0.946960	0.947937	0.000793	1.606201
128	9500	550	0.015000	1 	 4 	5	0.000305	0.000671	0.000305	1.232883
128	9500	551	0.015000	1 	 82 	12489	0.762268	0.785889	0.002991	4.343440
128	9500	552	0.015000	1 	 20 	14336	0.875000	0.880127	0.001587	2.424298
128	9500	553	0.015000	1 	 16 	15	0.000916	0.003296	0.000916	2.074180
128	9500	554	0.015000	1 	 1 	16140	0.985107	0.985107	0.000000	0.000000
128	9500	555	0.015000	1 	 50 	12039	0.734802	0.746704	0.002075	3.818662
128	9500	556	0.015000	1 	 119 	7788	0.475342	0.509583	0.002869	3.961906
128	9500	557	0.015000	1 	 55 	12194	0.744263	0.757080	0.001099	1.915660
128	9500	558	0.015000	1 	 1 	16138	0.984985	0.984985	0.000000	0.000000
128	9500	559	0.015000	1 	 174 	4166	0.254272	0.301086	0.254272	29.284746
128	9500	560	0.015000	1 	 25 	16	0.000977	0.005798	0.000977	1.861409
128	9500	561	0.015000	1 	 1 	16127	0.984314	0.984314	0.000000	0.000000
128	9500	562	0.015000	1 	 37 	19	0.001160	0.008911	0.001160	2.990289
128	9500	563	0.015000	1 	 1 	16133	0.984680	0.984680	0.000000	0.000000
128	9500	564	0.015000	1 	 58 	11	0.000671	0.011597	0.000671	1.818182
128	9500	565	0.015000	1 	 18 	8	0.000488	0.002747	0.000488	1.662959
128	9500	566	0.015000	1 	 164 	3699	0.225769	0.262695	0.225769	27.435816
128	9500	567	0.015000	1 	 36 	11	0.000671	0.007690	0.000671	1.983402
128	9500	568	0.015000	1 	 100 	10170	0.620728	0.650024	0.003479	4.182656
128	9500	569	0.015000	1 	 59 	12024	0.733887	0.745728	0.001465	2.697414
128	9500	570	0.015000	1 	 1 	16123	0.984070	0.984070	0.000000	0.000000
128	9500	571	0.015000	1 	 1 	16084	0.981689	0.981689	0.000000	0.000000
128	9500	572	0.015000	1 	 1 	16131	0.984558	0.984558	0.000000	0.000000
128	9500	573	0.015000	1 	 4 	6	0.000366	0.000671	0.000366	1.013794
128	9500	574	0.015000	1 	 170 	3562	0.217407	0.271912	0.217407	28.219543
128	9500	575	0.015000	1 	 72 	11564	0.705811	0.720703	0.001587	3.104921
128	9500	576	0.015000	1 	 28 	12	0.000732	0.006470	0.000732	1.611590
128	9500	577	0.015000	1 	 60 	11968	0.730469	0.746094	0.003052	4.220900
128	9500	578	0.015000	1 	 143 	2826	0.172485	0.221252	0.172485	25.936566
128	9500	579	0.015000	1 	 1 	16141	0.985168	0.985168	0.000000	0.000000
128	9500	580	0.015000	1 	 150 	2432	0.148438	0.196655	0.148438	23.056424
128	9500	581	0.015000	1 	 167 	959	0.058533	0.115601	0.058533	17.050139
128	9500	582	0.015000	1 	 113 	10015	0.611267	0.651489	0.003479	4.668579
128	9500	583	0.015000	1 	 154 	5831	0.355896	0.394958	0.355896	33.284453
128	9500	584	0.015000	1 	 1 	16162	0.986450	0.986450	0.000000	0.000000
128	9500	585	0.015000	1 	 1 	16158	0.986206	0.986206	0.000000	0.000000
128	9500	586	0.015000	1 	 201 	1876	0.114502	0.194763	0.114502	27.059639
128	9500	587	0.015000	1 	 29 	14011	0.855164	0.859558	0.000671	1.700753
128	9500	588	0.015000	1 	 35 	13447	0.820740	0.829407	0.002136	3.334177
128	9500	589	0.015000	1 	 182 	1228	0.074951	0.131104	0.074951	18.246267
128	9500	590	0.015000	1 	 39 	12	0.000732	0.007751	0.000732	1.800849
128	9500	591	0.015000	1 	 8 	7	0.000427	0.001587	0.000427	1.340119
128	9500	592	0.015000	1 	 1 	16116	0.983643	0.983643	0.000000	0.000000
128	9500	593	0.015000	1 	 60 	11031	0.673279	0.688782	0.002930	3.703590
128	9500	594	0.015000	1 	 108 	7348	0.448486	0.476685	0.003784	4.834434
128	9500	595	0.015000	1 	 24 	14183	0.865662	0.868042	0.000244	0.935414
128	9500	596	0.015000	1 	 17 	10	0.000610	0.002991	0.000610	1.615549
128	9500	597	0.015000	1 	 13 	14	0.000854	0.003418	0.000854	1.869465
128	9500	598	0.015000	1 	 14 	7	0.000427	0.002136	0.000427	1.178030
128	9500	599	0.015000	1 	 15 	14994	0.915161	0.916992	0.000610	1.513275
128	9500	600	0.015000	1 	 99 	10600	0.646973	0.674255	0.002991	3.687614
128	9500	601	0.015000	1 	 137 	2639	0.161072	0.202637	0.161072	23.948118
128	9500	602	0.015000	1 	 1 	16139	0.985046	0.985046	0.000000	0.000000
128	9500	603	0.015000	1 	 72 	30	0.001831	0.018188	0.001831	2.960668
128	9500	604	0.015000	1 	 9 	9	0.000549	0.002075	0.000549	1.378853
128	9500	605	0.015000	1 	 128 	7888	0.481445	0.512573	0.001282	2.977619
128	9500	606	0.015000	1 	 114 	8701	0.531067	0.564148	0.003113	4.229844
128	9500	607	0.015000	1 	 1 	16135	0.984802	0.984802	0.000000	0.000000
128	9500	608	0.015000	1 	 147 	1412	0.086182	0.141724	0.086182	20.338656
128	9500	609	0.015000	1 	 21 	14062	0.858276	0.861267	0.000977	2.041560
128	9500	610	0.015000	1 	 1 	16112	0.983398	0.983398	0.000000	0.000000
128	9500	611	0.015000	1 	 1 	16152	0.985840	0.985840	0.000000	0.000000
128	9500	612	0.015000	1 	 1 	16015	0.977478	0.977478	0.000000	0.000000
128	9500	613	0.015000	1 	 1 	16126	0.984253	0.984253	0.000000	0.000000
128	9500	614	0.015000	1 	 198 	137	0.008362	0.080872	0.008362	6.637939
128	9500	615	0.015000	1 	 159 	1453	0.088684	0.142395	0.088684	20.547134
128	9500	616	0.015000	1 	 1 	16133	0.984680	0.984680	0.000000	0.000000
128	9500	617	0.015000	1 	 1 	16122	0.984009	0.984009	0.000000	0.000000
128	9500	618	0.015000	1 	 1 	16152	0.985840	0.985840	0.000000	0.000000
128	9500	619	0.015000	1 	 1 	16117	0.983704	0.983704	0.000000	0.000000
128	9500	620	0.015000	1 	 105 	7474	0.456177	0.485474	0.002197	4.147363
128	9500	621	0.015000	1 	 1 	16170	0.986938	0.986938	0.000000	0.000000
128	9500	622	0.015000	1 	 33 	21	0.001282	0.007324	0.001282	2.464257
128	9500	623	0.015000	1 	 36 	13456	0.821289	0.829895	0.001892	3.219672
128	9500	624	0.015000	1 	 15 	14798	0.903198	0.908081	0.002258	3.110340
128	9500	625	0.015000	1 	 118 	10212	0.623291	0.652039	0.003052	4.076567
128	9500	626	0.015000	1 	 13 	15073	0.919983	0.922180	0.000671	1.471492
128	9500	627	0.015000	1 	 1 	16053	0.979797	0.979797	0.000000	0.000000
128	9500	628	0.015000	1 	 69 	11651	0.711121	0.724670	0.000732	2.283698
128	9500	629	0.015000	1 	 31 	12	0.000732	0.007446	0.000732	1.998263
128	9500	630	0.015000	1 	 17 	15060	0.919189	0.921021	0.000488	1.299038
128	9500	631	0.015000	1 	 107 	8232	0.502441	0.532166	0.002319	3.800605
128	9500	632	0.015000	1 	 40 	13278	0.810425	0.823181	0.003418	4.674003
128	9500	633	0.015000	1 	 126 	9311	0.568298	0.600159	0.003784	3.799337
128	9500	634	0.015000	1 	 188 	859	0.052429	0.108459	0.052429	15.950656
128	9500	635	0.015000	1 	 2 	15803	0.964539	0.964783	0.000244	0.935414
128	9500	636	0.015000	1 	 39 	13659	0.833679	0.840942	0.001404	3.273887
128	9500	637	0.015000	1 	 1 	16129	0.984436	0.984436	0.000000	0.000000
128	9500	638	0.015000	1 	 10 	10	0.000610	0.002136	0.000610	1.462874
128	9500	639	0.015000	1 	 1 	16143	0.985291	0.985291	0.000000	0.000000
128	9500	640	0.015000	1 	 149 	1780	0.108643	0.159729	0.108643	21.407587
128	9500	641	0.015000	1 	 1 	16061	0.980286	0.980286	0.000000	0.000000
128	9500	642	0.015000	1 	 111 	7355	0.448914	0.476685	0.001770	2.479404
128	9500	643	0.015000	1 	 1 	15788	0.963623	0.963623	0.000000	0.000000
128	9500	644	0.015000	1 	 207 	1952	0.119141	0.176697	0.119141	21.774744
128	9500	645	0.015000	1 	 49 	14	0.000854	0.009277	0.000854	1.737932
128	9500	646	0.015000	1 	 1 	16148	0.985596	0.985596	0.000000	0.000000
128	9500	647	0.015000	1 	 1 	16131	0.984558	0.984558	0.000000	0.000000
128	9500	648	0.015000	1 	 98 	10034	0.612427	0.643738	0.001892	3.271292
128	9500	649	0.015000	1 	 184 	3297	0.201233	0.269836	0.201233	26.694734
128	9500	650	0.015000	1 	 77 	12982	0.792358	0.810120	0.002075	3.320926
128	9500	651	0.015000	1 	 1 	16115	0.983582	0.983582	0.000000	0.000000
128	9500	652	0.015000	1 	 95 	8173	0.498840	0.534973	0.006287	6.495690
128	9500	653	0.015000	1 	 1 	16111	0.983337	0.983337	0.000000	0.000000
128	9500	654	0.015000	1 	 1 	16155	0.986023	0.986023	0.000000	0.000000
128	9500	655	0.015000	1 	 1 	16154	0.985962	0.985962	0.000000	0.000000
128	9500	656	0.015000	1 	 1 	16133	0.984680	0.984680	0.000000	0.000000
128	9500	657	0.015000	1 	 1 	16154	0.985962	0.985962	0.000000	0.000000
128	9500	658	0.015000	1 	 23 	14553	0.888245	0.891846	0.000732	1.543355
128	9500	659	0.015000	1 	 1 	16135	0.984802	0.984802	0.000000	0.000000
128	9500	660	0.015000	1 	 1 	16124	0.984131	0.984131	0.000000	0.000000
128	9500	661	0.015000	1 	 24 	14895	0.909119	0.914673	0.001648	3.027084
128	9500	662	0.015000	1 	 235 	2763	0.168640	0.231201	0.168640	37.641353
128	9500	663	0.015000	1 	 1 	16136	0.984863	0.984863	0.000000	0.000000
128	9500	664	0.015000	1 	 1 	16138	0.984985	0.984985	0.000000	0.000000
128	9500	665	0.015000	1 	 18 	13964	0.852295	0.856445	0.001221	2.566613
128	9500	666	0.015000	1 	 1 	16128	0.984375	0.984375	0.000000	0.000000
128	9500	667	0.015000	1 	 33 	13833	0.844299	0.849792	0.001282	2.277764
128	9500	668	0.015000	1 	 101 	10243	0.625183	0.652893	0.001282	2.049280
128	9500	669	0.015000	1 	 139 	6841	0.417542	0.453125	0.004333	4.672491
128	9500	670	0.015000	1 	 1 	16123	0.984070	0.984070	0.000000	0.000000
128	9500	671	0.015000	1 	 10 	18	0.001099	0.002563	0.001099	2.737486
128	9500	672	0.015000	1 	 119 	8243	0.503113	0.538269	0.002625	2.916357
128	9500	673	0.015000	1 	 1 	16140	0.985107	0.985107	0.000000	0.000000
128	9500	674	0.015000	1 	 1 	16131	0.984558	0.984558	0.000000	0.000000
128	9500	675	0.015000	1 	 36 	18	0.001099	0.008545	0.001099	2.163102
128	9500	676	0.015000	1 	 10 	7	0.000427	0.001892	0.000427	1.261680
128	9500	677	0.015000	1 	 177 	2696	0.164551	0.217468	0.164551	24.818499
128	9500	678	0.015000	1 	 168 	307	0.018738	0.069641	0.018738	10.507999
128	9500	679	0.015000	1 	 1 	16095	0.982361	0.982361	0.000000	0.000000
128	9500	680	0.015000	1 	 35 	13877	0.846985	0.857361	0.001770	3.066446
128	9500	681	0.015000	1 	 130 	8690	0.530396	0.566711	0.002991	3.701931
128	9500	682	0.015000	1 	 159 	511	0.031189	0.082458	0.031189	13.219708
128	9500	683	0.015000	1 	 136 	18	0.001099	0.027954	0.001099	1.918880
128	9500	684	0.015000	1 	 4 	15619	0.953308	0.953552	0.000122	0.500000
128	9500	685	0.015000	1 	 7 	7	0.000427	0.001282	0.000427	1.142857
128	9500	686	0.015000	1 	 40 	13712	0.836914	0.845703	0.001099	2.184400
128	9500	687	0.015000	1 	 1 	16153	0.985901	0.985901	0.000000	0.000000
128	9500	688	0.015000	1 	 87 	10796	0.658936	0.683289	0.002014	2.937675
128	9500	689	0.015000	1 	 136 	4537	0.276917	0.313843	0.276917	30.540816
128	9500	690	0.015000	1 	 93 	11421	0.697083	0.719299	0.001099	1.901916
128	9500	691	0.015000	1 	 1 	16156	0.986084	0.986084	0.000000	0.000000
128	9500	692	0.015000	1 	 20 	14273	0.871155	0.876770	0.001160	2.297777
128	9500	693	0.015000	1 	 5 	5	0.000305	0.000854	0.000305	0.894427
128	9500	694	0.015000	1 	 2 	15715	0.959167	0.959595	0.000427	1.245400
128	9500	695	0.015000	1 	 157 	2973	0.181458	0.231628	0.181458	25.424391
128	9500	696	0.015000	1 	 8 	10	0.000610	0.002319	0.000610	1.791647
128	9500	697	0.015000	1 	 83 	8922	0.544556	0.568787	0.002258	2.762849
128	9500	698	0.015000	1 	 1 	16152	0.985840	0.985840	0.000000	0.000000
128	9500	699	0.015000	1 	 1 	16116	0.983643	0.983643	0.000000	0.000000
128	9500	700	0.015000	1 	 1 	16154	0.985962	0.985962	0.000000	0.000000
128	9500	701	0.015000	1 	 1 	16140	0.985107	0.985107	0.000000	0.000000
128	9500	702	0.015000	1 	 33 	10	0.000610	0.007141	0.000610	1.702939
128	9500	703	0.015000	1 	 163 	3897	0.237854	0.278809	0.237854	28.948595
128	9500	704	0.015000	1 	 27 	20	0.001221	0.006470	0.001221	2.070628
128	9500	705	0.015000	1 	 1 	16132	0.984619	0.984619	0.000000	0.000000
128	9500	706	0.015000	1 	 178 	5179	0.316101	0.378418	0.316101	31.863990
128	9500	707	0.015000	1 	 1 	16111	0.983337	0.983337	0.000000	0.000000
128	9500	708	0.015000	1 	 1 	16130	0.984497	0.984497	0.000000	0.000000
128	9500	709	0.015000	1 	 62 	22	0.001343	0.013000	0.001343	2.925027
128	9500	710	0.015000	1 	 3 	15432	0.941895	0.942078	0.000122	0.500000
128	9500	711	0.015000	1 	 1 	16161	0.986389	0.986389	0.000000	0.000000
128	9500	712	0.015000	1 	 0 	0	0.000000	0.000000	0.000000	0.000000
128	9500	713	0.015000	1 	 117 	170	0.010376	0.057861	0.010376	7.013840
128	9500	714	0.015000	1 	 133 	3258	0.198853	0.238525	0.198853	26.306921
128	9500	715	0.015000	1 	 185 	4052	0.247314	0.301636	0.247314	28.793703
128	9500	716	0.015000	1 	 1 	16089	0.981995	0.981995	0.000000	0.000000
128	9500	717	0.015000	1 	 24 	14072	0.858887	0.864624	0.001404	3.028535
128	9500	718	0.015000	1 	 125 	43	0.002625	0.031799	0.002625	4.693874
128	9500	719	0.015000	1 	 16 	9	0.000549	0.003906	0.000549	1.342561
128	9500	720	0.015000	1 	 154 	8987	0.548523	0.593872	0.002625	4.083366
128	9500	721	0.015000	1 	 12 	9	0.000549	0.002258	0.000549	1.943651
128	9500	722	0.015000	1 	 103 	8540	0.521240	0.549805	0.003662	3.907543
128	9500	723	0.015000	1 	 123 	7637	0.466125	0.498474	0.002197	3.112971
128	9500	724	0.015000	1 	 94 	10163	0.620300	0.647034	0.001648	2.480099
128	9500	725	0.015000	1 	 29 	12	0.000732	0.005981	0.000732	2.139250
128	9500	726	0.015000	1 	 1 	16171	0.987000	0.987000	0.000000	0.000000
128	9500	727	0.015000	1 	 1 	16107	0.983093	0.983093	0.000000	0.000000
128	9500	728	0.015000	1 	 134 	1901	0.116028	0.150391	0.116028	21.289024
128	9500	729	0.015000	1 	 134 	6589	0.402161	0.439880	0.002380	3.934206
128	9500	730	0.015000	1 	 183 	284	0.017334	0.082153	0.017334	11.240429
128	9500	731	0.015000	1 	 22 	14105	0.860901	0.864136	0.000488	1.192424
128	9500	732	0.015000	1 	 151 	3093	0.188782	0.233826	0.188782	25.811427
128	9500	733	0.015000	1 	 141 	47	0.002869	0.035706	0.002869	3.409570
128	9500	734	0.015000	1 	 116 	436	0.026611	0.072937	0.026611	11.123705
128	9500	735	0.015000	1 	 19 	12	0.000732	0.003174	0.000732	1.724013
128	9500	736	0.015000	1 	 21 	14706	0.897583	0.903931	0.002258	3.446555
128	9500	737	0.015000	1 	 4 	15646	0.954956	0.955200	0.000122	0.500000
128	9500	738	0.015000	1 	 33 	14194	0.866333	0.874939	0.001099	1.972809
128	9500	739	0.015000	1 	 132 	9003	0.549500	0.588440	0.004578	6.129825
128	9500	740	0.015000	1 	 1 	16149	0.985657	0.985657	0.000000	0.000000
128	9500	741	0.015000	1 	 1 	16111	0.983337	0.983337	0.000000	0.000000
128	9500	742	0.015000	1 	 27 	11	0.000671	0.003479	0.000671	2.061052
128	9500	743	0.015000	1 	 1 	16152	0.985840	0.985840	0.000000	0.000000
128	9500	744	0.015000	1 	 43 	13438	0.820190	0.826782	0.000732	1.867113
128	9500	745	0.015000	1 	 1 	15554	0.949341	0.949341	0.000000	0.000000
128	9500	746	0.015000	1 	 188 	6970	0.425415	0.471497	0.425415	36.952417
128	9500	747	0.015000	1 	 71 	10759	0.656677	0.672913	0.001526	2.782804
128	9500	748	0.015000	1 	 1 	16136	0.984863	0.984863	0.000000	0.000000
128	9500	749	0.015000	1 	 5 	15245	0.930481	0.930969	0.000244	0.500000
128	9500	750	0.015000	1 	 33 	13530	0.825806	0.833252	0.001648	2.953225
128	9500	751	0.015000	1 	 42 	13066	0.797485	0.817749	0.007751	2.821881
128	9500	752	0.015000	1 	 2 	15960	0.974121	0.974182	0.000061	0.000000
128	9500	753	0.015000	1 	 148 	5573	0.340149	0.379089	0.340149	33.147511
128	9500	754	0.015000	1 	 14 	14862	0.907104	0.909363	0.000488	1.430690
128	9500	755	0.015000	1 	 89 	7685	0.469055	0.490906	0.001404	2.567059
128	9500	756	0.015000	1 	 58 	12806	0.781616	0.793945	0.001465	2.963610
128	9500	757	0.015000	1 	 154 	2631	0.160583	0.208862	0.160583	25.013435
128	9500	758	0.015000	1 	 1 	16142	0.985229	0.985229	0.000000	0.000000
128	9500	759	0.015000	1 	 26 	11	0.000671	0.006348	0.000671	1.767475
128	9500	760	0.015000	1 	 55 	21	0.001282	0.009949	0.001282	2.428105
128	9500	761	0.015000	1 	 165 	5401	0.329651	0.384155	0.329651	34.130350
128	9500	762	0.015000	1 	 21 	14961	0.913147	0.917297	0.001465	3.351513
128	9500	763	0.015000	1 	 1 	16133	0.984680	0.984680	0.000000	0.000000
128	9500	764	0.015000	1 	 146 	5786	0.353149	0.394836	0.353149	33.668920
128	9500	765	0.015000	1 	 1 	16136	0.984863	0.984863	0.000000	0.000000
128	9500	766	0.015000	1 	 74 	11634	0.710083	0.729309	0.002747	4.113333
128	9500	767	0.015000	1 	 98 	9505	0.580139	0.608643	0.002258	2.878899
128	9500	768	0.015000	1 	 1 	16116	0.983643	0.983643	0.000000	0.000000
128	9500	769	0.015000	1 	 3 	9	0.000549	0.000793	0.000549	1.498971
128	9500	770	0.015000	1 	 61 	11566	0.705933	0.723267	0.002747	3.546795
128	9500	771	0.015000	1 	 68 	12597	0.768860	0.789185	0.003723	4.448215
128	9500	772	0.015000	1 	 1 	16131	0.984558	0.984558	0.000000	0.000000
128	9500	773	0.015000	1 	 4 	6	0.000366	0.000854	0.000366	1.178511
128	9500	774	0.015000	1 	 1 	16129	0.984436	0.984436	0.000000	0.000000
128	9500	775	0.015000	1 	 1 	16121	0.983948	0.983948	0.000000	0.000000
128	9500	776	0.015000	1 	 41 	13471	0.822205	0.834595	0.001282	2.055908
128	9500	777	0.015000	1 	 1 	16109	0.983215	0.983215	0.000000	0.000000
128	9500	778	0.015000	1 	 1 	16146	0.985474	0.985474	0.000000	0.000000
128	9500	779	0.015000	1 	 164 	6122	0.373657	0.410889	0.373657	34.810381
128	9500	780	0.015000	1 	 18 	18	0.001099	0.004456	0.001099	2.211781
128	9500	781	0.015000	1 	 115 	15	0.000916	0.024963	0.000916	2.213092
128	9500	782	0.015000	1 	 162 	3278	0.200073	0.246033	0.200073	27.246400
128	9500	783	0.015000	1 	 1 	16166	0.986694	0.986694	0.000000	0.000000
128	9500	784	0.015000	1 	 63 	20	0.001221	0.017578	0.001221	2.129554
128	9500	785	0.015000	1 	 184 	4035	0.246277	0.299805	0.246277	28.838958
128	9500	786	0.015000	1 	 148 	39	0.002380	0.042236	0.002380	4.387239
128	9500	787	0.015000	1 	 176 	3683	0.224792	0.280762	0.224792	28.511170
128	9500	788	0.015000	1 	 92 	10149	0.619446	0.641479	0.002014	3.609242
128	9500	789	0.015000	1 	 156 	7558	0.461304	0.509033	0.004517	5.222619
128	9500	790	0.015000	1 	 164 	2928	0.178711	0.223022	0.178711	25.271080
128	9500	791	0.015000	1 	 34 	19	0.001160	0.006531	0.001160	1.997228
128	9500	792	0.015000	1 	 3 	15755	0.961609	0.961731	0.000061	0.000000
128	9500	793	0.015000	1 	 2 	6	0.000366	0.000549	0.000366	1.067187
128	9500	794	0.015000	1 	 1 	16127	0.984314	0.984314	0.000000	0.000000
128	9500	795	0.015000	1 	 144 	6975	0.425720	0.462158	0.001892	3.009321
128	9500	796	0.015000	1 	 146 	6434	0.392700	0.440857	0.004456	4.622726
128	9500	797	0.015000	1 	 1 	16136	0.984863	0.984863	0.000000	0.000000
128	9500	798	0.015000	1 	 14 	14682	0.896118	0.899414	0.001221	2.219797
128	9500	799	0.015000	1 	 1 	16136	0.984863	0.984863	0.000000	0.000000
128	9500	800	0.015000	1 	 112 	10964	0.669189	0.700500	0.005005	6.476896
128	9500	801	0.015000	1 	 1 	16117	0.983704	0.983704	0.000000	0.000000
128	9500	802	0.015000	1 	 1 	16125	0.984192	0.984192	0.000000	0.000000
128	9500	803	0.015000	1 	 27 	14291	0.872253	0.877014	0.000549	1.324042
128	9500	804	0.015000	1 	 28 	14096	0.860352	0.866699	0.000793	2.017673
128	9500	805	0.015000	1 	 42 	13405	0.818176	0.824646	0.000854	1.949621
128	9500	806	0.015000	1 	 4 	15710	0.958862	0.959229	0.000183	0.816497
128	9500	807	0.015000	1 	 79 	15	0.000916	0.014465	0.000916	2.054805
128	9500	808	0.015000	1 	 27 	14327	0.874451	0.879456	0.001160	2.729748
128	9500	809	0.015000	1 	 2 	15778	0.963013	0.963074	0.000061	0.000000
128	9500	810	0.015000	1 	 299 	1957	0.119446	0.211060	0.119446	22.870938
128	9500	811	0.015000	1 	 1 	16160	0.986328	0.986328	0.000000	0.000000
128	9500	812	0.015000	1 	 88 	11596	0.707764	0.735413	0.002502	3.060368
128	9500	813	0.015000	1 	 1 	16140	0.985107	0.985107	0.000000	0.000000
128	9500	814	0.015000	1 	 134 	4990	0.304565	0.341675	0.003235	4.170708
128	9500	815	0.015000	1 	 62 	12343	0.753357	0.773315	0.003174	4.280434
128	9500	816	0.015000	1 	 143 	9311	0.568298	0.609558	0.003479	4.612934
128	9500	817	0.015000	1 	 164 	2427	0.148132	0.210938	0.148132	23.413562
128	9500	818	0.015000	1 	 1 	16188	0.988037	0.988037	0.000000	0.000000
128	9500	819	0.015000	1 	 162 	5141	0.313782	0.359558	0.313782	31.661134
128	9500	820	0.015000	1 	 161 	7585	0.462952	0.514526	0.009094	6.358294
128	9500	821	0.015000	1 	 1 	16159	0.986267	0.986267	0.000000	0.000000
128	9500	822	0.015000	1 	 0 	0	0.000000	0.000000	0.000000	0.000000
128	9500	823	0.015000	1 	 184 	4714	0.287720	0.343079	0.003052	4.521138
128	9500	824	0.015000	1 	 1 	16125	0.984192	0.984192	0.000000	0.000000
128	9500	825	0.015000	1 	 1 	15996	0.976318	0.976318	0.000000	0.000000
128	9500	826	0.015000	1 	 3 	9	0.000549	0.000854	0.000549	1.414214
128	9500	827	0.015000	1 	 139 	6897	0.420959	0.456238	0.001526	2.840845
128	9500	828	0.015000	1 	 150 	2207	0.134705	0.176758	0.134705	22.797647
128	9500	829	0.015000	1 	 1 	16131	0.984558	0.984558	0.000000	0.000000
128	9500	830	0.015000	1 	 23 	13	0.000793	0.003906	0.000793	2.014739
128	9500	831	0.015000	1 	 8 	7	0.000427	0.001892	0.000427	1.293626
128	9500	832	0.015000	1 	 109 	8547	0.521667	0.550598	0.002930	3.942237
128	9500	833	0.015000	1 	 100 	9279	0.566345	0.587891	0.001709	3.284744
128	9500	834	0.015000	1 	 117 	9086	0.554565	0.586487	0.002625	3.918035
128	9500	835	0.015000	1 	 31 	13786	0.841431	0.848816	0.001282	2.495347
128	9500	836	0.015000	1 	 70 	11017	0.672424	0.691345	0.001953	2.791939
128	9500	837	0.015000	1 	 173 	3276	0.199951	0.256897	0.199951	27.434106
128	9500	838	0.015000	1 	 11 	5	0.000305	0.001892	0.000305	0.894427
128	9500	839	0.015000	1 	 116 	9957	0.607727	0.634766	0.001282	2.456884
128	9500	840	0.015000	1 	 1 	16137	0.984924	0.984924	0.000000	0.000000
128	9500	841	0.015000	1 	 1 	16143	0.985291	0.985291	0.000000	0.000000
128	9500	842	0.015000	1 	 4 	13	0.000793	0.001160	0.000793	1.568929
128	9500	843	0.015000	1 	 42 	12434	0.758911	0.768616	0.001343	2.694117
128	9500	844	0.015000	1 	 1 	16146	0.985474	0.985474	0.000000	0.000000
128	9500	845	0.015000	1 	 140 	7462	0.455444	0.505127	0.002686	3.906183
128	9500	846	0.015000	1 	 80 	11711	0.714783	0.736877	0.001831	2.659365
128	9500	847	0.015000	1 	 16 	8	0.000488	0.003662	0.000488	1.391941
128	9500	848	0.015000	1 	 74 	12553	0.766174	0.785767	0.001465	2.254240
128	9500	849	0.015000	1 	 107 	24	0.001465	0.026611	0.001465	2.851656
128	9500	850	0.015000	1 	 1 	16133	0.984680	0.984680	0.000000	0.000000
128	9500	851	0.015000	1 	 87 	60	0.003662	0.022827	0.003662	3.784691
128	9500	852	0.015000	1 	 1 	16137	0.984924	0.984924	0.000000	0.000000
128	9500	853	0.015000	1 	 128 	7724	0.471436	0.510315	0.003357	4.012789
128	9500	854	0.015000	1 	 1 	16154	0.985962	0.985962	0.000000	0.000000
128	9500	855	0.015000	1 	 23 	14168	0.864746	0.869507	0.002014	3.212693
128	9500	856	0.015000	1 	 39 	12531	0.764832	0.773132	0.001343	3.314755
128	9500	857	0.015000	1 	 1 	16148	0.985596	0.985596	0.000000	0.000000
128	9500	858	0.015000	1 	 1 	16123	0.984070	0.984070	0.000000	0.000000
128	9500	859	0.015000	1 	 100 	87	0.005310	0.031067	0.005310	5.508446
128	9500	860	0.015000	1 	 184 	1208	0.073730	0.123535	0.073730	16.813616
128	9500	861	0.015000	1 	 22 	14678	0.895874	0.898560	0.000549	1.531561
128	9500	862	0.015000	1 	 10 	8	0.000488	0.001526	0.000488	1.340476
128	9500	863	0.015000	1 	 108 	9522	0.581177	0.607361	0.001465	2.254240
128	9500	864	0.015000	1 	 1 	15841	0.966858	0.966858	0.000000	0.000000
128	9500	865	0.015000	1 	 1 	16139	0.985046	0.985046	0.000000	0.000000
128	9500	866	0.015000	1 	 1 	16137	0.984924	0.984924	0.000000	0.000000
128	9500	867	0.015000	1 	 1 	16128	0.984375	0.984375	0.000000	0.000000
128	9500	868	0.015000	1 	 109 	8739	0.533386	0.566284	0.004028	5.392599
128	9500	869	0.015000	1 	 1 	16098	0.982544	0.982544	0.000000	0.000000
128	9500	870	0.015000	1 	 165 	2906	0.177368	0.224976	0.177368	24.812238
128	9500	871	0.015000	1 	 1 	16126	0.984253	0.984253	0.000000	0.000000
128	9500	872	0.015000	1 	 44 	11659	0.711609	0.724731	0.003113	3.658742
128	9500	873	0.015000	1 	 173 	3091	0.188660	0.238525	0.188660	26.209045
128	9500	874	0.015000	1 	 129 	1385	0.084534	0.119690	0.084534	20.116284
128	9500	875	0.015000	1 	 214 	3138	0.191528	0.263733	0.191528	28.421540
128	9500	876	0.015000	1 	 3 	2	0.000122	0.000305	0.000122	0.500000
128	9500	877	0.015000	1 	 1 	16149	0.985657	0.985657	0.000000	0.000000
128	9500	878	0.015000	1 	 70 	23	0.001404	0.014221	0.001404	2.407455
128	9500	879	0.015000	1 	 1 	16116	0.983643	0.983643	0.000000	0.000000
128	9500	880	0.015000	1 	 105 	26	0.001587	0.029968	0.001587	2.857565
128	9500	881	0.015000	1 	 94 	10604	0.647217	0.670715	0.002014	2.995558
128	9500	882	0.015000	1 	 237 	3705	0.226135	0.290710	0.226135	27.274804
128	9500	883	0.015000	1 	 173 	3649	0.222717	0.264099	0.222717	27.974540
128	9500	884	0.015000	1 	 71 	12193	0.744202	0.762756	0.003296	2.606829
128	9500	885	0.015000	1 	 1 	16092	0.982178	0.982178	0.000000	0.000000
128	9500	886	0.015000	1 	 1 	16124	0.984131	0.984131	0.000000	0.000000
128	9500	887	0.015000	1 	 1 	16112	0.983398	0.983398	0.000000	0.000000
128	9500	888	0.015000	1 	 134 	4946	0.301880	0.341370	0.003967	4.160963
128	9500	889	0.015000	1 	 1 	16162	0.986450	0.986450	0.000000	0.000000
128	9500	890	0.015000	1 	 135 	3046	0.185913	0.229553	0.185913	25.751007
128	9500	891	0.015000	1 	 61 	12121	0.739807	0.754944	0.001343	2.547888
128	9500	892	0.015000	1 	 98 	9021	0.550598	0.573547	0.002380	3.720689
128	9500	893	0.015000	1 	 1 	16146	0.985474	0.985474	0.000000	0.000000
128	9500	894	0.015000	1 	 2 	15390	0.939331	0.939392	0.000061	0.000000
128	9500	895	0.015000	1 	 17 	10	0.000610	0.003418	0.000610	1.695801
128	9500	896	0.015000	1 	 145 	755	0.046082	0.088806	0.046082	15.407342
128	9500	897	0.015000	1 	 1 	16126	0.984253	0.984253	0.000000	0.000000
128	9500	898	0.015000	1 	 1 	16111	0.983337	0.983337	0.000000	0.000000
128	9500	899	0.015000	1 	 1 	16126	0.984253	0.984253	0.000000	0.000000
128	9500	900	0.015000	1 	 1 	16117	0.983704	0.983704	0.000000	0.000000
128	9500	901	0.015000	1 	 172 	74	0.004517	0.058289	0.004517	5.738710
128	9500	902	0.015000	1 	 182 	128	0.007812	0.068665	0.007812	7.611693
128	9500	903	0.015000	1 	 35 	13827	0.843933	0.848633	0.000488	1.243734
128	9500	904	0.015000	1 	 144 	4304	0.262695	0.301147	0.262695	29.741962
128	9500	905	0.015000	1 	 142 	828	0.050537	0.105835	0.050537	15.507834
128	9500	906	0.015000	1 	 88 	8557	0.522278	0.550720	0.001587	2.341420
128	9500	907	0.015000	1 	 40 	11726	0.715698	0.722473	0.000977	2.297247
128	9500	908	0.015000	1 	 38 	13611	0.830750	0.838623	0.001282	2.616882
128	9500	909	0.015000	1 	 1 	16132	0.984619	0.984619	0.000000	0.000000
128	9500	910	0.015000	1 	 4 	15490	0.945435	0.946228	0.000488	1.581139
128	9500	911	0.015000	1 	 6 	5	0.000305	0.000977	0.000305	0.894427
128	9500	912	0.015000	1 	 34 	23	0.001404	0.007812	0.001404	3.618374
128	9500	913	0.015000	1 	 1 	16146	0.985474	0.985474	0.000000	0.000000
128	9500	914	0.015000	1 	 38 	14021	0.855774	0.866089	0.001953	4.398042
128	9500	915	0.015000	1 	 51 	12705	0.775452	0.787842	0.001709	2.778149
128	9500	916	0.015000	1 	 1 	16151	0.985779	0.985779	0.000000	0.000000
128	9500	917	0.015000	1 	 1 	16131	0.984558	0.984558	0.000000	0.000000
128	9500	918	0.015000	1 	 147 	2080	0.126953	0.179626	0.126953	21.974764
128	9500	919	0.015000	1 	 1 	16143	0.985291	0.985291	0.000000	0.000000
128	9500	920	0.015000	1 	 113 	6648	0.405762	0.433044	0.002075	3.396645
128	9500	921	0.015000	1 	 1 	16143	0.985291	0.985291	0.000000	0.000000
128	9500	922	0.015000	1 	 92 	9876	0.602783	0.629150	0.002869	3.762289
128	9500	923	0.015000	1 	 1 	16133	0.984680	0.984680	0.000000	0.000000
128	9500	924	0.015000	1 	 1 	16116	0.983643	0.983643	0.000000	0.000000
128	9500	925	0.015000	1 	 41 	13313	0.812561	0.820068	0.001282	2.271783
128	9500	926	0.015000	1 	 177 	6215	0.379333	0.437012	0.379333	34.825347
128	9500	927	0.015000	1 	 48 	13022	0.794800	0.805969	0.002014	2.759074
128	9500	928	0.015000	1 	 1 	16157	0.986145	0.986145	0.000000	0.000000
128	9500	929	0.015000	1 	 1 	16135	0.984802	0.984802	0.000000	0.000000
128	9500	930	0.015000	1 	 105 	9039	0.551697	0.586487	0.002808	4.465844
128	9500	931	0.015000	1 	 1 	16145	0.985413	0.985413	0.000000	0.000000
128	9500	932	0.015000	1 	 1 	16137	0.984924	0.984924	0.000000	0.000000
128	9500	933	0.015000	1 	 1 	16158	0.986206	0.986206	0.000000	0.000000
128	9500	934	0.015000	1 	 205 	5276	0.322021	0.384338	0.322021	33.108132
128	9500	935	0.015000	1 	 26 	20	0.001221	0.006714	0.001221	2.342541
128	9500	936	0.015000	1 	 41 	13443	0.820496	0.827454	0.000671	1.437399
128	9500	937	0.015000	1 	 55 	12647	0.771912	0.783630	0.001160	2.876016
128	9500	938	0.015000	1 	 161 	4468	0.272705	0.320007	0.272705	32.289327
128	9500	939	0.015000	1 	 1 	16151	0.985779	0.985779	0.000000	0.000000
128	9500	940	0.015000	1 	 132 	6746	0.411743	0.445190	0.002808	3.760430
128	9500	941	0.015000	1 	 1 	16065	0.980530	0.980530	0.000000	0.000000
128	9500	942	0.015000	1 	 1 	16146	0.985474	0.985474	0.000000	0.000000
128	9500	943	0.015000	1 	 34 	14030	0.856323	0.864258	0.000916	1.803700
128	9500	944	0.015000	1 	 30 	13937	0.850647	0.855774	0.001038	1.878673
128	9500	945	0.015000	1 	 2 	1	0.000061	0.000122	0.000061	0.000000
128	9500	946	0.015000	1 	 202 	159	0.009705	0.078735	0.009705	6.935456
128	9500	947	0.015000	1 	 83 	10859	0.662781	0.686035	0.002258	3.091967
128	9500	948	0.015000	1 	 135 	7167	0.437439	0.480164	0.002197	3.324874
128	9500	949	0.015000	1 	 8 	15433	0.941956	0.942871	0.000366	1.247219
128	9500	950	0.015000	1 	 1 	16145	0.985413	0.985413	0.000000	0.000000
128	9500	951	0.015000	1 	 64 	15	0.000916	0.012512	0.000916	2.108185
128	9500	952	0.015000	1 	 146 	248	0.015137	0.075745	0.015137	9.699234
128	9500	953	0.015000	1 	 43 	13351	0.814880	0.829712	0.003235	3.578545
128	9500	954	0.015000	1 	 1 	15910	0.971069	0.971069	0.000000	0.000000
128	9500	955	0.015000	1 	 68 	11951	0.729431	0.745178	0.001282	2.764367
128	9500	956	0.015000	1 	 75 	12049	0.735413	0.751953	0.002136	3.526691
128	9500	957	0.015000	1 	 195 	4256	0.259766	0.313477	0.259766	29.744708
128	9500	958	0.015000	1 	 6 	12	0.000732	0.002075	0.000732	1.649916
128	9500	959	0.015000	1 	 1 	16141	0.985168	0.985168	0.000000	0.000000
128	9500	960	0.015000	1 	 1 	16099	0.982605	0.982605	0.000000	0.000000
128	9500	961	0.015000	1 	 1 	16142	0.985229	0.985229	0.000000	0.000000
128	9500	962	0.015000	1 	 1 	16121	0.983948	0.983948	0.000000	0.000000
128	9500	963	0.015000	1 	 171 	4269	0.260559	0.313477	0.260559	30.732008
128	9500	964	0.015000	1 	 1 	16114	0.983521	0.983521	0.000000	0.000000
128	9500	965	0.015000	1 	 86 	214	0.013062	0.041260	0.013062	8.631060
128	9500	966	0.015000	1 	 40 	13755	0.839539	0.848816	0.001099	3.057575
128	9500	967	0.015000	1 	 130 	304	0.018555	0.085388	0.018555	10.188381
128	9500	968	0.015000	1 	 97 	11830	0.722046	0.746826	0.002625	3.354324
128	9500	969	0.015000	1 	 59 	12335	0.752869	0.769958	0.001892	3.109851
128	9500	970	0.015000	1 	 102 	10547	0.643738	0.669617	0.002014	3.198370
128	9500	971	0.015000	1 	 1 	16145	0.985413	0.985413	0.000000	0.000000
128	9500	972	0.015000	1 	 2 	15702	0.958374	0.958435	0.000061	0.000000
128	9500	973	0.015000	1 	 149 	1682	0.102661	0.147400	0.102661	21.367541
128	9500	974	0.015000	1 	 1 	16111	0.983337	0.983337	0.000000	0.000000
128	9500	975	0.015000	1 	 1 	16146	0.985474	0.985474	0.000000	0.000000
128	9500	976	0.015000	1 	 42 	12772	0.779541	0.789673	0.004028	5.378788
128	9500	977	0.015000	1 	 109 	7758	0.473511	0.501404	0.001892	2.969144
128	9500	978	0.015000	1 	 44 	12771	0.779480	0.789673	0.002869	4.135549
128	9500	979	0.015000	1 	 42 	12977	0.792053	0.806335	0.003540	4.271445
128	9500	980	0.015000	1 	 25 	14903	0.909607	0.912170	0.000305	1.058301
128	9500	981	0.015000	1 	 16 	14846	0.906128	0.909180	0.000854	1.808427
128	9500	982	0.015000	1 	 110 	49	0.002991	0.035828	0.002991	4.099756
128	9500	983	0.015000	1 	 1 	16114	0.983521	0.983521	0.000000	0.000000
128	9500	984	0.015000	1 	 144 	2391	0.145935	0.180420	0.145935	23.381643
128	9500	985	0.015000	1 	 88 	9	0.000549	0.014343	0.000549	1.482407
128	9500	986	0.015000	1 	 176 	1879	0.114685	0.162842	0.114685	21.306979
128	9500	987	0.015000	1 	 9 	15231	0.929626	0.931580	0.000671	1.724879
128	9500	988	0.015000	1 	 139 	88	0.005371	0.053650	0.005371	8.249264
128	9500	989	0.015000	1 	 15 	12	0.000732	0.003296	0.000732	1.570120
128	9500	990	0.015000	1 	 130 	1232	0.075195	0.112366	0.075195	18.407870
128	9500	991	0.015000	1 	 161 	5609	0.342346	0.386597	0.342346	33.532743
128	9500	992	0.015000	1 	 1 	16147	0.985535	0.985535	0.000000	0.000000
128	9500	993	0.015000	1 	 1 	16157	0.986145	0.986145	0.000000	0.000000
128	9500	994	0.015000	1 	 150 	3038	0.185425	0.231262	0.185425	25.240509
128	9500	995	0.015000	1 	 57 	12788	0.780518	0.793396	0.001587	2.459133
128	9500	996	0.015000	1 	 91 	8374	0.511108	0.537842	0.002197	3.248813
128	9500	997	0.015000	1 	 190 	711	0.043396	0.102234	0.043396	15.154676
128	9500	998	0.015000	1 	 11 	14911	0.910095	0.912048	0.000549	1.448712
128	9500	999	0.015000	1 	 112 	7794	0.475708	0.504883	0.002686	3.425107
128	9500	1000	0.015000	1 	 1 	16153	0.985901	0.985901	0.000000	0.000000
