128	9300	1	0.015000	0 	 31 	9	0.000549	0.005127	0.000549	1.314684
128	9300	2	0.015000	0 	 0 	0	0.000000	0.000000	0.000000	0.000000
128	9300	3	0.015000	0 	 0 	0	0.000000	0.000000	0.000000	0.000000
128	9300	4	0.015000	0 	 102 	58	0.003540	0.030762	0.003540	4.704844
128	9300	5	0.015000	0 	 0 	0	0.000000	0.000000	0.000000	0.000000
128	9300	6	0.015000	0 	 2 	10	0.000610	0.000732	0.000610	1.565248
128	9300	7	0.015000	0 	 0 	0	0.000000	0.000000	0.000000	0.000000
128	9300	8	0.015000	0 	 0 	0	0.000000	0.000000	0.000000	0.000000
128	9300	9	0.015000	0 	 83 	13	0.000793	0.015564	0.000793	2.390811
128	9300	10	0.015000	0 	 6 	11	0.000671	0.001587	0.000671	1.626231
128	9300	11	0.015000	0 	 1 	7	0.000427	0.000427	0.000427	1.142857
128	9300	12	0.015000	0 	 0 	0	0.000000	0.000000	0.000000	0.000000
128	9300	13	0.015000	0 	 0 	0	0.000000	0.000000	0.000000	0.000000
128	9300	14	0.015000	0 	 0 	0	0.000000	0.000000	0.000000	0.000000
128	9300	15	0.015000	0 	 0 	0	0.000000	0.000000	0.000000	0.000000
128	9300	16	0.015000	0 	 2 	7	0.000427	0.000549	0.000427	1.538619
128	9300	17	0.015000	0 	 0 	0	0.000000	0.000000	0.000000	0.000000
128	9300	18	0.015000	0 	 0 	0	0.000000	0.000000	0.000000	0.000000
128	9300	19	0.015000	0 	 3 	5	0.000305	0.000610	0.000305	0.894427
128	9300	20	0.015000	0 	 0 	0	0.000000	0.000000	0.000000	0.000000
128	9300	21	0.015000	0 	 6 	9	0.000549	0.001160	0.000549	1.196703
128	9300	22	0.015000	0 	 2 	4	0.000244	0.000366	0.000244	0.935414
128	9300	23	0.015000	0 	 7 	5	0.000305	0.001221	0.000305	1.131371
128	9300	24	0.015000	0 	 31 	7	0.000427	0.005066	0.000427	1.340119
128	9300	25	0.015000	0 	 0 	0	0.000000	0.000000	0.000000	0.000000
128	9300	26	0.015000	0 	 0 	0	0.000000	0.000000	0.000000	0.000000
128	9300	27	0.015000	0 	 0 	0	0.000000	0.000000	0.000000	0.000000
128	9300	28	0.015000	0 	 0 	0	0.000000	0.000000	0.000000	0.000000
128	9300	29	0.015000	0 	 0 	0	0.000000	0.000000	0.000000	0.000000
128	9300	30	0.015000	0 	 11 	9	0.000549	0.001770	0.000549	1.670366
128	9300	31	0.015000	0 	 0 	0	0.000000	0.000000	0.000000	0.000000
128	9300	32	0.015000	0 	 0 	0	0.000000	0.000000	0.000000	0.000000
128	9300	33	0.015000	0 	 15 	13	0.000793	0.003479	0.000793	1.939926
128	9300	34	0.015000	0 	 0 	0	0.000000	0.000000	0.000000	0.000000
128	9300	35	0.015000	0 	 0 	0	0.000000	0.000000	0.000000	0.000000
128	9300	36	0.015000	0 	 0 	0	0.000000	0.000000	0.000000	0.000000
128	9300	37	0.015000	0 	 2 	3	0.000183	0.000366	0.000183	0.666667
128	9300	38	0.015000	0 	 8 	5	0.000305	0.001099	0.000305	1.019804
128	9300	39	0.015000	0 	 0 	0	0.000000	0.000000	0.000000	0.000000
128	9300	40	0.015000	0 	 5 	6	0.000366	0.001343	0.000366	1.080123
128	9300	41	0.015000	0 	 2 	4	0.000244	0.000305	0.000244	0.935414
128	9300	42	0.015000	0 	 0 	0	0.000000	0.000000	0.000000	0.000000
128	9300	43	0.015000	0 	 0 	0	0.000000	0.000000	0.000000	0.000000
128	9300	44	0.015000	0 	 0 	0	0.000000	0.000000	0.000000	0.000000
128	9300	45	0.015000	0 	 139 	984	0.060059	0.106567	0.060059	16.611122
128	9300	46	0.015000	0 	 29 	11	0.000671	0.005920	0.000671	2.100767
128	9300	47	0.015000	0 	 17 	12	0.000732	0.003784	0.000732	1.632993
128	9300	48	0.015000	0 	 0 	0	0.000000	0.000000	0.000000	0.000000
128	9300	49	0.015000	0 	 1 	7	0.000427	0.000427	0.000427	1.245400
128	9300	50	0.015000	0 	 0 	0	0.000000	0.000000	0.000000	0.000000
128	9300	51	0.015000	0 	 6 	3	0.000183	0.000610	0.000183	0.666667
128	9300	52	0.015000	0 	 0 	0	0.000000	0.000000	0.000000	0.000000
128	9300	53	0.015000	0 	 2 	1	0.000061	0.000122	0.000061	0.000000
128	9300	54	0.015000	0 	 3 	4	0.000244	0.000610	0.000244	0.935414
128	9300	55	0.015000	0 	 9 	9	0.000549	0.001526	0.000549	1.422916
128	9300	56	0.015000	0 	 0 	0	0.000000	0.000000	0.000000	0.000000
128	9300	57	0.015000	0 	 2 	4	0.000244	0.000488	0.000244	0.866025
128	9300	58	0.015000	0 	 0 	0	0.000000	0.000000	0.000000	0.000000
128	9300	59	0.015000	0 	 1 	1	0.000061	0.000061	0.000061	0.000000
128	9300	60	0.015000	0 	 0 	0	0.000000	0.000000	0.000000	0.000000
128	9300	61	0.015000	0 	 0 	0	0.000000	0.000000	0.000000	0.000000
128	9300	62	0.015000	0 	 0 	0	0.000000	0.000000	0.000000	0.000000
128	9300	63	0.015000	0 	 0 	0	0.000000	0.000000	0.000000	0.000000
128	9300	64	0.015000	0 	 1 	2	0.000122	0.000122	0.000122	0.500000
128	9300	65	0.015000	0 	 0 	0	0.000000	0.000000	0.000000	0.000000
128	9300	66	0.015000	0 	 0 	0	0.000000	0.000000	0.000000	0.000000
128	9300	67	0.015000	0 	 0 	0	0.000000	0.000000	0.000000	0.000000
128	9300	68	0.015000	0 	 0 	0	0.000000	0.000000	0.000000	0.000000
128	9300	69	0.015000	0 	 0 	0	0.000000	0.000000	0.000000	0.000000
128	9300	70	0.015000	0 	 6 	4	0.000244	0.000854	0.000244	0.935414
128	9300	71	0.015000	0 	 0 	0	0.000000	0.000000	0.000000	0.000000
128	9300	72	0.015000	0 	 0 	0	0.000000	0.000000	0.000000	0.000000
128	9300	73	0.015000	0 	 0 	0	0.000000	0.000000	0.000000	0.000000
128	9300	74	0.015000	0 	 0 	0	0.000000	0.000000	0.000000	0.000000
128	9300	75	0.015000	0 	 4 	15	0.000916	0.001465	0.000916	2.089125
128	9300	76	0.015000	0 	 0 	0	0.000000	0.000000	0.000000	0.000000
128	9300	77	0.015000	0 	 0 	0	0.000000	0.000000	0.000000	0.000000
128	9300	78	0.015000	0 	 10 	13	0.000793	0.001770	0.000793	1.952089
128	9300	79	0.015000	0 	 3 	8	0.000488	0.000854	0.000488	1.262438
128	9300	80	0.015000	0 	 3 	5	0.000305	0.000732	0.000305	1.058301
128	9300	81	0.015000	0 	 0 	0	0.000000	0.000000	0.000000	0.000000
128	9300	82	0.015000	0 	 4 	6	0.000366	0.001099	0.000366	1.247219
128	9300	83	0.015000	0 	 14 	8	0.000488	0.002258	0.000488	1.322876
128	9300	84	0.015000	0 	 10 	3	0.000183	0.000793	0.000183	0.666667
128	9300	85	0.015000	0 	 0 	0	0.000000	0.000000	0.000000	0.000000
128	9300	86	0.015000	0 	 0 	0	0.000000	0.000000	0.000000	0.000000
128	9300	87	0.015000	0 	 0 	0	0.000000	0.000000	0.000000	0.000000
128	9300	88	0.015000	0 	 3 	3	0.000183	0.000305	0.000183	0.829156
128	9300	89	0.015000	0 	 0 	0	0.000000	0.000000	0.000000	0.000000
128	9300	90	0.015000	0 	 142 	122	0.007446	0.054260	0.007446	5.798235
128	9300	91	0.015000	0 	 0 	0	0.000000	0.000000	0.000000	0.000000
128	9300	92	0.015000	0 	 0 	0	0.000000	0.000000	0.000000	0.000000
128	9300	93	0.015000	0 	 6 	4	0.000244	0.001038	0.000244	1.118034
128	9300	94	0.015000	0 	 0 	0	0.000000	0.000000	0.000000	0.000000
128	9300	95	0.015000	0 	 0 	0	0.000000	0.000000	0.000000	0.000000
128	9300	96	0.015000	0 	 1 	6	0.000366	0.000366	0.000366	1.213352
128	9300	97	0.015000	0 	 1 	1	0.000061	0.000061	0.000061	0.000000
128	9300	98	0.015000	0 	 1 	3	0.000183	0.000183	0.000183	0.666667
128	9300	99	0.015000	0 	 0 	0	0.000000	0.000000	0.000000	0.000000
128	9300	100	0.015000	0 	 150 	2462	0.150269	0.192505	0.150269	23.913041
128	9300	101	0.015000	0 	 6 	4	0.000244	0.000793	0.000244	0.829156
128	9300	102	0.015000	0 	 0 	0	0.000000	0.000000	0.000000	0.000000
128	9300	103	0.015000	0 	 2 	8	0.000488	0.000610	0.000488	1.515544
128	9300	104	0.015000	0 	 0 	0	0.000000	0.000000	0.000000	0.000000
128	9300	105	0.015000	0 	 0 	0	0.000000	0.000000	0.000000	0.000000
128	9300	106	0.015000	0 	 0 	0	0.000000	0.000000	0.000000	0.000000
128	9300	107	0.015000	0 	 15 	10	0.000610	0.002747	0.000610	1.389244
128	9300	108	0.015000	0 	 0 	0	0.000000	0.000000	0.000000	0.000000
128	9300	109	0.015000	0 	 4 	4	0.000244	0.000610	0.000244	0.935414
128	9300	110	0.015000	0 	 0 	0	0.000000	0.000000	0.000000	0.000000
128	9300	111	0.015000	0 	 4 	22	0.001343	0.001892	0.001343	2.361887
128	9300	112	0.015000	0 	 0 	0	0.000000	0.000000	0.000000	0.000000
128	9300	113	0.015000	0 	 5 	5	0.000305	0.000793	0.000305	1.232883
128	9300	114	0.015000	0 	 0 	0	0.000000	0.000000	0.000000	0.000000
128	9300	115	0.015000	0 	 4 	6	0.000366	0.000854	0.000366	1.013794
128	9300	116	0.015000	0 	 0 	0	0.000000	0.000000	0.000000	0.000000
128	9300	117	0.015000	0 	 1 	1	0.000061	0.000061	0.000061	0.000000
128	9300	118	0.015000	0 	 0 	0	0.000000	0.000000	0.000000	0.000000
128	9300	119	0.015000	0 	 0 	0	0.000000	0.000000	0.000000	0.000000
128	9300	120	0.015000	0 	 0 	0	0.000000	0.000000	0.000000	0.000000
128	9300	121	0.015000	0 	 0 	0	0.000000	0.000000	0.000000	0.000000
128	9300	122	0.015000	0 	 8 	11	0.000671	0.002075	0.000671	1.876342
128	9300	123	0.015000	0 	 12 	10	0.000610	0.002502	0.000610	2.174856
128	9300	124	0.015000	0 	 0 	0	0.000000	0.000000	0.000000	0.000000
128	9300	125	0.015000	0 	 0 	0	0.000000	0.000000	0.000000	0.000000
128	9300	126	0.015000	0 	 1 	3	0.000183	0.000183	0.000183	0.816497
128	9300	127	0.015000	0 	 4 	1	0.000061	0.000244	0.000061	0.000000
128	9300	128	0.015000	0 	 1 	5	0.000305	0.000305	0.000305	1.095445
128	9300	129	0.015000	0 	 1 	2	0.000122	0.000122	0.000122	0.500000
128	9300	130	0.015000	0 	 0 	0	0.000000	0.000000	0.000000	0.000000
128	9300	131	0.015000	0 	 0 	0	0.000000	0.000000	0.000000	0.000000
128	9300	132	0.015000	0 	 0 	0	0.000000	0.000000	0.000000	0.000000
128	9300	133	0.015000	0 	 0 	0	0.000000	0.000000	0.000000	0.000000
128	9300	134	0.015000	0 	 0 	0	0.000000	0.000000	0.000000	0.000000
128	9300	135	0.015000	0 	 4 	8	0.000488	0.000793	0.000488	1.414214
128	9300	136	0.015000	0 	 7 	6	0.000366	0.001038	0.000366	1.301708
128	9300	137	0.015000	0 	 1 	2	0.000122	0.000122	0.000122	0.500000
128	9300	138	0.015000	0 	 0 	0	0.000000	0.000000	0.000000	0.000000
128	9300	139	0.015000	0 	 4 	4	0.000244	0.000488	0.000244	0.866025
128	9300	140	0.015000	0 	 2 	4	0.000244	0.000488	0.000244	0.935414
128	9300	141	0.015000	0 	 5 	3	0.000183	0.000732	0.000183	0.666667
128	9300	142	0.015000	0 	 0 	0	0.000000	0.000000	0.000000	0.000000
128	9300	143	0.015000	0 	 0 	0	0.000000	0.000000	0.000000	0.000000
128	9300	144	0.015000	0 	 4 	5	0.000305	0.000488	0.000305	0.894427
128	9300	145	0.015000	0 	 1 	8	0.000488	0.000488	0.000488	1.452369
128	9300	146	0.015000	0 	 0 	0	0.000000	0.000000	0.000000	0.000000
128	9300	147	0.015000	0 	 8 	7	0.000427	0.001465	0.000427	1.142857
128	9300	148	0.015000	0 	 4 	5	0.000305	0.000610	0.000305	0.979796
128	9300	149	0.015000	0 	 0 	0	0.000000	0.000000	0.000000	0.000000
128	9300	150	0.015000	0 	 11 	12	0.000732	0.003235	0.000732	1.777561
128	9300	151	0.015000	0 	 0 	0	0.000000	0.000000	0.000000	0.000000
128	9300	152	0.015000	0 	 11 	6	0.000366	0.001526	0.000366	1.013794
128	9300	153	0.015000	0 	 0 	0	0.000000	0.000000	0.000000	0.000000
128	9300	154	0.015000	0 	 0 	0	0.000000	0.000000	0.000000	0.000000
128	9300	155	0.015000	0 	 1 	2	0.000122	0.000122	0.000122	0.500000
128	9300	156	0.015000	0 	 10 	5	0.000305	0.001465	0.000305	1.095445
128	9300	157	0.015000	0 	 0 	0	0.000000	0.000000	0.000000	0.000000
128	9300	158	0.015000	0 	 1 	1	0.000061	0.000061	0.000061	0.000000
128	9300	159	0.015000	0 	 0 	0	0.000000	0.000000	0.000000	0.000000
128	9300	160	0.015000	0 	 1 	4	0.000244	0.000244	0.000244	0.935414
128	9300	161	0.015000	0 	 3 	2	0.000122	0.000305	0.000122	0.500000
128	9300	162	0.015000	0 	 0 	0	0.000000	0.000000	0.000000	0.000000
128	9300	163	0.015000	0 	 0 	0	0.000000	0.000000	0.000000	0.000000
128	9300	164	0.015000	0 	 26 	12	0.000732	0.004150	0.000732	1.509231
128	9300	165	0.015000	0 	 0 	0	0.000000	0.000000	0.000000	0.000000
128	9300	166	0.015000	0 	 9 	8	0.000488	0.001404	0.000488	1.403122
128	9300	167	0.015000	0 	 0 	0	0.000000	0.000000	0.000000	0.000000
128	9300	168	0.015000	0 	 18 	7	0.000427	0.002136	0.000427	1.142857
128	9300	169	0.015000	0 	 5 	11	0.000671	0.001953	0.000671	1.425853
128	9300	170	0.015000	0 	 0 	0	0.000000	0.000000	0.000000	0.000000
128	9300	171	0.015000	0 	 4 	3	0.000183	0.000366	0.000183	0.666667
128	9300	172	0.015000	0 	 0 	0	0.000000	0.000000	0.000000	0.000000
128	9300	173	0.015000	0 	 0 	0	0.000000	0.000000	0.000000	0.000000
128	9300	174	0.015000	0 	 177 	5228	0.319092	0.364197	0.319092	32.442026
128	9300	175	0.015000	0 	 0 	0	0.000000	0.000000	0.000000	0.000000
128	9300	176	0.015000	0 	 0 	0	0.000000	0.000000	0.000000	0.000000
128	9300	177	0.015000	0 	 0 	0	0.000000	0.000000	0.000000	0.000000
128	9300	178	0.015000	0 	 0 	0	0.000000	0.000000	0.000000	0.000000
128	9300	179	0.015000	0 	 6 	5	0.000305	0.000916	0.000305	1.095445
128	9300	180	0.015000	0 	 0 	0	0.000000	0.000000	0.000000	0.000000
128	9300	181	0.015000	0 	 6 	7	0.000427	0.000977	0.000427	1.166667
128	9300	182	0.015000	0 	 5 	7	0.000427	0.000916	0.000427	1.030158
128	9300	183	0.015000	0 	 0 	0	0.000000	0.000000	0.000000	0.000000
128	9300	184	0.015000	0 	 0 	0	0.000000	0.000000	0.000000	0.000000
128	9300	185	0.015000	0 	 0 	0	0.000000	0.000000	0.000000	0.000000
128	9300	186	0.015000	0 	 0 	0	0.000000	0.000000	0.000000	0.000000
128	9300	187	0.015000	0 	 0 	0	0.000000	0.000000	0.000000	0.000000
128	9300	188	0.015000	0 	 8 	5	0.000305	0.001343	0.000305	0.894427
128	9300	189	0.015000	0 	 6 	6	0.000366	0.000854	0.000366	1.301708
128	9300	190	0.015000	0 	 4 	4	0.000244	0.000549	0.000244	0.829156
128	9300	191	0.015000	0 	 1 	3	0.000183	0.000183	0.000183	0.666667
128	9300	192	0.015000	0 	 0 	0	0.000000	0.000000	0.000000	0.000000
128	9300	193	0.015000	0 	 0 	0	0.000000	0.000000	0.000000	0.000000
128	9300	194	0.015000	0 	 0 	0	0.000000	0.000000	0.000000	0.000000
128	9300	195	0.015000	0 	 11 	7	0.000427	0.001892	0.000427	1.261680
128	9300	196	0.015000	0 	 0 	0	0.000000	0.000000	0.000000	0.000000
128	9300	197	0.015000	0 	 2 	2	0.000122	0.000244	0.000122	0.500000
128	9300	198	0.015000	0 	 0 	0	0.000000	0.000000	0.000000	0.000000
128	9300	199	0.015000	0 	 1 	1	0.000061	0.000061	0.000061	0.000000
128	9300	200	0.015000	0 	 0 	0	0.000000	0.000000	0.000000	0.000000
128	9300	201	0.015000	0 	 0 	0	0.000000	0.000000	0.000000	0.000000
128	9300	202	0.015000	0 	 0 	0	0.000000	0.000000	0.000000	0.000000
128	9300	203	0.015000	0 	 0 	0	0.000000	0.000000	0.000000	0.000000
128	9300	204	0.015000	0 	 1 	2	0.000122	0.000122	0.000122	0.500000
128	9300	205	0.015000	0 	 0 	0	0.000000	0.000000	0.000000	0.000000
128	9300	206	0.015000	0 	 1 	7	0.000427	0.000427	0.000427	1.498298
128	9300	207	0.015000	0 	 0 	0	0.000000	0.000000	0.000000	0.000000
128	9300	208	0.015000	0 	 3 	3	0.000183	0.000366	0.000183	0.816497
128	9300	209	0.015000	0 	 0 	0	0.000000	0.000000	0.000000	0.000000
128	9300	210	0.015000	0 	 6 	8	0.000488	0.001343	0.000488	1.446980
128	9300	211	0.015000	0 	 1 	3	0.000183	0.000183	0.000183	0.816497
128	9300	212	0.015000	0 	 1 	3	0.000183	0.000183	0.000183	0.666667
128	9300	213	0.015000	0 	 0 	0	0.000000	0.000000	0.000000	0.000000
128	9300	214	0.015000	0 	 0 	0	0.000000	0.000000	0.000000	0.000000
128	9300	215	0.015000	0 	 0 	0	0.000000	0.000000	0.000000	0.000000
128	9300	216	0.015000	0 	 0 	0	0.000000	0.000000	0.000000	0.000000
128	9300	217	0.015000	0 	 8 	5	0.000305	0.001099	0.000305	0.894427
128	9300	218	0.015000	0 	 3 	5	0.000305	0.000671	0.000305	1.019804
128	9300	219	0.015000	0 	 5 	7	0.000427	0.000793	0.000427	1.525297
128	9300	220	0.015000	0 	 3 	5	0.000305	0.000549	0.000305	0.894427
128	9300	221	0.015000	0 	 0 	0	0.000000	0.000000	0.000000	0.000000
128	9300	222	0.015000	0 	 1 	2	0.000122	0.000122	0.000122	0.500000
128	9300	223	0.015000	0 	 0 	0	0.000000	0.000000	0.000000	0.000000
128	9300	224	0.015000	0 	 0 	0	0.000000	0.000000	0.000000	0.000000
128	9300	225	0.015000	0 	 0 	0	0.000000	0.000000	0.000000	0.000000
128	9300	226	0.015000	0 	 7 	10	0.000610	0.001770	0.000610	1.414214
128	9300	227	0.015000	0 	 1 	2	0.000122	0.000122	0.000122	0.500000
128	9300	228	0.015000	0 	 0 	0	0.000000	0.000000	0.000000	0.000000
128	9300	229	0.015000	0 	 5 	6	0.000366	0.000977	0.000366	0.971825
128	9300	230	0.015000	0 	 0 	0	0.000000	0.000000	0.000000	0.000000
128	9300	231	0.015000	0 	 0 	0	0.000000	0.000000	0.000000	0.000000
128	9300	232	0.015000	0 	 0 	0	0.000000	0.000000	0.000000	0.000000
128	9300	233	0.015000	0 	 0 	0	0.000000	0.000000	0.000000	0.000000
128	9300	234	0.015000	0 	 0 	0	0.000000	0.000000	0.000000	0.000000
128	9300	235	0.015000	0 	 0 	0	0.000000	0.000000	0.000000	0.000000
128	9300	236	0.015000	0 	 71 	20	0.001221	0.013672	0.001221	2.682350
128	9300	237	0.015000	0 	 0 	0	0.000000	0.000000	0.000000	0.000000
128	9300	238	0.015000	0 	 0 	0	0.000000	0.000000	0.000000	0.000000
128	9300	239	0.015000	0 	 0 	0	0.000000	0.000000	0.000000	0.000000
128	9300	240	0.015000	0 	 0 	0	0.000000	0.000000	0.000000	0.000000
128	9300	241	0.015000	0 	 0 	0	0.000000	0.000000	0.000000	0.000000
128	9300	242	0.015000	0 	 0 	0	0.000000	0.000000	0.000000	0.000000
128	9300	243	0.015000	0 	 2 	4	0.000244	0.000488	0.000244	0.829156
128	9300	244	0.015000	0 	 12 	9	0.000549	0.002014	0.000549	1.482407
128	9300	245	0.015000	0 	 0 	0	0.000000	0.000000	0.000000	0.000000
128	9300	246	0.015000	0 	 0 	0	0.000000	0.000000	0.000000	0.000000
128	9300	247	0.015000	0 	 0 	0	0.000000	0.000000	0.000000	0.000000
128	9300	248	0.015000	0 	 0 	0	0.000000	0.000000	0.000000	0.000000
128	9300	249	0.015000	0 	 0 	0	0.000000	0.000000	0.000000	0.000000
128	9300	250	0.015000	0 	 3 	12	0.000732	0.000916	0.000732	1.769730
128	9300	251	0.015000	0 	 2 	16	0.000977	0.001038	0.000977	2.207055
128	9300	252	0.015000	0 	 0 	0	0.000000	0.000000	0.000000	0.000000
128	9300	253	0.015000	0 	 0 	0	0.000000	0.000000	0.000000	0.000000
128	9300	254	0.015000	0 	 0 	0	0.000000	0.000000	0.000000	0.000000
128	9300	255	0.015000	0 	 1 	8	0.000488	0.000488	0.000488	1.311011
128	9300	256	0.015000	0 	 0 	0	0.000000	0.000000	0.000000	0.000000
128	9300	257	0.015000	0 	 1 	3	0.000183	0.000183	0.000183	0.666667
128	9300	258	0.015000	0 	 0 	0	0.000000	0.000000	0.000000	0.000000
128	9300	259	0.015000	0 	 0 	0	0.000000	0.000000	0.000000	0.000000
128	9300	260	0.015000	0 	 0 	0	0.000000	0.000000	0.000000	0.000000
128	9300	261	0.015000	0 	 11 	9	0.000549	0.001831	0.000549	1.640536
128	9300	262	0.015000	0 	 2 	8	0.000488	0.000549	0.000488	1.165922
128	9300	263	0.015000	0 	 0 	0	0.000000	0.000000	0.000000	0.000000
128	9300	264	0.015000	0 	 0 	0	0.000000	0.000000	0.000000	0.000000
128	9300	265	0.015000	0 	 7 	7	0.000427	0.001648	0.000427	1.212183
128	9300	266	0.015000	0 	 4 	3	0.000183	0.000549	0.000183	0.666667
128	9300	267	0.015000	0 	 0 	0	0.000000	0.000000	0.000000	0.000000
128	9300	268	0.015000	0 	 0 	0	0.000000	0.000000	0.000000	0.000000
128	9300	269	0.015000	0 	 0 	0	0.000000	0.000000	0.000000	0.000000
128	9300	270	0.015000	0 	 0 	0	0.000000	0.000000	0.000000	0.000000
128	9300	271	0.015000	0 	 0 	0	0.000000	0.000000	0.000000	0.000000
128	9300	272	0.015000	0 	 0 	0	0.000000	0.000000	0.000000	0.000000
128	9300	273	0.015000	0 	 14 	7	0.000427	0.002747	0.000427	1.293626
128	9300	274	0.015000	0 	 0 	0	0.000000	0.000000	0.000000	0.000000
128	9300	275	0.015000	0 	 0 	0	0.000000	0.000000	0.000000	0.000000
128	9300	276	0.015000	0 	 0 	0	0.000000	0.000000	0.000000	0.000000
128	9300	277	0.015000	0 	 0 	0	0.000000	0.000000	0.000000	0.000000
128	9300	278	0.015000	0 	 0 	0	0.000000	0.000000	0.000000	0.000000
128	9300	279	0.015000	0 	 0 	0	0.000000	0.000000	0.000000	0.000000
128	9300	280	0.015000	0 	 1 	1	0.000061	0.000061	0.000061	0.000000
128	9300	281	0.015000	0 	 0 	0	0.000000	0.000000	0.000000	0.000000
128	9300	282	0.015000	0 	 0 	0	0.000000	0.000000	0.000000	0.000000
128	9300	283	0.015000	0 	 0 	0	0.000000	0.000000	0.000000	0.000000
128	9300	284	0.015000	0 	 0 	0	0.000000	0.000000	0.000000	0.000000
128	9300	285	0.015000	0 	 0 	0	0.000000	0.000000	0.000000	0.000000
128	9300	286	0.015000	0 	 7 	10	0.000610	0.001587	0.000610	1.777639
128	9300	287	0.015000	0 	 3 	9	0.000549	0.000916	0.000549	1.414214
128	9300	288	0.015000	0 	 0 	0	0.000000	0.000000	0.000000	0.000000
128	9300	289	0.015000	0 	 0 	0	0.000000	0.000000	0.000000	0.000000
128	9300	290	0.015000	0 	 5 	6	0.000366	0.000793	0.000366	1.166667
128	9300	291	0.015000	0 	 209 	2623	0.160095	0.219055	0.160095	24.669491
128	9300	292	0.015000	0 	 2 	10	0.000610	0.000732	0.000610	1.356466
128	9300	293	0.015000	0 	 1 	4	0.000244	0.000244	0.000244	0.829156
128	9300	294	0.015000	0 	 0 	0	0.000000	0.000000	0.000000	0.000000
128	9300	295	0.015000	0 	 0 	0	0.000000	0.000000	0.000000	0.000000
128	9300	296	0.015000	0 	 0 	0	0.000000	0.000000	0.000000	0.000000
128	9300	297	0.015000	0 	 5 	11	0.000671	0.001038	0.000671	1.585054
128	9300	298	0.015000	0 	 16 	9	0.000549	0.002258	0.000549	1.692394
128	9300	299	0.015000	0 	 0 	0	0.000000	0.000000	0.000000	0.000000
128	9300	300	0.015000	0 	 7 	6	0.000366	0.001221	0.000366	1.201850
128	9300	301	0.015000	0 	 92 	43	0.002625	0.031921	0.002625	4.389623
128	9300	302	0.015000	0 	 0 	0	0.000000	0.000000	0.000000	0.000000
128	9300	303	0.015000	0 	 2 	4	0.000244	0.000366	0.000244	0.935414
128	9300	304	0.015000	0 	 2 	2	0.000122	0.000183	0.000122	0.500000
128	9300	305	0.015000	0 	 0 	0	0.000000	0.000000	0.000000	0.000000
128	9300	306	0.015000	0 	 0 	0	0.000000	0.000000	0.000000	0.000000
128	9300	307	0.015000	0 	 0 	0	0.000000	0.000000	0.000000	0.000000
128	9300	308	0.015000	0 	 154 	967	0.059021	0.106323	0.059021	16.783460
128	9300	309	0.015000	0 	 0 	0	0.000000	0.000000	0.000000	0.000000
128	9300	310	0.015000	0 	 0 	0	0.000000	0.000000	0.000000	0.000000
128	9300	311	0.015000	0 	 3 	1	0.000061	0.000183	0.000061	0.000000
128	9300	312	0.015000	0 	 0 	0	0.000000	0.000000	0.000000	0.000000
128	9300	313	0.015000	0 	 0 	0	0.000000	0.000000	0.000000	0.000000
128	9300	314	0.015000	0 	 0 	0	0.000000	0.000000	0.000000	0.000000
128	9300	315	0.015000	0 	 7 	5	0.000305	0.000977	0.000305	1.232883
128	9300	316	0.015000	0 	 1 	3	0.000183	0.000183	0.000183	0.666667
128	9300	317	0.015000	0 	 0 	0	0.000000	0.000000	0.000000	0.000000
128	9300	318	0.015000	0 	 0 	0	0.000000	0.000000	0.000000	0.000000
128	9300	319	0.015000	0 	 2 	2	0.000122	0.000244	0.000122	0.500000
128	9300	320	0.015000	0 	 4 	9	0.000549	0.001343	0.000549	1.968894
128	9300	321	0.015000	0 	 5 	5	0.000305	0.001282	0.000305	0.894427
128	9300	322	0.015000	0 	 0 	0	0.000000	0.000000	0.000000	0.000000
128	9300	323	0.015000	0 	 0 	0	0.000000	0.000000	0.000000	0.000000
128	9300	324	0.015000	0 	 0 	0	0.000000	0.000000	0.000000	0.000000
128	9300	325	0.015000	0 	 0 	0	0.000000	0.000000	0.000000	0.000000
128	9300	326	0.015000	0 	 20 	11	0.000671	0.004028	0.000671	1.493789
128	9300	327	0.015000	0 	 3 	1	0.000061	0.000183	0.000061	0.000000
128	9300	328	0.015000	0 	 0 	0	0.000000	0.000000	0.000000	0.000000
128	9300	329	0.015000	0 	 1 	8	0.000488	0.000488	0.000488	1.473728
128	9300	330	0.015000	0 	 9 	6	0.000366	0.001770	0.000366	1.080123
128	9300	331	0.015000	0 	 0 	0	0.000000	0.000000	0.000000	0.000000
128	9300	332	0.015000	0 	 0 	0	0.000000	0.000000	0.000000	0.000000
128	9300	333	0.015000	0 	 0 	0	0.000000	0.000000	0.000000	0.000000
128	9300	334	0.015000	0 	 0 	0	0.000000	0.000000	0.000000	0.000000
128	9300	335	0.015000	0 	 3 	4	0.000244	0.000427	0.000244	0.935414
128	9300	336	0.015000	0 	 6 	7	0.000427	0.001282	0.000427	1.511858
128	9300	337	0.015000	0 	 4 	2	0.000122	0.000305	0.000122	0.500000
128	9300	338	0.015000	0 	 0 	0	0.000000	0.000000	0.000000	0.000000
128	9300	339	0.015000	0 	 2 	5	0.000305	0.000427	0.000305	1.019804
128	9300	340	0.015000	0 	 0 	0	0.000000	0.000000	0.000000	0.000000
128	9300	341	0.015000	0 	 11 	15	0.000916	0.002380	0.000916	2.465766
128	9300	342	0.015000	0 	 1 	11	0.000671	0.000671	0.000671	2.040904
128	9300	343	0.015000	0 	 0 	0	0.000000	0.000000	0.000000	0.000000
128	9300	344	0.015000	0 	 2 	5	0.000305	0.000366	0.000305	1.095445
128	9300	345	0.015000	0 	 0 	0	0.000000	0.000000	0.000000	0.000000
128	9300	346	0.015000	0 	 0 	0	0.000000	0.000000	0.000000	0.000000
128	9300	347	0.015000	0 	 0 	0	0.000000	0.000000	0.000000	0.000000
128	9300	348	0.015000	0 	 0 	0	0.000000	0.000000	0.000000	0.000000
128	9300	349	0.015000	0 	 0 	0	0.000000	0.000000	0.000000	0.000000
128	9300	350	0.015000	0 	 5 	4	0.000244	0.000610	0.000244	0.935414
128	9300	351	0.015000	0 	 0 	0	0.000000	0.000000	0.000000	0.000000
128	9300	352	0.015000	0 	 0 	0	0.000000	0.000000	0.000000	0.000000
128	9300	353	0.015000	0 	 0 	0	0.000000	0.000000	0.000000	0.000000
128	9300	354	0.015000	0 	 6 	5	0.000305	0.000977	0.000305	0.979796
128	9300	355	0.015000	0 	 30 	14	0.000854	0.005005	0.000854	1.869465
128	9300	356	0.015000	0 	 0 	0	0.000000	0.000000	0.000000	0.000000
128	9300	357	0.015000	0 	 0 	0	0.000000	0.000000	0.000000	0.000000
128	9300	358	0.015000	0 	 2 	2	0.000122	0.000183	0.000122	0.500000
128	9300	359	0.015000	0 	 0 	0	0.000000	0.000000	0.000000	0.000000
128	9300	360	0.015000	0 	 1 	2	0.000122	0.000122	0.000122	0.500000
128	9300	361	0.015000	0 	 1 	1	0.000061	0.000061	0.000061	0.000000
128	9300	362	0.015000	0 	 5 	6	0.000366	0.000916	0.000366	1.301708
128	9300	363	0.015000	0 	 9 	5	0.000305	0.001343	0.000305	1.019804
128	9300	364	0.015000	0 	 3 	9	0.000549	0.000916	0.000549	1.885618
128	9300	365	0.015000	0 	 0 	0	0.000000	0.000000	0.000000	0.000000
128	9300	366	0.015000	0 	 15 	18	0.001099	0.004395	0.001099	2.302039
128	9300	367	0.015000	0 	 5 	5	0.000305	0.000916	0.000305	1.131371
128	9300	368	0.015000	0 	 0 	0	0.000000	0.000000	0.000000	0.000000
128	9300	369	0.015000	0 	 4 	12	0.000732	0.001465	0.000732	1.775606
128	9300	370	0.015000	0 	 0 	0	0.000000	0.000000	0.000000	0.000000
128	9300	371	0.015000	0 	 0 	0	0.000000	0.000000	0.000000	0.000000
128	9300	372	0.015000	0 	 7 	8	0.000488	0.001709	0.000488	1.541104
128	9300	373	0.015000	0 	 2 	4	0.000244	0.000305	0.000244	0.894427
128	9300	374	0.015000	0 	 0 	0	0.000000	0.000000	0.000000	0.000000
128	9300	375	0.015000	0 	 0 	0	0.000000	0.000000	0.000000	0.000000
128	9300	376	0.015000	0 	 0 	0	0.000000	0.000000	0.000000	0.000000
128	9300	377	0.015000	0 	 8 	8	0.000488	0.001160	0.000488	1.473728
128	9300	378	0.015000	0 	 0 	0	0.000000	0.000000	0.000000	0.000000
128	9300	379	0.015000	0 	 12 	15	0.000916	0.002747	0.000916	1.776388
128	9300	380	0.015000	0 	 0 	0	0.000000	0.000000	0.000000	0.000000
128	9300	381	0.015000	0 	 0 	0	0.000000	0.000000	0.000000	0.000000
128	9300	382	0.015000	0 	 3 	2	0.000122	0.000244	0.000122	0.500000
128	9300	383	0.015000	0 	 0 	0	0.000000	0.000000	0.000000	0.000000
128	9300	384	0.015000	0 	 0 	0	0.000000	0.000000	0.000000	0.000000
128	9300	385	0.015000	0 	 0 	0	0.000000	0.000000	0.000000	0.000000
128	9300	386	0.015000	0 	 14 	6	0.000366	0.001953	0.000366	1.343710
128	9300	387	0.015000	0 	 0 	0	0.000000	0.000000	0.000000	0.000000
128	9300	388	0.015000	0 	 0 	0	0.000000	0.000000	0.000000	0.000000
128	9300	389	0.015000	0 	 0 	0	0.000000	0.000000	0.000000	0.000000
128	9300	390	0.015000	0 	 0 	0	0.000000	0.000000	0.000000	0.000000
128	9300	391	0.015000	0 	 0 	0	0.000000	0.000000	0.000000	0.000000
128	9300	392	0.015000	0 	 8 	8	0.000488	0.001465	0.000488	1.452369
128	9300	393	0.015000	0 	 1 	4	0.000244	0.000244	0.000244	0.866025
128	9300	394	0.015000	0 	 6 	5	0.000305	0.000732	0.000305	0.894427
128	9300	395	0.015000	0 	 0 	0	0.000000	0.000000	0.000000	0.000000
128	9300	396	0.015000	0 	 1 	4	0.000244	0.000244	0.000244	1.118034
128	9300	397	0.015000	0 	 3 	1	0.000061	0.000183	0.000061	0.000000
128	9300	398	0.015000	0 	 0 	0	0.000000	0.000000	0.000000	0.000000
128	9300	399	0.015000	0 	 0 	0	0.000000	0.000000	0.000000	0.000000
128	9300	400	0.015000	0 	 0 	0	0.000000	0.000000	0.000000	0.000000
128	9300	401	0.015000	0 	 0 	0	0.000000	0.000000	0.000000	0.000000
128	9300	402	0.015000	0 	 2 	3	0.000183	0.000305	0.000183	0.666667
128	9300	403	0.015000	0 	 5 	10	0.000610	0.001526	0.000610	1.565248
128	9300	404	0.015000	0 	 0 	0	0.000000	0.000000	0.000000	0.000000
128	9300	405	0.015000	0 	 0 	0	0.000000	0.000000	0.000000	0.000000
128	9300	406	0.015000	0 	 104 	43	0.002625	0.026978	0.002625	3.473924
128	9300	407	0.015000	0 	 8 	7	0.000427	0.001404	0.000427	1.277753
128	9300	408	0.015000	0 	 0 	0	0.000000	0.000000	0.000000	0.000000
128	9300	409	0.015000	0 	 0 	0	0.000000	0.000000	0.000000	0.000000
128	9300	410	0.015000	0 	 3 	6	0.000366	0.000488	0.000366	0.971825
128	9300	411	0.015000	0 	 6 	7	0.000427	0.001404	0.000427	1.340119
128	9300	412	0.015000	0 	 0 	0	0.000000	0.000000	0.000000	0.000000
128	9300	413	0.015000	0 	 3 	3	0.000183	0.000427	0.000183	0.666667
128	9300	414	0.015000	0 	 0 	0	0.000000	0.000000	0.000000	0.000000
128	9300	415	0.015000	0 	 0 	0	0.000000	0.000000	0.000000	0.000000
128	9300	416	0.015000	0 	 4 	9	0.000549	0.000854	0.000549	1.431567
128	9300	417	0.015000	0 	 0 	0	0.000000	0.000000	0.000000	0.000000
128	9300	418	0.015000	0 	 0 	0	0.000000	0.000000	0.000000	0.000000
128	9300	419	0.015000	0 	 0 	0	0.000000	0.000000	0.000000	0.000000
128	9300	420	0.015000	0 	 0 	0	0.000000	0.000000	0.000000	0.000000
128	9300	421	0.015000	0 	 0 	0	0.000000	0.000000	0.000000	0.000000
128	9300	422	0.015000	0 	 0 	0	0.000000	0.000000	0.000000	0.000000
128	9300	423	0.015000	0 	 0 	0	0.000000	0.000000	0.000000	0.000000
128	9300	424	0.015000	0 	 5 	5	0.000305	0.000610	0.000305	0.979796
128	9300	425	0.015000	0 	 5 	3	0.000183	0.000427	0.000183	0.666667
128	9300	426	0.015000	0 	 4 	3	0.000183	0.000366	0.000183	0.666667
128	9300	427	0.015000	0 	 0 	0	0.000000	0.000000	0.000000	0.000000
128	9300	428	0.015000	0 	 2 	13	0.000793	0.000854	0.000793	1.912277
128	9300	429	0.015000	0 	 0 	0	0.000000	0.000000	0.000000	0.000000
128	9300	430	0.015000	0 	 0 	0	0.000000	0.000000	0.000000	0.000000
128	9300	431	0.015000	0 	 8 	6	0.000366	0.001038	0.000366	1.067187
128	9300	432	0.015000	0 	 0 	0	0.000000	0.000000	0.000000	0.000000
128	9300	433	0.015000	0 	 7 	2	0.000122	0.000671	0.000122	0.500000
128	9300	434	0.015000	0 	 0 	0	0.000000	0.000000	0.000000	0.000000
128	9300	435	0.015000	0 	 0 	0	0.000000	0.000000	0.000000	0.000000
128	9300	436	0.015000	0 	 2 	3	0.000183	0.000305	0.000183	0.666667
128	9300	437	0.015000	0 	 51 	16	0.000977	0.011780	0.000977	1.902917
128	9300	438	0.015000	0 	 5 	7	0.000427	0.001099	0.000427	1.590790
128	9300	439	0.015000	0 	 1 	3	0.000183	0.000183	0.000183	0.816497
128	9300	440	0.015000	0 	 0 	0	0.000000	0.000000	0.000000	0.000000
128	9300	441	0.015000	0 	 3 	8	0.000488	0.000610	0.000488	1.479020
128	9300	442	0.015000	0 	 5 	10	0.000610	0.001404	0.000610	1.581139
128	9300	443	0.015000	0 	 0 	0	0.000000	0.000000	0.000000	0.000000
128	9300	444	0.015000	0 	 2 	5	0.000305	0.000366	0.000305	0.894427
128	9300	445	0.015000	0 	 0 	0	0.000000	0.000000	0.000000	0.000000
128	9300	446	0.015000	0 	 0 	0	0.000000	0.000000	0.000000	0.000000
128	9300	447	0.015000	0 	 0 	0	0.000000	0.000000	0.000000	0.000000
128	9300	448	0.015000	0 	 0 	0	0.000000	0.000000	0.000000	0.000000
128	9300	449	0.015000	0 	 0 	0	0.000000	0.000000	0.000000	0.000000
128	9300	450	0.015000	0 	 7 	6	0.000366	0.000916	0.000366	1.201850
128	9300	451	0.015000	0 	 0 	0	0.000000	0.000000	0.000000	0.000000
128	9300	452	0.015000	0 	 0 	0	0.000000	0.000000	0.000000	0.000000
128	9300	453	0.015000	0 	 0 	0	0.000000	0.000000	0.000000	0.000000
128	9300	454	0.015000	0 	 0 	0	0.000000	0.000000	0.000000	0.000000
128	9300	455	0.015000	0 	 1 	1	0.000061	0.000061	0.000061	0.000000
128	9300	456	0.015000	0 	 9 	8	0.000488	0.001587	0.000488	1.218349
128	9300	457	0.015000	0 	 0 	0	0.000000	0.000000	0.000000	0.000000
128	9300	458	0.015000	0 	 0 	0	0.000000	0.000000	0.000000	0.000000
128	9300	459	0.015000	0 	 3 	3	0.000183	0.000366	0.000183	0.666667
128	9300	460	0.015000	0 	 14 	7	0.000427	0.002319	0.000427	1.470804
128	9300	461	0.015000	0 	 0 	0	0.000000	0.000000	0.000000	0.000000
128	9300	462	0.015000	0 	 14 	8	0.000488	0.002686	0.000488	1.530931
128	9300	463	0.015000	0 	 5 	13	0.000793	0.001282	0.000793	1.817079
128	9300	464	0.015000	0 	 9 	6	0.000366	0.001892	0.000366	0.971825
128	9300	465	0.015000	0 	 0 	0	0.000000	0.000000	0.000000	0.000000
128	9300	466	0.015000	0 	 0 	0	0.000000	0.000000	0.000000	0.000000
128	9300	467	0.015000	0 	 0 	0	0.000000	0.000000	0.000000	0.000000
128	9300	468	0.015000	0 	 0 	0	0.000000	0.000000	0.000000	0.000000
128	9300	469	0.015000	0 	 1 	4	0.000244	0.000244	0.000244	0.935414
128	9300	470	0.015000	0 	 0 	0	0.000000	0.000000	0.000000	0.000000
128	9300	471	0.015000	0 	 3 	5	0.000305	0.000671	0.000305	0.894427
128	9300	472	0.015000	0 	 0 	0	0.000000	0.000000	0.000000	0.000000
128	9300	473	0.015000	0 	 1 	15	0.000916	0.000916	0.000916	2.156128
128	9300	474	0.015000	0 	 0 	0	0.000000	0.000000	0.000000	0.000000
128	9300	475	0.015000	0 	 0 	0	0.000000	0.000000	0.000000	0.000000
128	9300	476	0.015000	0 	 1 	2	0.000122	0.000122	0.000122	0.500000
128	9300	477	0.015000	0 	 0 	0	0.000000	0.000000	0.000000	0.000000
128	9300	478	0.015000	0 	 0 	0	0.000000	0.000000	0.000000	0.000000
128	9300	479	0.015000	0 	 3 	8	0.000488	0.000732	0.000488	1.363589
128	9300	480	0.015000	0 	 4 	8	0.000488	0.000854	0.000488	1.403122
128	9300	481	0.015000	0 	 3 	11	0.000671	0.001160	0.000671	1.493789
128	9300	482	0.015000	0 	 0 	0	0.000000	0.000000	0.000000	0.000000
128	9300	483	0.015000	0 	 1 	8	0.000488	0.000488	0.000488	1.218349
128	9300	484	0.015000	0 	 0 	0	0.000000	0.000000	0.000000	0.000000
128	9300	485	0.015000	0 	 15 	19	0.001160	0.003845	0.001160	3.030775
128	9300	486	0.015000	0 	 10 	14	0.000854	0.002380	0.000854	1.853017
128	9300	487	0.015000	0 	 0 	0	0.000000	0.000000	0.000000	0.000000
128	9300	488	0.015000	0 	 0 	0	0.000000	0.000000	0.000000	0.000000
128	9300	489	0.015000	0 	 135 	88	0.005371	0.051636	0.005371	5.938639
128	9300	490	0.015000	0 	 172 	2285	0.139465	0.192139	0.139465	23.430183
128	9300	491	0.015000	0 	 4 	5	0.000305	0.000549	0.000305	1.131371
128	9300	492	0.015000	0 	 0 	0	0.000000	0.000000	0.000000	0.000000
128	9300	493	0.015000	0 	 14 	5	0.000305	0.001526	0.000305	1.095445
128	9300	494	0.015000	0 	 0 	0	0.000000	0.000000	0.000000	0.000000
128	9300	495	0.015000	0 	 0 	0	0.000000	0.000000	0.000000	0.000000
128	9300	496	0.015000	0 	 4 	4	0.000244	0.000549	0.000244	0.829156
128	9300	497	0.015000	0 	 2 	4	0.000244	0.000305	0.000244	0.935414
128	9300	498	0.015000	0 	 0 	0	0.000000	0.000000	0.000000	0.000000
128	9300	499	0.015000	0 	 0 	0	0.000000	0.000000	0.000000	0.000000
128	9300	500	0.015000	0 	 7 	8	0.000488	0.001587	0.000488	1.479020
128	9300	501	0.015000	0 	 3 	3	0.000183	0.000366	0.000183	0.666667
128	9300	502	0.015000	0 	 0 	0	0.000000	0.000000	0.000000	0.000000
128	9300	503	0.015000	0 	 0 	0	0.000000	0.000000	0.000000	0.000000
128	9300	504	0.015000	0 	 0 	0	0.000000	0.000000	0.000000	0.000000
128	9300	505	0.015000	0 	 0 	0	0.000000	0.000000	0.000000	0.000000
128	9300	506	0.015000	0 	 1 	9	0.000549	0.000549	0.000549	1.378853
128	9300	507	0.015000	0 	 7 	3	0.000183	0.000793	0.000183	0.666667
128	9300	508	0.015000	0 	 2 	16	0.000977	0.001038	0.000977	2.117634
128	9300	509	0.015000	0 	 0 	0	0.000000	0.000000	0.000000	0.000000
128	9300	510	0.015000	0 	 1 	1	0.000061	0.000061	0.000061	0.000000
128	9300	511	0.015000	0 	 0 	0	0.000000	0.000000	0.000000	0.000000
128	9300	512	0.015000	0 	 7 	4	0.000244	0.001099	0.000244	0.935414
128	9300	513	0.015000	0 	 26 	7	0.000427	0.004761	0.000427	1.590790
128	9300	514	0.015000	0 	 0 	0	0.000000	0.000000	0.000000	0.000000
128	9300	515	0.015000	0 	 0 	0	0.000000	0.000000	0.000000	0.000000
128	9300	516	0.015000	0 	 0 	0	0.000000	0.000000	0.000000	0.000000
128	9300	517	0.015000	0 	 12 	21	0.001282	0.003113	0.001282	2.653026
128	9300	518	0.015000	0 	 15 	6	0.000366	0.002014	0.000366	1.213352
128	9300	519	0.015000	0 	 3 	11	0.000671	0.000793	0.000671	1.924183
128	9300	520	0.015000	0 	 0 	0	0.000000	0.000000	0.000000	0.000000
128	9300	521	0.015000	0 	 0 	0	0.000000	0.000000	0.000000	0.000000
128	9300	522	0.015000	0 	 0 	0	0.000000	0.000000	0.000000	0.000000
128	9300	523	0.015000	0 	 0 	0	0.000000	0.000000	0.000000	0.000000
128	9300	524	0.015000	0 	 132 	2128	0.129883	0.173279	0.129883	22.689932
128	9300	525	0.015000	0 	 0 	0	0.000000	0.000000	0.000000	0.000000
128	9300	526	0.015000	0 	 0 	0	0.000000	0.000000	0.000000	0.000000
128	9300	527	0.015000	0 	 0 	0	0.000000	0.000000	0.000000	0.000000
128	9300	528	0.015000	0 	 8 	3	0.000183	0.000854	0.000183	0.666667
128	9300	529	0.015000	0 	 0 	0	0.000000	0.000000	0.000000	0.000000
128	9300	530	0.015000	0 	 0 	0	0.000000	0.000000	0.000000	0.000000
128	9300	531	0.015000	0 	 1 	6	0.000366	0.000366	0.000366	1.258306
128	9300	532	0.015000	0 	 0 	0	0.000000	0.000000	0.000000	0.000000
128	9300	533	0.015000	0 	 0 	0	0.000000	0.000000	0.000000	0.000000
128	9300	534	0.015000	0 	 0 	0	0.000000	0.000000	0.000000	0.000000
128	9300	535	0.015000	0 	 5 	6	0.000366	0.000610	0.000366	1.178511
128	9300	536	0.015000	0 	 3 	5	0.000305	0.000427	0.000305	0.894427
128	9300	537	0.015000	0 	 0 	0	0.000000	0.000000	0.000000	0.000000
128	9300	538	0.015000	0 	 0 	0	0.000000	0.000000	0.000000	0.000000
128	9300	539	0.015000	0 	 0 	0	0.000000	0.000000	0.000000	0.000000
128	9300	540	0.015000	0 	 0 	0	0.000000	0.000000	0.000000	0.000000
128	9300	541	0.015000	0 	 1 	4	0.000244	0.000244	0.000244	0.866025
128	9300	542	0.015000	0 	 10 	6	0.000366	0.001343	0.000366	0.971825
128	9300	543	0.015000	0 	 3 	5	0.000305	0.000549	0.000305	1.019804
128	9300	544	0.015000	0 	 1 	6	0.000366	0.000366	0.000366	1.213352
128	9300	545	0.015000	0 	 0 	0	0.000000	0.000000	0.000000	0.000000
128	9300	546	0.015000	0 	 9 	5	0.000305	0.001160	0.000305	1.095445
128	9300	547	0.015000	0 	 0 	0	0.000000	0.000000	0.000000	0.000000
128	9300	548	0.015000	0 	 0 	0	0.000000	0.000000	0.000000	0.000000
128	9300	549	0.015000	0 	 4 	7	0.000427	0.000977	0.000427	1.277753
128	9300	550	0.015000	0 	 4 	13	0.000793	0.001099	0.000793	1.757486
128	9300	551	0.015000	0 	 0 	0	0.000000	0.000000	0.000000	0.000000
128	9300	552	0.015000	0 	 0 	0	0.000000	0.000000	0.000000	0.000000
128	9300	553	0.015000	0 	 6 	5	0.000305	0.000977	0.000305	1.019804
128	9300	554	0.015000	0 	 0 	0	0.000000	0.000000	0.000000	0.000000
128	9300	555	0.015000	0 	 3 	13	0.000793	0.001526	0.000793	1.933816
128	9300	556	0.015000	0 	 0 	0	0.000000	0.000000	0.000000	0.000000
128	9300	557	0.015000	0 	 0 	0	0.000000	0.000000	0.000000	0.000000
128	9300	558	0.015000	0 	 0 	0	0.000000	0.000000	0.000000	0.000000
128	9300	559	0.015000	0 	 0 	0	0.000000	0.000000	0.000000	0.000000
128	9300	560	0.015000	0 	 3 	9	0.000549	0.000916	0.000549	1.266862
128	9300	561	0.015000	0 	 0 	0	0.000000	0.000000	0.000000	0.000000
128	9300	562	0.015000	0 	 4 	8	0.000488	0.000977	0.000488	1.357848
128	9300	563	0.015000	0 	 0 	0	0.000000	0.000000	0.000000	0.000000
128	9300	564	0.015000	0 	 0 	0	0.000000	0.000000	0.000000	0.000000
128	9300	565	0.015000	0 	 0 	0	0.000000	0.000000	0.000000	0.000000
128	9300	566	0.015000	0 	 0 	0	0.000000	0.000000	0.000000	0.000000
128	9300	567	0.015000	0 	 2 	4	0.000244	0.000305	0.000244	0.935414
128	9300	568	0.015000	0 	 0 	0	0.000000	0.000000	0.000000	0.000000
128	9300	569	0.015000	0 	 0 	0	0.000000	0.000000	0.000000	0.000000
128	9300	570	0.015000	0 	 0 	0	0.000000	0.000000	0.000000	0.000000
128	9300	571	0.015000	0 	 0 	0	0.000000	0.000000	0.000000	0.000000
128	9300	572	0.015000	0 	 21 	12	0.000732	0.004395	0.000732	1.688194
128	9300	573	0.015000	0 	 0 	0	0.000000	0.000000	0.000000	0.000000
128	9300	574	0.015000	0 	 0 	0	0.000000	0.000000	0.000000	0.000000
128	9300	575	0.015000	0 	 0 	0	0.000000	0.000000	0.000000	0.000000
128	9300	576	0.015000	0 	 0 	0	0.000000	0.000000	0.000000	0.000000
128	9300	577	0.015000	0 	 7 	8	0.000488	0.001465	0.000488	1.224745
128	9300	578	0.015000	0 	 0 	0	0.000000	0.000000	0.000000	0.000000
128	9300	579	0.015000	0 	 0 	0	0.000000	0.000000	0.000000	0.000000
128	9300	580	0.015000	0 	 0 	0	0.000000	0.000000	0.000000	0.000000
128	9300	581	0.015000	0 	 8 	7	0.000427	0.001282	0.000427	1.428571
128	9300	582	0.015000	0 	 0 	0	0.000000	0.000000	0.000000	0.000000
128	9300	583	0.015000	0 	 0 	0	0.000000	0.000000	0.000000	0.000000
128	9300	584	0.015000	0 	 0 	0	0.000000	0.000000	0.000000	0.000000
128	9300	585	0.015000	0 	 0 	0	0.000000	0.000000	0.000000	0.000000
128	9300	586	0.015000	0 	 6 	8	0.000488	0.001282	0.000488	1.299038
128	9300	587	0.015000	0 	 3 	1	0.000061	0.000183	0.000061	0.000000
128	9300	588	0.015000	0 	 2 	3	0.000183	0.000244	0.000183	0.666667
128	9300	589	0.015000	0 	 6 	6	0.000366	0.001038	0.000366	1.067187
128	9300	590	0.015000	0 	 7 	10	0.000610	0.001526	0.000610	1.500000
128	9300	591	0.015000	0 	 10 	11	0.000671	0.002502	0.000671	1.569334
128	9300	592	0.015000	0 	 0 	0	0.000000	0.000000	0.000000	0.000000
128	9300	593	0.015000	0 	 0 	0	0.000000	0.000000	0.000000	0.000000
128	9300	594	0.015000	0 	 10 	5	0.000305	0.001282	0.000305	1.095445
128	9300	595	0.015000	0 	 149 	251	0.015320	0.078247	0.015320	10.939711
128	9300	596	0.015000	0 	 2 	5	0.000305	0.000427	0.000305	1.095445
128	9300	597	0.015000	0 	 4 	8	0.000488	0.001221	0.000488	1.165922
128	9300	598	0.015000	0 	 0 	0	0.000000	0.000000	0.000000	0.000000
128	9300	599	0.015000	0 	 0 	0	0.000000	0.000000	0.000000	0.000000
128	9300	600	0.015000	0 	 3 	5	0.000305	0.000549	0.000305	0.894427
128	9300	601	0.015000	0 	 0 	0	0.000000	0.000000	0.000000	0.000000
128	9300	602	0.015000	0 	 1 	9	0.000549	0.000549	0.000549	2.102321
128	9300	603	0.015000	0 	 2 	3	0.000183	0.000244	0.000183	0.816497
128	9300	604	0.015000	0 	 0 	0	0.000000	0.000000	0.000000	0.000000
128	9300	605	0.015000	0 	 7 	9	0.000549	0.001648	0.000549	1.196703
128	9300	606	0.015000	0 	 25 	8	0.000488	0.004456	0.000488	1.556237
128	9300	607	0.015000	0 	 0 	0	0.000000	0.000000	0.000000	0.000000
128	9300	608	0.015000	0 	 0 	0	0.000000	0.000000	0.000000	0.000000
128	9300	609	0.015000	0 	 0 	0	0.000000	0.000000	0.000000	0.000000
128	9300	610	0.015000	0 	 0 	0	0.000000	0.000000	0.000000	0.000000
128	9300	611	0.015000	0 	 123 	8428	0.514404	0.549988	0.003113	3.705934
128	9300	612	0.015000	0 	 5 	3	0.000183	0.000488	0.000183	0.666667
128	9300	613	0.015000	0 	 5 	6	0.000366	0.000916	0.000366	1.013794
128	9300	614	0.015000	0 	 0 	0	0.000000	0.000000	0.000000	0.000000
128	9300	615	0.015000	0 	 0 	0	0.000000	0.000000	0.000000	0.000000
128	9300	616	0.015000	0 	 0 	0	0.000000	0.000000	0.000000	0.000000
128	9300	617	0.015000	0 	 0 	0	0.000000	0.000000	0.000000	0.000000
128	9300	618	0.015000	0 	 4 	4	0.000244	0.000549	0.000244	0.707107
128	9300	619	0.015000	0 	 4 	7	0.000427	0.001038	0.000427	1.261680
128	9300	620	0.015000	0 	 3 	5	0.000305	0.000488	0.000305	0.979796
128	9300	621	0.015000	0 	 2 	12	0.000732	0.001404	0.000732	1.632993
128	9300	622	0.015000	0 	 0 	0	0.000000	0.000000	0.000000	0.000000
128	9300	623	0.015000	0 	 5 	5	0.000305	0.000916	0.000305	0.894427
128	9300	624	0.015000	0 	 0 	0	0.000000	0.000000	0.000000	0.000000
128	9300	625	0.015000	0 	 0 	0	0.000000	0.000000	0.000000	0.000000
128	9300	626	0.015000	0 	 4 	5	0.000305	0.000916	0.000305	0.894427
128	9300	627	0.015000	0 	 0 	0	0.000000	0.000000	0.000000	0.000000
128	9300	628	0.015000	0 	 16 	8	0.000488	0.002930	0.000488	1.672386
128	9300	629	0.015000	0 	 0 	0	0.000000	0.000000	0.000000	0.000000
128	9300	630	0.015000	0 	 0 	0	0.000000	0.000000	0.000000	0.000000
128	9300	631	0.015000	0 	 1 	2	0.000122	0.000122	0.000122	0.500000
128	9300	632	0.015000	0 	 0 	0	0.000000	0.000000	0.000000	0.000000
128	9300	633	0.015000	0 	 9 	10	0.000610	0.001892	0.000610	1.562050
128	9300	634	0.015000	0 	 0 	0	0.000000	0.000000	0.000000	0.000000
128	9300	635	0.015000	0 	 0 	0	0.000000	0.000000	0.000000	0.000000
128	9300	636	0.015000	0 	 0 	0	0.000000	0.000000	0.000000	0.000000
128	9300	637	0.015000	0 	 5 	10	0.000610	0.001343	0.000610	1.552417
128	9300	638	0.015000	0 	 4 	10	0.000610	0.001709	0.000610	1.539480
128	9300	639	0.015000	0 	 3 	15	0.000916	0.001465	0.000916	1.955050
128	9300	640	0.015000	0 	 2 	8	0.000488	0.000793	0.000488	1.430690
128	9300	641	0.015000	0 	 0 	0	0.000000	0.000000	0.000000	0.000000
128	9300	642	0.015000	0 	 11 	11	0.000671	0.002319	0.000671	1.521200
128	9300	643	0.015000	0 	 10 	13	0.000793	0.002197	0.000793	1.826822
128	9300	644	0.015000	0 	 4 	7	0.000427	0.000610	0.000427	1.212183
128	9300	645	0.015000	0 	 153 	23	0.001404	0.035278	0.001404	2.678769
128	9300	646	0.015000	0 	 0 	0	0.000000	0.000000	0.000000	0.000000
128	9300	647	0.015000	0 	 2 	15	0.000916	0.000977	0.000916	1.823306
128	9300	648	0.015000	0 	 0 	0	0.000000	0.000000	0.000000	0.000000
128	9300	649	0.015000	0 	 0 	0	0.000000	0.000000	0.000000	0.000000
128	9300	650	0.015000	0 	 0 	0	0.000000	0.000000	0.000000	0.000000
128	9300	651	0.015000	0 	 3 	17	0.001038	0.001404	0.001038	1.956269
128	9300	652	0.015000	0 	 0 	0	0.000000	0.000000	0.000000	0.000000
128	9300	653	0.015000	0 	 19 	10	0.000610	0.002686	0.000610	1.697056
128	9300	654	0.015000	0 	 0 	0	0.000000	0.000000	0.000000	0.000000
128	9300	655	0.015000	0 	 1 	1	0.000061	0.000061	0.000061	0.000000
128	9300	656	0.015000	0 	 0 	0	0.000000	0.000000	0.000000	0.000000
128	9300	657	0.015000	0 	 5 	9	0.000549	0.001343	0.000549	1.498971
128	9300	658	0.015000	0 	 5 	4	0.000244	0.000854	0.000244	0.707107
128	9300	659	0.015000	0 	 0 	0	0.000000	0.000000	0.000000	0.000000
128	9300	660	0.015000	0 	 0 	0	0.000000	0.000000	0.000000	0.000000
128	9300	661	0.015000	0 	 0 	0	0.000000	0.000000	0.000000	0.000000
128	9300	662	0.015000	0 	 0 	0	0.000000	0.000000	0.000000	0.000000
128	9300	663	0.015000	0 	 0 	0	0.000000	0.000000	0.000000	0.000000
128	9300	664	0.015000	0 	 5 	22	0.001343	0.002136	0.001343	2.866161
128	9300	665	0.015000	0 	 6 	8	0.000488	0.001282	0.000488	1.299038
128	9300	666	0.015000	0 	 4 	10	0.000610	0.001526	0.000610	1.509967
128	9300	667	0.015000	0 	 164 	64	0.003906	0.051758	0.003906	4.541368
128	9300	668	0.015000	0 	 0 	0	0.000000	0.000000	0.000000	0.000000
128	9300	669	0.015000	0 	 5 	6	0.000366	0.000732	0.000366	1.247219
128	9300	670	0.015000	0 	 129 	62	0.003784	0.052246	0.003784	4.728778
128	9300	671	0.015000	0 	 0 	0	0.000000	0.000000	0.000000	0.000000
128	9300	672	0.015000	0 	 0 	0	0.000000	0.000000	0.000000	0.000000
128	9300	673	0.015000	0 	 3 	2	0.000122	0.000305	0.000122	0.500000
128	9300	674	0.015000	0 	 0 	0	0.000000	0.000000	0.000000	0.000000
128	9300	675	0.015000	0 	 0 	0	0.000000	0.000000	0.000000	0.000000
128	9300	676	0.015000	0 	 0 	0	0.000000	0.000000	0.000000	0.000000
128	9300	677	0.015000	0 	 0 	0	0.000000	0.000000	0.000000	0.000000
128	9300	678	0.015000	0 	 5 	8	0.000488	0.001160	0.000488	1.299038
128	9300	679	0.015000	0 	 0 	0	0.000000	0.000000	0.000000	0.000000
128	9300	680	0.015000	0 	 0 	0	0.000000	0.000000	0.000000	0.000000
128	9300	681	0.015000	0 	 129 	6929	0.422913	0.455078	0.002380	3.515159
128	9300	682	0.015000	0 	 2 	4	0.000244	0.000305	0.000244	0.866025
128	9300	683	0.015000	0 	 3 	10	0.000610	0.001099	0.000610	1.870829
128	9300	684	0.015000	0 	 3 	7	0.000427	0.000610	0.000427	1.261680
128	9300	685	0.015000	0 	 5 	8	0.000488	0.001038	0.000488	1.357848
128	9300	686	0.015000	0 	 0 	0	0.000000	0.000000	0.000000	0.000000
128	9300	687	0.015000	0 	 3 	8	0.000488	0.000671	0.000488	1.576190
128	9300	688	0.015000	0 	 0 	0	0.000000	0.000000	0.000000	0.000000
128	9300	689	0.015000	0 	 3 	5	0.000305	0.000671	0.000305	1.019804
128	9300	690	0.015000	0 	 0 	0	0.000000	0.000000	0.000000	0.000000
128	9300	691	0.015000	0 	 11 	37	0.002258	0.004028	0.002258	3.152098
128	9300	692	0.015000	0 	 4 	8	0.000488	0.000854	0.000488	1.391941
128	9300	693	0.015000	0 	 0 	0	0.000000	0.000000	0.000000	0.000000
128	9300	694	0.015000	0 	 0 	0	0.000000	0.000000	0.000000	0.000000
128	9300	695	0.015000	0 	 2 	1	0.000061	0.000122	0.000061	0.000000
128	9300	696	0.015000	0 	 0 	0	0.000000	0.000000	0.000000	0.000000
128	9300	697	0.015000	0 	 0 	0	0.000000	0.000000	0.000000	0.000000
128	9300	698	0.015000	0 	 9 	26	0.001587	0.003418	0.001587	3.268326
128	9300	699	0.015000	0 	 3 	5	0.000305	0.000610	0.000305	1.095445
128	9300	700	0.015000	0 	 0 	0	0.000000	0.000000	0.000000	0.000000
128	9300	701	0.015000	0 	 0 	0	0.000000	0.000000	0.000000	0.000000
128	9300	702	0.015000	0 	 0 	0	0.000000	0.000000	0.000000	0.000000
128	9300	703	0.015000	0 	 7 	4	0.000244	0.000977	0.000244	1.118034
128	9300	704	0.015000	0 	 7 	8	0.000488	0.001465	0.000488	1.414214
128	9300	705	0.015000	0 	 0 	0	0.000000	0.000000	0.000000	0.000000
128	9300	706	0.015000	0 	 0 	0	0.000000	0.000000	0.000000	0.000000
128	9300	707	0.015000	0 	 0 	0	0.000000	0.000000	0.000000	0.000000
128	9300	708	0.015000	0 	 0 	0	0.000000	0.000000	0.000000	0.000000
128	9300	709	0.015000	0 	 0 	0	0.000000	0.000000	0.000000	0.000000
128	9300	710	0.015000	0 	 0 	0	0.000000	0.000000	0.000000	0.000000
128	9300	711	0.015000	0 	 0 	0	0.000000	0.000000	0.000000	0.000000
128	9300	712	0.015000	0 	 0 	0	0.000000	0.000000	0.000000	0.000000
128	9300	713	0.015000	0 	 10 	5	0.000305	0.001526	0.000305	1.058301
128	9300	714	0.015000	0 	 6 	9	0.000549	0.001526	0.000549	1.295767
128	9300	715	0.015000	0 	 3 	4	0.000244	0.000488	0.000244	0.866025
128	9300	716	0.015000	0 	 21 	15	0.000916	0.004333	0.000916	2.118700
128	9300	717	0.015000	0 	 0 	0	0.000000	0.000000	0.000000	0.000000
128	9300	718	0.015000	0 	 0 	0	0.000000	0.000000	0.000000	0.000000
128	9300	719	0.015000	0 	 0 	0	0.000000	0.000000	0.000000	0.000000
128	9300	720	0.015000	0 	 0 	0	0.000000	0.000000	0.000000	0.000000
128	9300	721	0.015000	0 	 0 	0	0.000000	0.000000	0.000000	0.000000
128	9300	722	0.015000	0 	 3 	1	0.000061	0.000183	0.000061	0.000000
128	9300	723	0.015000	0 	 0 	0	0.000000	0.000000	0.000000	0.000000
128	9300	724	0.015000	0 	 0 	0	0.000000	0.000000	0.000000	0.000000
128	9300	725	0.015000	0 	 0 	0	0.000000	0.000000	0.000000	0.000000
128	9300	726	0.015000	0 	 0 	0	0.000000	0.000000	0.000000	0.000000
128	9300	727	0.015000	0 	 6 	14	0.000854	0.001404	0.000854	1.830858
128	9300	728	0.015000	0 	 4 	11	0.000671	0.000916	0.000671	1.521200
128	9300	729	0.015000	0 	 148 	4821	0.294250	0.332886	0.294250	31.027903
128	9300	730	0.015000	0 	 0 	0	0.000000	0.000000	0.000000	0.000000
128	9300	731	0.015000	0 	 0 	0	0.000000	0.000000	0.000000	0.000000
128	9300	732	0.015000	0 	 0 	0	0.000000	0.000000	0.000000	0.000000
128	9300	733	0.015000	0 	 0 	0	0.000000	0.000000	0.000000	0.000000
128	9300	734	0.015000	0 	 6 	2	0.000122	0.000427	0.000122	0.500000
128	9300	735	0.015000	0 	 4 	5	0.000305	0.000549	0.000305	1.058301
128	9300	736	0.015000	0 	 139 	122	0.007446	0.050171	0.007446	7.772444
128	9300	737	0.015000	0 	 7 	2	0.000122	0.000488	0.000122	0.500000
128	9300	738	0.015000	0 	 1 	3	0.000183	0.000183	0.000183	0.666667
128	9300	739	0.015000	0 	 9 	8	0.000488	0.001343	0.000488	1.224745
128	9300	740	0.015000	0 	 3 	5	0.000305	0.000488	0.000305	0.894427
128	9300	741	0.015000	0 	 0 	0	0.000000	0.000000	0.000000	0.000000
128	9300	742	0.015000	0 	 0 	0	0.000000	0.000000	0.000000	0.000000
128	9300	743	0.015000	0 	 0 	0	0.000000	0.000000	0.000000	0.000000
128	9300	744	0.015000	0 	 0 	0	0.000000	0.000000	0.000000	0.000000
128	9300	745	0.015000	0 	 8 	6	0.000366	0.000854	0.000366	1.130388
128	9300	746	0.015000	0 	 0 	0	0.000000	0.000000	0.000000	0.000000
128	9300	747	0.015000	0 	 0 	0	0.000000	0.000000	0.000000	0.000000
128	9300	748	0.015000	0 	 4 	4	0.000244	0.000610	0.000244	0.707107
128	9300	749	0.015000	0 	 6 	8	0.000488	0.001343	0.000488	1.709349
128	9300	750	0.015000	0 	 0 	0	0.000000	0.000000	0.000000	0.000000
128	9300	751	0.015000	0 	 6 	10	0.000610	0.001099	0.000610	1.652271
128	9300	752	0.015000	0 	 6 	5	0.000305	0.001099	0.000305	0.894427
128	9300	753	0.015000	0 	 2 	4	0.000244	0.000366	0.000244	0.935414
128	9300	754	0.015000	0 	 5 	3	0.000183	0.000610	0.000183	0.816497
128	9300	755	0.015000	0 	 0 	0	0.000000	0.000000	0.000000	0.000000
128	9300	756	0.015000	0 	 1 	3	0.000183	0.000183	0.000183	0.666667
128	9300	757	0.015000	0 	 3 	1	0.000061	0.000183	0.000061	0.000000
128	9300	758	0.015000	0 	 0 	0	0.000000	0.000000	0.000000	0.000000
128	9300	759	0.015000	0 	 0 	0	0.000000	0.000000	0.000000	0.000000
128	9300	760	0.015000	0 	 36 	10	0.000610	0.006470	0.000610	1.483240
128	9300	761	0.015000	0 	 0 	0	0.000000	0.000000	0.000000	0.000000
128	9300	762	0.015000	0 	 8 	5	0.000305	0.001404	0.000305	1.131371
128	9300	763	0.015000	0 	 3 	4	0.000244	0.000671	0.000244	0.829156
128	9300	764	0.015000	0 	 3 	2	0.000122	0.000305	0.000122	0.500000
128	9300	765	0.015000	0 	 29 	13	0.000793	0.006531	0.000793	1.839732
128	9300	766	0.015000	0 	 73 	13	0.000793	0.013000	0.000793	2.191970
128	9300	767	0.015000	0 	 0 	0	0.000000	0.000000	0.000000	0.000000
128	9300	768	0.015000	0 	 0 	0	0.000000	0.000000	0.000000	0.000000
128	9300	769	0.015000	0 	 4 	3	0.000183	0.000488	0.000183	0.666667
128	9300	770	0.015000	0 	 0 	0	0.000000	0.000000	0.000000	0.000000
128	9300	771	0.015000	0 	 0 	0	0.000000	0.000000	0.000000	0.000000
128	9300	772	0.015000	0 	 3 	3	0.000183	0.000366	0.000183	0.816497
128	9300	773	0.015000	0 	 0 	0	0.000000	0.000000	0.000000	0.000000
128	9300	774	0.015000	0 	 0 	0	0.000000	0.000000	0.000000	0.000000
128	9300	775	0.015000	0 	 0 	0	0.000000	0.000000	0.000000	0.000000
128	9300	776	0.015000	0 	 3 	5	0.000305	0.000488	0.000305	1.131371
128	9300	777	0.015000	0 	 0 	0	0.000000	0.000000	0.000000	0.000000
128	9300	778	0.015000	0 	 9 	11	0.000671	0.001465	0.000671	1.710444
128	9300	779	0.015000	0 	 1 	2	0.000122	0.000122	0.000122	0.500000
128	9300	780	0.015000	0 	 7 	10	0.000610	0.001343	0.000610	1.303840
128	9300	781	0.015000	0 	 2 	4	0.000244	0.000427	0.000244	0.829156
128	9300	782	0.015000	0 	 0 	0	0.000000	0.000000	0.000000	0.000000
128	9300	783	0.015000	0 	 0 	0	0.000000	0.000000	0.000000	0.000000
128	9300	784	0.015000	0 	 0 	0	0.000000	0.000000	0.000000	0.000000
128	9300	785	0.015000	0 	 2 	7	0.000427	0.000549	0.000427	1.069045
128	9300	786	0.015000	0 	 0 	0	0.000000	0.000000	0.000000	0.000000
128	9300	787	0.015000	0 	 0 	0	0.000000	0.000000	0.000000	0.000000
128	9300	788	0.015000	0 	 2 	5	0.000305	0.000488	0.000305	0.979796
128	9300	789	0.015000	0 	 0 	0	0.000000	0.000000	0.000000	0.000000
128	9300	790	0.015000	0 	 1 	8	0.000488	0.000488	0.000488	1.837117
128	9300	791	0.015000	0 	 0 	0	0.000000	0.000000	0.000000	0.000000
128	9300	792	0.015000	0 	 0 	0	0.000000	0.000000	0.000000	0.000000
128	9300	793	0.015000	0 	 5 	4	0.000244	0.000732	0.000244	0.935414
128	9300	794	0.015000	0 	 0 	0	0.000000	0.000000	0.000000	0.000000
128	9300	795	0.015000	0 	 11 	12	0.000732	0.002808	0.000732	1.996525
128	9300	796	0.015000	0 	 18 	10	0.000610	0.004578	0.000610	1.473092
128	9300	797	0.015000	0 	 0 	0	0.000000	0.000000	0.000000	0.000000
128	9300	798	0.015000	0 	 1 	6	0.000366	0.000366	0.000366	1.067187
128	9300	799	0.015000	0 	 19 	18	0.001099	0.003601	0.001099	2.422248
128	9300	800	0.015000	0 	 11 	7	0.000427	0.001831	0.000427	1.160577
128	9300	801	0.015000	0 	 1 	8	0.000488	0.000488	0.000488	1.274755
128	9300	802	0.015000	0 	 0 	0	0.000000	0.000000	0.000000	0.000000
128	9300	803	0.015000	0 	 0 	0	0.000000	0.000000	0.000000	0.000000
128	9300	804	0.015000	0 	 2 	4	0.000244	0.000366	0.000244	0.707107
128	9300	805	0.015000	0 	 6 	8	0.000488	0.001038	0.000488	1.391941
128	9300	806	0.015000	0 	 25 	11	0.000671	0.004517	0.000671	1.621141
128	9300	807	0.015000	0 	 0 	0	0.000000	0.000000	0.000000	0.000000
128	9300	808	0.015000	0 	 1 	3	0.000183	0.000183	0.000183	0.666667
128	9300	809	0.015000	0 	 0 	0	0.000000	0.000000	0.000000	0.000000
128	9300	810	0.015000	0 	 3 	4	0.000244	0.000488	0.000244	0.829156
128	9300	811	0.015000	0 	 10 	6	0.000366	0.001526	0.000366	1.054093
128	9300	812	0.015000	0 	 0 	0	0.000000	0.000000	0.000000	0.000000
128	9300	813	0.015000	0 	 0 	0	0.000000	0.000000	0.000000	0.000000
128	9300	814	0.015000	0 	 0 	0	0.000000	0.000000	0.000000	0.000000
128	9300	815	0.015000	0 	 3 	9	0.000549	0.001160	0.000549	1.342561
128	9300	816	0.015000	0 	 0 	0	0.000000	0.000000	0.000000	0.000000
128	9300	817	0.015000	0 	 0 	0	0.000000	0.000000	0.000000	0.000000
128	9300	818	0.015000	0 	 0 	0	0.000000	0.000000	0.000000	0.000000
128	9300	819	0.015000	0 	 3 	3	0.000183	0.000427	0.000183	0.666667
128	9300	820	0.015000	0 	 0 	0	0.000000	0.000000	0.000000	0.000000
128	9300	821	0.015000	0 	 0 	0	0.000000	0.000000	0.000000	0.000000
128	9300	822	0.015000	0 	 7 	4	0.000244	0.000793	0.000244	0.829156
128	9300	823	0.015000	0 	 0 	0	0.000000	0.000000	0.000000	0.000000
128	9300	824	0.015000	0 	 5 	3	0.000183	0.000549	0.000183	0.666667
128	9300	825	0.015000	0 	 0 	0	0.000000	0.000000	0.000000	0.000000
128	9300	826	0.015000	0 	 1 	5	0.000305	0.000305	0.000305	0.979796
128	9300	827	0.015000	0 	 3 	3	0.000183	0.000427	0.000183	0.666667
128	9300	828	0.015000	0 	 3 	7	0.000427	0.000854	0.000427	1.142857
128	9300	829	0.015000	0 	 2 	2	0.000122	0.000183	0.000122	0.500000
128	9300	830	0.015000	0 	 0 	0	0.000000	0.000000	0.000000	0.000000
128	9300	831	0.015000	0 	 0 	0	0.000000	0.000000	0.000000	0.000000
128	9300	832	0.015000	0 	 4 	11	0.000671	0.001038	0.000671	1.443137
128	9300	833	0.015000	0 	 0 	0	0.000000	0.000000	0.000000	0.000000
128	9300	834	0.015000	0 	 1 	10	0.000610	0.000610	0.000610	1.268858
128	9300	835	0.015000	0 	 4 	2	0.000122	0.000427	0.000122	0.500000
128	9300	836	0.015000	0 	 4 	4	0.000244	0.000549	0.000244	0.707107
128	9300	837	0.015000	0 	 2 	3	0.000183	0.000366	0.000183	0.666667
128	9300	838	0.015000	0 	 0 	0	0.000000	0.000000	0.000000	0.000000
128	9300	839	0.015000	0 	 6 	6	0.000366	0.001404	0.000366	1.105542
128	9300	840	0.015000	0 	 0 	0	0.000000	0.000000	0.000000	0.000000
128	9300	841	0.015000	0 	 3 	6	0.000366	0.000488	0.000366	1.080123
128	9300	842	0.015000	0 	 0 	0	0.000000	0.000000	0.000000	0.000000
128	9300	843	0.015000	0 	 4 	4	0.000244	0.000549	0.000244	0.935414
128	9300	844	0.015000	0 	 1 	3	0.000183	0.000183	0.000183	0.816497
128	9300	845	0.015000	0 	 0 	0	0.000000	0.000000	0.000000	0.000000
128	9300	846	0.015000	0 	 3 	13	0.000793	0.001404	0.000793	1.692308
128	9300	847	0.015000	0 	 8 	7	0.000427	0.001221	0.000427	1.245400
128	9300	848	0.015000	0 	 3 	8	0.000488	0.000854	0.000488	1.192424
128	9300	849	0.015000	0 	 0 	0	0.000000	0.000000	0.000000	0.000000
128	9300	850	0.015000	0 	 0 	0	0.000000	0.000000	0.000000	0.000000
128	9300	851	0.015000	0 	 4 	4	0.000244	0.000427	0.000244	0.829156
128	9300	852	0.015000	0 	 0 	0	0.000000	0.000000	0.000000	0.000000
128	9300	853	0.015000	0 	 1 	1	0.000061	0.000061	0.000061	0.000000
128	9300	854	0.015000	0 	 3 	3	0.000183	0.000305	0.000183	0.666667
128	9300	855	0.015000	0 	 7 	12	0.000732	0.001709	0.000732	1.628735
128	9300	856	0.015000	0 	 39 	24	0.001465	0.008789	0.001465	2.593729
128	9300	857	0.015000	0 	 2 	4	0.000244	0.000427	0.000244	0.829156
128	9300	858	0.015000	0 	 0 	0	0.000000	0.000000	0.000000	0.000000
128	9300	859	0.015000	0 	 14 	15	0.000916	0.003235	0.000916	1.911369
128	9300	860	0.015000	0 	 2 	7	0.000427	0.000732	0.000427	1.030158
128	9300	861	0.015000	0 	 0 	0	0.000000	0.000000	0.000000	0.000000
128	9300	862	0.015000	0 	 0 	0	0.000000	0.000000	0.000000	0.000000
128	9300	863	0.015000	0 	 0 	0	0.000000	0.000000	0.000000	0.000000
128	9300	864	0.015000	0 	 3 	5	0.000305	0.000488	0.000305	1.095445
128	9300	865	0.015000	0 	 0 	0	0.000000	0.000000	0.000000	0.000000
128	9300	866	0.015000	0 	 0 	0	0.000000	0.000000	0.000000	0.000000
128	9300	867	0.015000	0 	 1 	18	0.001099	0.001099	0.001099	1.998456
128	9300	868	0.015000	0 	 0 	0	0.000000	0.000000	0.000000	0.000000
128	9300	869	0.015000	0 	 7 	10	0.000610	0.001526	0.000610	1.685230
128	9300	870	0.015000	0 	 85 	24	0.001465	0.019226	0.001465	2.857130
128	9300	871	0.015000	0 	 4 	2	0.000122	0.000305	0.000122	0.500000
128	9300	872	0.015000	0 	 3 	3	0.000183	0.000305	0.000183	0.816497
128	9300	873	0.015000	0 	 0 	0	0.000000	0.000000	0.000000	0.000000
128	9300	874	0.015000	0 	 0 	0	0.000000	0.000000	0.000000	0.000000
128	9300	875	0.015000	0 	 0 	0	0.000000	0.000000	0.000000	0.000000
128	9300	876	0.015000	0 	 8 	7	0.000427	0.001221	0.000427	1.178030
128	9300	877	0.015000	0 	 166 	68	0.004150	0.078308	0.004150	5.579928
128	9300	878	0.015000	0 	 0 	0	0.000000	0.000000	0.000000	0.000000
128	9300	879	0.015000	0 	 0 	0	0.000000	0.000000	0.000000	0.000000
128	9300	880	0.015000	0 	 4 	8	0.000488	0.000732	0.000488	1.561249
128	9300	881	0.015000	0 	 7 	12	0.000732	0.001953	0.000732	1.576741
128	9300	882	0.015000	0 	 0 	0	0.000000	0.000000	0.000000	0.000000
128	9300	883	0.015000	0 	 7 	2	0.000122	0.000610	0.000122	0.500000
128	9300	884	0.015000	0 	 0 	0	0.000000	0.000000	0.000000	0.000000
128	9300	885	0.015000	0 	 1 	15	0.000916	0.000916	0.000916	1.861899
128	9300	886	0.015000	0 	 0 	0	0.000000	0.000000	0.000000	0.000000
128	9300	887	0.015000	0 	 0 	0	0.000000	0.000000	0.000000	0.000000
128	9300	888	0.015000	0 	 0 	0	0.000000	0.000000	0.000000	0.000000
128	9300	889	0.015000	0 	 3 	3	0.000183	0.000366	0.000183	0.666667
128	9300	890	0.015000	0 	 0 	0	0.000000	0.000000	0.000000	0.000000
128	9300	891	0.015000	0 	 0 	0	0.000000	0.000000	0.000000	0.000000
128	9300	892	0.015000	0 	 7 	5	0.000305	0.001099	0.000305	1.019804
128	9300	893	0.015000	0 	 0 	0	0.000000	0.000000	0.000000	0.000000
128	9300	894	0.015000	0 	 2 	10	0.000610	0.000977	0.000610	1.431782
128	9300	895	0.015000	0 	 2 	3	0.000183	0.000305	0.000183	0.666667
128	9300	896	0.015000	0 	 1 	12	0.000732	0.000732	0.000732	2.053114
128	9300	897	0.015000	0 	 0 	0	0.000000	0.000000	0.000000	0.000000
128	9300	898	0.015000	0 	 9 	3	0.000183	0.000916	0.000183	0.666667
128	9300	899	0.015000	0 	 84 	21	0.001282	0.024841	0.001282	2.414995
128	9300	900	0.015000	0 	 11 	10	0.000610	0.001709	0.000610	1.603122
128	9300	901	0.015000	0 	 0 	0	0.000000	0.000000	0.000000	0.000000
128	9300	902	0.015000	0 	 0 	0	0.000000	0.000000	0.000000	0.000000
128	9300	903	0.015000	0 	 22 	6	0.000366	0.003296	0.000366	1.301708
128	9300	904	0.015000	0 	 3 	6	0.000366	0.000916	0.000366	1.067187
128	9300	905	0.015000	0 	 0 	0	0.000000	0.000000	0.000000	0.000000
128	9300	906	0.015000	0 	 3 	6	0.000366	0.000854	0.000366	0.957427
128	9300	907	0.015000	0 	 0 	0	0.000000	0.000000	0.000000	0.000000
128	9300	908	0.015000	0 	 162 	2831	0.172791	0.214539	0.172791	25.908495
128	9300	909	0.015000	0 	 0 	0	0.000000	0.000000	0.000000	0.000000
128	9300	910	0.015000	0 	 0 	0	0.000000	0.000000	0.000000	0.000000
128	9300	911	0.015000	0 	 0 	0	0.000000	0.000000	0.000000	0.000000
128	9300	912	0.015000	0 	 0 	0	0.000000	0.000000	0.000000	0.000000
128	9300	913	0.015000	0 	 4 	8	0.000488	0.000854	0.000488	1.515544
128	9300	914	0.015000	0 	 9 	4	0.000244	0.001099	0.000244	0.829156
128	9300	915	0.015000	0 	 0 	0	0.000000	0.000000	0.000000	0.000000
128	9300	916	0.015000	0 	 0 	0	0.000000	0.000000	0.000000	0.000000
128	9300	917	0.015000	0 	 3 	2	0.000122	0.000305	0.000122	0.500000
128	9300	918	0.015000	0 	 0 	0	0.000000	0.000000	0.000000	0.000000
128	9300	919	0.015000	0 	 0 	0	0.000000	0.000000	0.000000	0.000000
128	9300	920	0.015000	0 	 0 	0	0.000000	0.000000	0.000000	0.000000
128	9300	921	0.015000	0 	 0 	0	0.000000	0.000000	0.000000	0.000000
128	9300	922	0.015000	0 	 3 	12	0.000732	0.000854	0.000732	1.806624
128	9300	923	0.015000	0 	 1 	2	0.000122	0.000122	0.000122	0.500000
128	9300	924	0.015000	0 	 3 	6	0.000366	0.000549	0.000366	1.013794
128	9300	925	0.015000	0 	 0 	0	0.000000	0.000000	0.000000	0.000000
128	9300	926	0.015000	0 	 4 	10	0.000610	0.001099	0.000610	1.590597
128	9300	927	0.015000	0 	 4 	3	0.000183	0.000427	0.000183	0.666667
128	9300	928	0.015000	0 	 0 	0	0.000000	0.000000	0.000000	0.000000
128	9300	929	0.015000	0 	 7 	10	0.000610	0.001404	0.000610	1.315295
128	9300	930	0.015000	0 	 4 	3	0.000183	0.000427	0.000183	0.666667
128	9300	931	0.015000	0 	 6 	5	0.000305	0.000854	0.000305	1.095445
128	9300	932	0.015000	0 	 40 	10	0.000610	0.007263	0.000610	1.886796
128	9300	933	0.015000	0 	 0 	0	0.000000	0.000000	0.000000	0.000000
128	9300	934	0.015000	0 	 0 	0	0.000000	0.000000	0.000000	0.000000
128	9300	935	0.015000	0 	 1 	1	0.000061	0.000061	0.000061	0.000000
128	9300	936	0.015000	0 	 0 	0	0.000000	0.000000	0.000000	0.000000
128	9300	937	0.015000	0 	 5 	5	0.000305	0.000732	0.000305	1.019804
128	9300	938	0.015000	0 	 5 	4	0.000244	0.000610	0.000244	0.866025
128	9300	939	0.015000	0 	 0 	0	0.000000	0.000000	0.000000	0.000000
128	9300	940	0.015000	0 	 0 	0	0.000000	0.000000	0.000000	0.000000
128	9300	941	0.015000	0 	 0 	0	0.000000	0.000000	0.000000	0.000000
128	9300	942	0.015000	0 	 0 	0	0.000000	0.000000	0.000000	0.000000
128	9300	943	0.015000	0 	 0 	0	0.000000	0.000000	0.000000	0.000000
128	9300	944	0.015000	0 	 133 	1149	0.070129	0.117859	0.070129	17.283219
128	9300	945	0.015000	0 	 3 	3	0.000183	0.000427	0.000183	0.666667
128	9300	946	0.015000	0 	 0 	0	0.000000	0.000000	0.000000	0.000000
128	9300	947	0.015000	0 	 6 	9	0.000549	0.001099	0.000549	1.351725
128	9300	948	0.015000	0 	 0 	0	0.000000	0.000000	0.000000	0.000000
128	9300	949	0.015000	0 	 9 	4	0.000244	0.001221	0.000244	0.829156
128	9300	950	0.015000	0 	 3 	1	0.000061	0.000183	0.000061	0.000000
128	9300	951	0.015000	0 	 14 	6	0.000366	0.002319	0.000366	1.013794
128	9300	952	0.015000	0 	 0 	0	0.000000	0.000000	0.000000	0.000000
128	9300	953	0.015000	0 	 0 	0	0.000000	0.000000	0.000000	0.000000
128	9300	954	0.015000	0 	 20 	12	0.000732	0.003540	0.000732	1.818119
128	9300	955	0.015000	0 	 1 	1	0.000061	0.000061	0.000061	0.000000
128	9300	956	0.015000	0 	 1 	1	0.000061	0.000061	0.000061	0.000000
128	9300	957	0.015000	0 	 0 	0	0.000000	0.000000	0.000000	0.000000
128	9300	958	0.015000	0 	 8 	6	0.000366	0.001465	0.000366	1.213352
128	9300	959	0.015000	0 	 7 	6	0.000366	0.000916	0.000366	1.013794
128	9300	960	0.015000	0 	 3 	5	0.000305	0.000610	0.000305	1.019804
128	9300	961	0.015000	0 	 0 	0	0.000000	0.000000	0.000000	0.000000
128	9300	962	0.015000	0 	 0 	0	0.000000	0.000000	0.000000	0.000000
128	9300	963	0.015000	0 	 129 	9723	0.593445	0.626282	0.003113	3.466210
128	9300	964	0.015000	0 	 0 	0	0.000000	0.000000	0.000000	0.000000
128	9300	965	0.015000	0 	 0 	0	0.000000	0.000000	0.000000	0.000000
128	9300	966	0.015000	0 	 0 	0	0.000000	0.000000	0.000000	0.000000
128	9300	967	0.015000	0 	 0 	0	0.000000	0.000000	0.000000	0.000000
128	9300	968	0.015000	0 	 0 	0	0.000000	0.000000	0.000000	0.000000
128	9300	969	0.015000	0 	 0 	0	0.000000	0.000000	0.000000	0.000000
128	9300	970	0.015000	0 	 7 	8	0.000488	0.001648	0.000488	1.386317
128	9300	971	0.015000	0 	 0 	0	0.000000	0.000000	0.000000	0.000000
128	9300	972	0.015000	0 	 6 	3	0.000183	0.000671	0.000183	0.666667
128	9300	973	0.015000	0 	 5 	1	0.000061	0.000305	0.000061	0.000000
128	9300	974	0.015000	0 	 5 	3	0.000183	0.000488	0.000183	0.816497
128	9300	975	0.015000	0 	 0 	0	0.000000	0.000000	0.000000	0.000000
128	9300	976	0.015000	0 	 0 	0	0.000000	0.000000	0.000000	0.000000
128	9300	977	0.015000	0 	 1 	4	0.000244	0.000244	0.000244	0.935414
128	9300	978	0.015000	0 	 17 	6	0.000366	0.002747	0.000366	1.054093
128	9300	979	0.015000	0 	 2 	5	0.000305	0.000366	0.000305	0.894427
128	9300	980	0.015000	0 	 3 	4	0.000244	0.000427	0.000244	0.935414
128	9300	981	0.015000	0 	 6 	3	0.000183	0.000793	0.000183	0.666667
128	9300	982	0.015000	0 	 0 	0	0.000000	0.000000	0.000000	0.000000
128	9300	983	0.015000	0 	 6 	4	0.000244	0.000610	0.000244	0.935414
128	9300	984	0.015000	0 	 0 	0	0.000000	0.000000	0.000000	0.000000
128	9300	985	0.015000	0 	 7 	9	0.000549	0.002258	0.000549	1.474055
128	9300	986	0.015000	0 	 0 	0	0.000000	0.000000	0.000000	0.000000
128	9300	987	0.015000	0 	 0 	0	0.000000	0.000000	0.000000	0.000000
128	9300	988	0.015000	0 	 10 	7	0.000427	0.001587	0.000427	1.087968
128	9300	989	0.015000	0 	 0 	0	0.000000	0.000000	0.000000	0.000000
128	9300	990	0.015000	0 	 4 	1	0.000061	0.000244	0.000061	0.000000
128	9300	991	0.015000	0 	 5 	6	0.000366	0.000732	0.000366	1.067187
128	9300	992	0.015000	0 	 7 	3	0.000183	0.000732	0.000183	0.666667
128	9300	993	0.015000	0 	 14 	4	0.000244	0.001404	0.000244	0.935414
128	9300	994	0.015000	0 	 0 	0	0.000000	0.000000	0.000000	0.000000
128	9300	995	0.015000	0 	 0 	0	0.000000	0.000000	0.000000	0.000000
128	9300	996	0.015000	0 	 0 	0	0.000000	0.000000	0.000000	0.000000
128	9300	997	0.015000	0 	 12 	7	0.000427	0.001892	0.000427	1.293010
128	9300	998	0.015000	0 	 0 	0	0.000000	0.000000	0.000000	0.000000
128	9300	999	0.015000	0 	 1 	2	0.000122	0.000122	0.000122	0.500000
128	9300	1000	0.015000	0 	 0 	0	0.000000	0.000000	0.000000	0.000000
