400	9400	1	0.015000	1 	 635 	17534	0.109588	0.194394	0.109588	59.940901
400	9400	2	0.015000	1 	 520 	18061	0.112881	0.172044	0.112881	65.985148
400	9400	3	0.015000	1 	 456 	7574	0.047337	0.072969	0.047337	38.814373
400	9400	4	0.015000	1 	 244 	1595	0.009969	0.018194	0.009969	20.554280
400	9400	5	0.015000	1 	 668 	11093	0.069331	0.181262	0.069331	45.601823
400	9400	6	0.015000	1 	 682 	8816	0.055100	0.093806	0.055100	41.635793
400	9400	7	0.015000	1 	 420 	5162	0.032262	0.052950	0.032262	32.374511
400	9400	8	0.015000	1 	 272 	6810	0.042563	0.049769	0.042563	37.439839
400	9400	9	0.015000	1 	 635 	6982	0.043638	0.065125	0.043638	37.648202
400	9400	10	0.015000	1 	 604 	42609	0.266306	0.282631	0.266306	111.176472
400	9400	11	0.015000	1 	 632 	26750	0.167187	0.195013	0.167187	86.939720
400	9400	12	0.015000	1 	 633 	15469	0.096681	0.134631	0.096681	65.827540
400	9400	13	0.015000	1 	 482 	34156	0.213475	0.225763	0.213475	100.230477
400	9400	14	0.015000	1 	 451 	11470	0.071688	0.090100	0.071688	52.524216
400	9400	15	0.015000	1 	 791 	9565	0.059781	0.157769	0.059781	51.334762
400	9400	16	0.015000	1 	 853 	10355	0.064719	0.104044	0.064719	44.506198
400	9400	17	0.015000	1 	 437 	3478	0.021737	0.035112	0.021737	26.975576
400	9400	18	0.015000	1 	 393 	39728	0.248300	0.260675	0.248300	90.293802
400	9400	19	0.015000	1 	 728 	6780	0.042375	0.113937	0.042375	36.282258
400	9400	20	0.015000	1 	 737 	4638	0.028987	0.093750	0.028987	30.175705
400	9400	21	0.015000	1 	 690 	14218	0.088862	0.176381	0.088862	51.675423
400	9400	22	0.015000	1 	 709 	24230	0.151438	0.262794	0.151438	68.371561
400	9400	23	0.015000	1 	 516 	38513	0.240706	0.256081	0.240706	102.124733
400	9400	24	0.015000	1 	 531 	14676	0.091725	0.128975	0.091725	52.446697
400	9400	25	0.015000	1 	 559 	29757	0.185981	0.202513	0.185981	90.619738
400	9400	26	0.015000	1 	 185 	36	0.000225	0.004481	0.000225	3.421744
400	9400	27	0.015000	1 	 259 	1167	0.007294	0.014844	0.007294	16.932886
400	9400	28	0.015000	1 	 627 	23480	0.146750	0.236606	0.146750	73.497330
400	9400	29	0.015000	1 	 793 	33217	0.207606	0.237131	0.207606	121.448870
400	9400	30	0.015000	1 	 467 	22420	0.140125	0.153600	0.140125	86.028278
400	9400	31	0.015000	1 	 583 	13152	0.082200	0.102950	0.082200	54.730594
400	9400	32	0.015000	1 	 566 	25145	0.157156	0.239856	0.157156	78.201934
400	9400	33	0.015000	1 	 769 	6088	0.038050	0.093581	0.038050	35.078049
400	9400	34	0.015000	1 	 590 	40059	0.250369	0.268250	0.000544	6.687877
400	9400	35	0.015000	1 	 644 	23877	0.149231	0.211644	0.149231	69.513920
400	9400	36	0.015000	1 	 927 	5983	0.037394	0.091881	0.037394	38.846714
400	9400	37	0.015000	1 	 316 	1855	0.011594	0.019194	0.011594	21.447255
400	9400	38	0.015000	1 	 274 	1095	0.006844	0.014438	0.006844	16.553410
400	9400	39	0.015000	1 	 314 	80	0.000500	0.008462	0.000500	5.651936
400	9400	40	0.015000	1 	 788 	15407	0.096294	0.147531	0.096294	52.566879
400	9400	41	0.015000	1 	 481 	4955	0.030969	0.057644	0.030969	31.168631
400	9400	42	0.015000	1 	 509 	14245	0.089031	0.172106	0.089031	52.610057
400	9400	43	0.015000	1 	 636 	15078	0.094238	0.129919	0.094238	73.256036
400	9400	44	0.015000	1 	 575 	20210	0.126312	0.174937	0.126312	73.808110
400	9400	45	0.015000	1 	 713 	7911	0.049444	0.118112	0.049444	45.017000
400	9400	46	0.015000	1 	 463 	3612	0.022575	0.044250	0.022575	29.872723
400	9400	47	0.015000	1 	 687 	21862	0.136637	0.183262	0.136637	66.786981
400	9400	48	0.015000	1 	 763 	19492	0.121825	0.155481	0.121825	68.881656
400	9400	49	0.015000	1 	 741 	34421	0.215131	0.238575	0.215131	91.989996
400	9400	50	0.015000	1 	 572 	10198	0.063738	0.086813	0.063738	46.685044
400	9400	51	0.015000	1 	 626 	6065	0.037906	0.070500	0.037906	36.318094
400	9400	52	0.015000	1 	 872 	26199	0.163744	0.191488	0.163744	79.417407
400	9400	53	0.015000	1 	 377 	5289	0.033056	0.041712	0.033056	33.311001
400	9400	54	0.015000	1 	 495 	18549	0.115931	0.155663	0.115931	74.525987
400	9400	55	0.015000	1 	 502 	14068	0.087925	0.106625	0.087925	50.771501
400	9400	56	0.015000	1 	 459 	26183	0.163644	0.176687	0.163644	92.695931
400	9400	57	0.015000	1 	 359 	4484	0.028025	0.038244	0.028025	30.067794
400	9400	58	0.015000	1 	 487 	16607	0.103794	0.116788	0.103794	75.836857
400	9400	59	0.015000	1 	 571 	7005	0.043781	0.088556	0.043781	37.022969
400	9400	60	0.015000	1 	 468 	7762	0.048513	0.073563	0.048513	56.162036
400	9400	61	0.015000	1 	 792 	10411	0.065069	0.118587	0.065069	44.614516
400	9400	62	0.015000	1 	 621 	10032	0.062700	0.126444	0.062700	43.094125
400	9400	63	0.015000	1 	 207 	1988	0.012425	0.018731	0.012425	21.760173
400	9400	64	0.015000	1 	 559 	5122	0.032012	0.104106	0.032012	36.099986
400	9400	65	0.015000	1 	 497 	13652	0.085325	0.098812	0.085325	52.041048
400	9400	66	0.015000	1 	 327 	13449	0.084056	0.092950	0.084056	54.159671
400	9400	67	0.015000	1 	 903 	31756	0.198475	0.328987	0.198475	86.898025
400	9400	68	0.015000	1 	 851 	62453	0.390331	0.415219	0.000313	4.297069
400	9400	69	0.015000	1 	 289 	6899	0.043119	0.051213	0.043119	41.903799
400	9400	70	0.015000	1 	 264 	1725	0.010781	0.016625	0.010781	19.906091
400	9400	71	0.015000	1 	 573 	12349	0.077181	0.105719	0.077181	53.505540
400	9400	72	0.015000	1 	 687 	14114	0.088212	0.198094	0.088212	50.617878
400	9400	73	0.015000	1 	 583 	3875	0.024219	0.053419	0.024219	28.905042
400	9400	74	0.015000	1 	 507 	5168	0.032300	0.066050	0.032300	32.217846
400	9400	75	0.015000	1 	 726 	11946	0.074663	0.157594	0.074663	54.878259
400	9400	76	0.015000	1 	 626 	12104	0.075650	0.152569	0.075650	52.588689
400	9400	77	0.015000	1 	 261 	6335	0.039594	0.046962	0.039594	35.524850
400	9400	78	0.015000	1 	 615 	9469	0.059181	0.101494	0.059181	42.877714
400	9400	79	0.015000	1 	 831 	2539	0.015869	0.045606	0.015869	23.845100
400	9400	80	0.015000	1 	 387 	1095	0.006844	0.025687	0.006844	18.220426
400	9400	81	0.015000	1 	 915 	6760	0.042250	0.116013	0.042250	49.350217
400	9400	82	0.015000	1 	 748 	6013	0.037581	0.078575	0.037581	35.132596
400	9400	83	0.015000	1 	 430 	6941	0.043381	0.055231	0.043381	41.084761
400	9400	84	0.015000	1 	 775 	7876	0.049225	0.122856	0.049225	39.512049
400	9400	85	0.015000	1 	 491 	25315	0.158219	0.199506	0.158219	68.654437
400	9400	86	0.015000	1 	 169 	35	0.000219	0.003631	0.000219	3.572000
400	9400	87	0.015000	1 	 545 	15633	0.097706	0.148275	0.097706	54.490295
400	9400	88	0.015000	1 	 234 	3990	0.024938	0.032825	0.024938	29.843495
400	9400	89	0.015000	1 	 826 	4215	0.026344	0.100125	0.026344	31.149821
400	9400	90	0.015000	1 	 532 	18996	0.118725	0.177081	0.118725	59.672739
400	9400	91	0.015000	1 	 395 	6998	0.043737	0.054981	0.043737	43.936763
400	9400	92	0.015000	1 	 539 	8709	0.054431	0.111331	0.054431	43.022764
400	9400	93	0.015000	1 	 350 	15781	0.098631	0.109694	0.098631	70.476357
400	9400	94	0.015000	1 	 241 	3424	0.021400	0.027938	0.021400	27.605598
400	9400	95	0.015000	1 	 460 	5358	0.033488	0.045213	0.033488	32.461607
400	9400	96	0.015000	1 	 388 	12638	0.078988	0.088581	0.078988	53.695675
400	9400	97	0.015000	1 	 576 	4133	0.025831	0.059000	0.025831	28.960444
400	9400	98	0.015000	1 	 574 	5525	0.034531	0.085531	0.034531	37.926156
400	9400	99	0.015000	1 	 565 	16432	0.102700	0.209194	0.102700	61.691818
400	9400	100	0.015000	1 	 585 	8885	0.055531	0.092356	0.055531	43.669153
400	9400	101	0.015000	1 	 440 	6115	0.038219	0.081831	0.038219	34.827851
400	9400	102	0.015000	1 	 338 	5161	0.032256	0.055662	0.032256	32.054144
400	9400	103	0.015000	1 	 709 	20339	0.127119	0.159362	0.127119	81.471600
400	9400	104	0.015000	1 	 716 	20400	0.127500	0.228337	0.127500	79.841908
400	9400	105	0.015000	1 	 259 	6414	0.040087	0.046544	0.040087	40.504800
400	9400	106	0.015000	1 	 439 	2347	0.014669	0.027306	0.014669	22.621798
400	9400	107	0.015000	1 	 533 	16316	0.101975	0.139906	0.101975	77.927482
400	9400	108	0.015000	1 	 512 	2884	0.018025	0.042694	0.018025	25.155499
400	9400	109	0.015000	1 	 800 	14807	0.092544	0.179688	0.092544	59.386067
400	9400	110	0.015000	1 	 862 	36553	0.228456	0.283606	0.228456	102.124348
400	9400	111	0.015000	1 	 717 	14378	0.089862	0.163725	0.089862	64.186129
400	9400	112	0.015000	1 	 709 	24404	0.152525	0.226463	0.152525	88.902882
400	9400	113	0.015000	1 	 659 	13366	0.083538	0.183300	0.083538	54.096425
400	9400	114	0.015000	1 	 580 	16541	0.103381	0.146169	0.103381	71.309599
400	9400	115	0.015000	1 	 649 	16435	0.102719	0.155438	0.102719	64.001335
400	9400	116	0.015000	1 	 581 	4157	0.025981	0.075662	0.025981	29.659031
400	9400	117	0.015000	1 	 404 	10863	0.067894	0.097356	0.067894	45.855178
400	9400	118	0.015000	1 	 498 	9662	0.060387	0.087081	0.060387	52.206314
400	9400	119	0.015000	1 	 806 	11442	0.071513	0.113919	0.071513	50.693107
400	9400	120	0.015000	1 	 290 	8222	0.051388	0.058394	0.051388	39.585056
400	9400	121	0.015000	1 	 736 	12998	0.081238	0.115775	0.081238	66.008677
400	9400	122	0.015000	1 	 594 	26389	0.164931	0.237006	0.164931	67.993318
400	9400	123	0.015000	1 	 416 	13509	0.084431	0.146481	0.084431	49.862251
400	9400	124	0.015000	1 	 505 	9820	0.061375	0.096838	0.061375	42.731788
400	9400	125	0.015000	1 	 153 	21	0.000131	0.003494	0.000131	2.508037
400	9400	126	0.015000	1 	 503 	15158	0.094738	0.123063	0.094738	52.002843
400	9400	127	0.015000	1 	 645 	26219	0.163869	0.215294	0.163869	82.670893
400	9400	128	0.015000	1 	 773 	25147	0.157169	0.183981	0.157169	79.106931
400	9400	129	0.015000	1 	 589 	7271	0.045444	0.124225	0.045444	38.290289
400	9400	130	0.015000	1 	 372 	7197	0.044981	0.055175	0.044981	37.846867
400	9400	131	0.015000	1 	 598 	13100	0.081875	0.155138	0.081875	58.041031
400	9400	132	0.015000	1 	 671 	9521	0.059506	0.100450	0.059506	42.370442
400	9400	133	0.015000	1 	 583 	22912	0.143200	0.246181	0.143200	67.285839
400	9400	134	0.015000	1 	 501 	2506	0.015662	0.056156	0.015662	23.958349
400	9400	135	0.015000	1 	 396 	8121	0.050756	0.067475	0.050756	40.320940
400	9400	136	0.015000	1 	 578 	20970	0.131062	0.161900	0.131062	72.665295
400	9400	137	0.015000	1 	 274 	9331	0.058319	0.065681	0.058319	48.269864
400	9400	138	0.015000	1 	 416 	6507	0.040669	0.085031	0.040669	38.462706
400	9400	139	0.015000	1 	 667 	9156	0.057225	0.080219	0.057225	51.298310
400	9400	140	0.015000	1 	 726 	6816	0.042600	0.111975	0.042600	36.394630
400	9400	141	0.015000	1 	 231 	287	0.001794	0.008381	0.001794	9.908910
400	9400	142	0.015000	1 	 878 	14875	0.092969	0.180925	0.092969	52.712097
400	9400	143	0.015000	1 	 332 	9375	0.058594	0.068769	0.058594	41.125154
400	9400	144	0.015000	1 	 832 	13597	0.084981	0.199619	0.084981	63.192869
400	9400	145	0.015000	1 	 521 	26045	0.162781	0.177000	0.162781	70.145796
400	9400	146	0.015000	1 	 570 	17068	0.106675	0.186312	0.106675	59.322625
400	9400	147	0.015000	1 	 706 	15861	0.099131	0.144375	0.099131	55.048072
400	9400	148	0.015000	1 	 700 	26461	0.165381	0.298869	0.165381	88.867570
400	9400	149	0.015000	1 	 593 	16601	0.103756	0.189431	0.103756	57.092860
400	9400	150	0.015000	1 	 819 	13837	0.086481	0.187413	0.086481	66.882924
400	9400	151	0.015000	1 	 556 	3903	0.024394	0.051600	0.024394	28.498429
400	9400	152	0.015000	1 	 347 	5599	0.034994	0.044800	0.034994	33.763255
400	9400	153	0.015000	1 	 191 	3441	0.021506	0.026687	0.021506	27.217652
400	9400	154	0.015000	1 	 427 	22785	0.142406	0.154312	0.142406	79.818748
400	9400	155	0.015000	1 	 438 	26236	0.163975	0.176550	0.163975	71.533095
400	9400	156	0.015000	1 	 708 	5884	0.036775	0.078056	0.036775	33.934945
400	9400	157	0.015000	1 	 810 	24545	0.153406	0.199944	0.153406	75.716507
400	9400	158	0.015000	1 	 873 	3816	0.023850	0.093313	0.023850	31.007398
400	9400	159	0.015000	1 	 610 	8098	0.050612	0.082013	0.050612	48.781931
400	9400	160	0.015000	1 	 429 	24752	0.154700	0.166794	0.154700	80.301248
400	9400	161	0.015000	1 	 664 	20687	0.129294	0.147369	0.129294	102.929973
400	9400	162	0.015000	1 	 914 	5325	0.033281	0.118587	0.033281	32.746688
400	9400	163	0.015000	1 	 435 	22262	0.139137	0.151781	0.139137	67.141272
400	9400	164	0.015000	1 	 177 	21	0.000131	0.004225	0.000131	2.898119
400	9400	165	0.015000	1 	 280 	3220	0.020125	0.027681	0.020125	26.752169
400	9400	166	0.015000	1 	 583 	4208	0.026300	0.065481	0.026300	30.521616
400	9400	167	0.015000	1 	 447 	7881	0.049256	0.071288	0.049256	38.863480
400	9400	168	0.015000	1 	 477 	1956	0.012225	0.035450	0.012225	20.798182
400	9400	169	0.015000	1 	 888 	13149	0.082181	0.175294	0.082181	49.249670
400	9400	170	0.015000	1 	 476 	12895	0.080594	0.148638	0.080594	52.410592
400	9400	171	0.015000	1 	 386 	8994	0.056212	0.067775	0.056212	41.903502
400	9400	172	0.015000	1 	 372 	7127	0.044544	0.064500	0.044544	36.842585
400	9400	173	0.015000	1 	 582 	3024	0.018900	0.042731	0.018900	25.761468
400	9400	174	0.015000	1 	 412 	969	0.006056	0.018731	0.006056	16.726125
400	9400	175	0.015000	1 	 878 	30264	0.189150	0.309775	0.189150	100.074016
