256	9400	1	0.015000	-1 	 453 	5466	0.083405	0.121674	0.083405	32.928684
256	9400	2	0.015000	-1 	 413 	15005	0.228958	0.274902	0.228958	51.712423
256	9400	3	0.015000	-1 	 17 	6	0.000092	0.000656	0.000092	1.247219
256	9400	4	0.015000	-1 	 74 	18	0.000275	0.003815	0.000275	2.094231
256	9400	5	0.015000	-1 	 345 	23054	0.351776	0.375320	0.000656	4.716403
256	9400	6	0.015000	-1 	 286 	9097	0.138809	0.160858	0.138809	53.229009
256	9400	7	0.015000	-1 	 391 	7694	0.117401	0.186935	0.117401	39.025626
256	9400	8	0.015000	-1 	 177 	2289	0.034927	0.047852	0.034927	22.649195
256	9400	9	0.015000	-1 	 357 	8336	0.127197	0.164200	0.127197	41.427724
256	9400	10	0.015000	-1 	 334 	4784	0.072998	0.118622	0.072998	31.649919
256	9400	11	0.015000	-1 	 447 	12179	0.185837	0.245941	0.185837	47.089256
256	9400	12	0.015000	-1 	 243 	10576	0.161377	0.179031	0.161377	44.462342
256	9400	13	0.015000	-1 	 195 	4685	0.071487	0.086609	0.071487	31.733384
256	9400	14	0.015000	-1 	 139 	6244	0.095276	0.103561	0.095276	35.466484
256	9400	15	0.015000	-1 	 361 	15570	0.237579	0.263229	0.237579	60.148252
256	9400	16	0.015000	-1 	 318 	17575	0.268173	0.293671	0.268173	60.670311
256	9400	17	0.015000	-1 	 376 	3306	0.050446	0.082870	0.050446	26.939447
256	9400	18	0.015000	-1 	 168 	61	0.000931	0.017029	0.000931	6.366779
256	9400	19	0.015000	-1 	 136 	40	0.000610	0.008865	0.000610	3.342435
256	9400	20	0.015000	-1 	 453 	3474	0.053009	0.129181	0.053009	27.117124
256	9400	21	0.015000	-1 	 309 	19310	0.294647	0.318100	0.294647	70.287588
256	9400	22	0.015000	-1 	 342 	5908	0.090149	0.139984	0.090149	34.021580
256	9400	23	0.015000	-1 	 336 	28779	0.439133	0.465408	0.000961	4.522612
256	9400	24	0.015000	-1 	 281 	14478	0.220917	0.240417	0.220917	55.823683
256	9400	25	0.015000	-1 	 298 	16793	0.256241	0.277145	0.256241	75.411525
256	9400	26	0.015000	-1 	 76 	28	0.000427	0.004074	0.000427	3.341147
256	9400	27	0.015000	-1 	 104 	20	0.000305	0.006088	0.000305	1.938427
256	9400	28	0.015000	-1 	 287 	20671	0.315414	0.335114	0.315414	68.250814
256	9400	29	0.015000	-1 	 318 	21697	0.331070	0.350128	0.331070	65.849235
256	9400	30	0.015000	-1 	 466 	11257	0.171768	0.305038	0.171768	49.460376
256	9400	31	0.015000	-1 	 356 	37756	0.576111	0.600250	0.000854	3.709948
256	9400	32	0.015000	-1 	 234 	14391	0.219589	0.233093	0.219589	51.013223
256	9400	33	0.015000	-1 	 464 	26846	0.409637	0.439835	0.000946	4.869819
256	9400	34	0.015000	-1 	 254 	9816	0.149780	0.168091	0.149780	47.478101
256	9400	35	0.015000	-1 	 234 	14548	0.221985	0.238205	0.221985	50.998970
256	9400	36	0.015000	-1 	 287 	1996	0.030457	0.054108	0.030457	21.443376
256	9400	37	0.015000	-1 	 289 	3107	0.047409	0.074127	0.047409	27.218683
256	9400	38	0.015000	-1 	 257 	16757	0.255692	0.274902	0.255692	57.311005
256	9400	39	0.015000	-1 	 227 	38382	0.585663	0.601303	0.000671	4.035227
256	9400	40	0.015000	-1 	 280 	47221	0.720535	0.741928	0.001083	5.018948
256	9400	41	0.015000	-1 	 312 	21416	0.326782	0.350586	0.326782	69.174466
256	9400	42	0.015000	-1 	 444 	2494	0.038055	0.113205	0.038055	23.986513
256	9400	43	0.015000	-1 	 260 	2200	0.033569	0.055084	0.033569	23.367256
256	9400	44	0.015000	-1 	 209 	1962	0.029938	0.044342	0.029938	21.874033
256	9400	45	0.015000	-1 	 277 	5775	0.088120	0.108810	0.088120	33.781505
256	9400	46	0.015000	-1 	 350 	112	0.001709	0.026764	0.001709	6.591959
256	9400	47	0.015000	-1 	 485 	2208	0.033691	0.101562	0.033691	22.888256
256	9400	48	0.015000	-1 	 262 	6734	0.102753	0.117615	0.102753	37.749692
256	9400	49	0.015000	-1 	 38 	15	0.000229	0.001984	0.000229	1.710101
256	9400	50	0.015000	-1 	 351 	18575	0.283432	0.304443	0.283432	66.143826
256	9400	51	0.015000	-1 	 301 	22094	0.337128	0.361435	0.337128	65.546353
256	9400	52	0.015000	-1 	 301 	14259	0.217575	0.236862	0.217575	58.883091
256	9400	53	0.015000	-1 	 345 	10372	0.158264	0.180527	0.158264	43.967323
256	9400	54	0.015000	-1 	 246 	11062	0.168793	0.189865	0.168793	46.701050
256	9400	55	0.015000	-1 	 463 	8346	0.127350	0.173050	0.127350	44.398833
256	9400	56	0.015000	-1 	 355 	12207	0.186264	0.210220	0.186264	48.862960
256	9400	57	0.015000	-1 	 229 	3934	0.060028	0.076813	0.060028	28.077295
256	9400	58	0.015000	-1 	 154 	59	0.000900	0.010956	0.000900	5.363008
256	9400	59	0.015000	-1 	 355 	840	0.012817	0.052048	0.012817	19.462094
256	9400	60	0.015000	-1 	 178 	3027	0.046188	0.062317	0.046188	25.662367
256	9400	61	0.015000	-1 	 311 	24587	0.375168	0.397964	0.375168	73.657522
256	9400	62	0.015000	-1 	 193 	47	0.000717	0.009247	0.000717	3.592911
256	9400	63	0.015000	-1 	 378 	2516	0.038391	0.092224	0.038391	23.811088
256	9400	64	0.015000	-1 	 349 	4036	0.061584	0.110092	0.061584	29.261147
256	9400	65	0.015000	-1 	 208 	5430	0.082855	0.100464	0.082855	32.983980
256	9400	66	0.015000	-1 	 180 	1267	0.019333	0.034958	0.019333	18.100753
256	9400	67	0.015000	-1 	 230 	761	0.011612	0.027817	0.011612	16.371973
256	9400	68	0.015000	-1 	 239 	596	0.009094	0.028549	0.009094	15.440297
256	9400	69	0.015000	-1 	 265 	37667	0.574753	0.594345	0.000839	3.835028
256	9400	70	0.015000	-1 	 435 	18949	0.289139	0.373672	0.289139	58.288879
256	9400	71	0.015000	-1 	 406 	16629	0.253738	0.296936	0.253738	55.782616
256	9400	72	0.015000	-1 	 258 	10246	0.156342	0.173981	0.156342	43.666348
256	9400	73	0.015000	-1 	 324 	18284	0.278992	0.302231	0.278992	63.935907
256	9400	74	0.015000	-1 	 365 	4577	0.069839	0.150696	0.069839	30.633250
256	9400	75	0.015000	-1 	 257 	16114	0.245880	0.265366	0.245880	56.570685
256	9400	76	0.015000	-1 	 353 	19623	0.299423	0.324295	0.000549	3.348461
256	9400	77	0.015000	-1 	 309 	17335	0.264511	0.283234	0.264511	63.801777
256	9400	78	0.015000	-1 	 340 	23861	0.364090	0.387512	0.364090	76.650173
256	9400	79	0.015000	-1 	 372 	38790	0.591888	0.618622	0.001373	7.849613
256	9400	80	0.015000	-1 	 344 	7248	0.110596	0.154648	0.110596	36.880794
256	9400	81	0.015000	-1 	 200 	4047	0.061752	0.077927	0.061752	29.882974
256	9400	82	0.015000	-1 	 306 	2517	0.038406	0.057800	0.038406	23.724076
256	9400	83	0.015000	-1 	 340 	16568	0.252808	0.276276	0.000839	4.043810
256	9400	84	0.015000	-1 	 173 	32	0.000488	0.009537	0.000488	4.311141
256	9400	85	0.015000	-1 	 268 	14465	0.220718	0.239151	0.220718	61.883843
256	9400	86	0.015000	-1 	 72 	14	0.000214	0.003860	0.000214	1.756911
256	9400	87	0.015000	-1 	 418 	1738	0.026520	0.063660	0.026520	20.931189
256	9400	88	0.015000	-1 	 229 	4109	0.062698	0.079163	0.062698	28.978760
256	9400	89	0.015000	-1 	 281 	26120	0.398560	0.419617	0.000687	4.427189
256	9400	90	0.015000	-1 	 159 	57	0.000870	0.014053	0.000870	4.605121
256	9400	91	0.015000	-1 	 65 	18	0.000275	0.003204	0.000275	2.080183
256	9400	92	0.015000	-1 	 202 	5507	0.084030	0.099121	0.084030	33.792370
256	9400	93	0.015000	-1 	 199 	134	0.002045	0.017212	0.002045	7.324877
256	9400	94	0.015000	-1 	 212 	9212	0.140564	0.155029	0.140564	41.228205
256	9400	95	0.015000	-1 	 279 	18191	0.277573	0.295685	0.277573	58.802982
256	9400	96	0.015000	-1 	 227 	8750	0.133514	0.148773	0.133514	40.450891
256	9400	97	0.015000	-1 	 163 	4633	0.070694	0.083496	0.070694	30.744052
256	9400	98	0.015000	-1 	 316 	13382	0.204193	0.227646	0.204193	57.479876
256	9400	99	0.015000	-1 	 427 	6062	0.092499	0.162994	0.092499	43.156970
256	9400	100	0.015000	-1 	 189 	3845	0.058670	0.070038	0.058670	28.572575
256	9400	101	0.015000	-1 	 259 	35796	0.546204	0.565338	0.000778	3.834424
256	9400	102	0.015000	-1 	 307 	26622	0.406219	0.428207	0.001007	4.481879
256	9400	103	0.015000	-1 	 304 	12068	0.184143	0.204620	0.184143	51.172526
256	9400	104	0.015000	-1 	 467 	9416	0.143677	0.222916	0.143677	43.836044
256	9400	105	0.015000	-1 	 445 	8787	0.134079	0.212723	0.134079	45.141085
256	9400	106	0.015000	-1 	 210 	4224	0.064453	0.081528	0.064453	29.050856
256	9400	107	0.015000	-1 	 348 	19064	0.290894	0.316727	0.290894	62.624403
256	9400	108	0.015000	-1 	 215 	5153	0.078629	0.094330	0.078629	32.022868
256	9400	109	0.015000	-1 	 426 	9324	0.142273	0.232132	0.142273	42.896538
256	9400	110	0.015000	-1 	 271 	354	0.005402	0.024063	0.005402	11.253191
256	9400	111	0.015000	-1 	 345 	3614	0.055145	0.118332	0.055145	28.163097
256	9400	112	0.015000	-1 	 284 	15540	0.237122	0.257874	0.237122	52.913346
256	9400	113	0.015000	-1 	 280 	19776	0.301758	0.319122	0.301758	59.064288
256	9400	114	0.015000	-1 	 514 	15164	0.231384	0.275070	0.231384	58.689189
256	9400	115	0.015000	-1 	 278 	2201	0.033585	0.048309	0.033585	23.846404
256	9400	116	0.015000	-1 	 439 	20198	0.308197	0.338776	0.000854	4.140701
256	9400	117	0.015000	-1 	 272 	12547	0.191452	0.211609	0.191452	58.126536
256	9400	118	0.015000	-1 	 280 	12194	0.186066	0.203659	0.186066	53.770859
256	9400	119	0.015000	-1 	 403 	20495	0.312729	0.340851	0.312729	65.878105
256	9400	120	0.015000	-1 	 33 	14	0.000214	0.001709	0.000214	2.323351
256	9400	121	0.015000	-1 	 423 	18570	0.283356	0.318008	0.283356	76.618609
256	9400	122	0.015000	-1 	 281 	16113	0.245865	0.264755	0.245865	62.762800
256	9400	123	0.015000	-1 	 320 	12415	0.189438	0.212662	0.189438	73.983732
256	9400	124	0.015000	-1 	 175 	59	0.000900	0.014832	0.000900	5.029531
256	9400	125	0.015000	-1 	 282 	9049	0.138077	0.157959	0.138077	41.670423
256	9400	126	0.015000	-1 	 318 	6469	0.098709	0.120224	0.098709	36.394581
256	9400	127	0.015000	-1 	 32 	9	0.000137	0.001541	0.000137	1.227262
256	9400	128	0.015000	-1 	 218 	534	0.008148	0.028870	0.008148	13.592133
256	9400	129	0.015000	-1 	 256 	43932	0.670349	0.687500	0.001190	4.743867
256	9400	130	0.015000	-1 	 299 	13513	0.206192	0.227646	0.206192	54.376249
256	9400	131	0.015000	-1 	 356 	15723	0.239914	0.265564	0.239914	61.191381
256	9400	132	0.015000	-1 	 242 	100	0.001526	0.021973	0.001526	5.517055
256	9400	133	0.015000	-1 	 174 	30	0.000458	0.010971	0.000458	3.151719
256	9400	134	0.015000	-1 	 335 	3818	0.058258	0.103653	0.058258	28.314956
256	9400	135	0.015000	-1 	 13 	11	0.000168	0.000580	0.000168	1.831767
256	9400	136	0.015000	-1 	 231 	8496	0.129639	0.144958	0.129639	42.468151
256	9400	137	0.015000	-1 	 434 	4434	0.067657	0.099792	0.067657	30.056268
256	9400	138	0.015000	-1 	 293 	21222	0.323822	0.340469	0.323822	69.463692
256	9400	139	0.015000	-1 	 275 	4301	0.065628	0.082016	0.065628	29.366292
256	9400	140	0.015000	-1 	 327 	30920	0.471802	0.493774	0.471802	73.803425
256	9400	141	0.015000	-1 	 193 	5291	0.080734	0.094223	0.080734	32.286775
256	9400	142	0.015000	-1 	 360 	11676	0.178162	0.201569	0.178162	50.729433
256	9400	143	0.015000	-1 	 177 	23	0.000351	0.010788	0.000351	2.713127
256	9400	144	0.015000	-1 	 233 	1118	0.017059	0.035461	0.017059	17.298613
256	9400	145	0.015000	-1 	 552 	18227	0.278122	0.317871	0.278122	60.945748
256	9400	146	0.015000	-1 	 234 	1971	0.030075	0.046249	0.030075	22.951937
256	9400	147	0.015000	-1 	 212 	6300	0.096130	0.113403	0.096130	35.466666
256	9400	148	0.015000	-1 	 195 	4521	0.068985	0.082199	0.068985	30.560081
256	9400	149	0.015000	-1 	 291 	10041	0.153214	0.175827	0.153214	44.109551
256	9400	150	0.015000	-1 	 430 	15445	0.235672	0.361496	0.235672	54.601528
256	9400	151	0.015000	-1 	 296 	19093	0.291336	0.311798	0.291336	64.507069
256	9400	152	0.015000	-1 	 248 	9766	0.149017	0.166122	0.149017	48.919822
256	9400	153	0.015000	-1 	 177 	3021	0.046097	0.057129	0.046097	25.139464
256	9400	154	0.015000	-1 	 236 	3091	0.047165	0.066498	0.047165	25.814270
256	9400	155	0.015000	-1 	 213 	5693	0.086868	0.102371	0.086868	34.939004
256	9400	156	0.015000	-1 	 358 	14723	0.224655	0.250504	0.224655	65.961602
256	9400	157	0.015000	-1 	 351 	5623	0.085800	0.119202	0.085800	35.240296
256	9400	158	0.015000	-1 	 215 	5076	0.077454	0.090683	0.077454	32.271513
256	9400	159	0.015000	-1 	 63 	12	0.000183	0.002686	0.000183	1.488381
256	9400	160	0.015000	-1 	 336 	15637	0.238602	0.262192	0.238602	57.463474
256	9400	161	0.015000	-1 	 342 	25474	0.388702	0.413376	0.001205	6.595313
256	9400	162	0.015000	-1 	 192 	1980	0.030212	0.043213	0.030212	23.009735
256	9400	163	0.015000	-1 	 321 	20557	0.313675	0.336304	0.313675	69.301224
256	9400	164	0.015000	-1 	 258 	9402	0.143463	0.161011	0.143463	44.128169
256	9400	165	0.015000	-1 	 341 	702	0.010712	0.040131	0.010712	15.176815
256	9400	166	0.015000	-1 	 307 	9011	0.137497	0.158813	0.137497	42.550519
256	9400	167	0.015000	-1 	 363 	6674	0.101837	0.142715	0.101837	37.697232
256	9400	168	0.015000	-1 	 204 	6894	0.105194	0.119186	0.105194	36.715068
256	9400	169	0.015000	-1 	 467 	13995	0.213547	0.324829	0.213547	50.852627
256	9400	170	0.015000	-1 	 103 	12	0.000183	0.004974	0.000183	2.229848
256	9400	171	0.015000	-1 	 318 	3201	0.048843	0.106247	0.048843	26.392207
256	9400	172	0.015000	-1 	 202 	8008	0.122192	0.136414	0.122192	38.811678
256	9400	173	0.015000	-1 	 119 	26	0.000397	0.008240	0.000397	2.826596
256	9400	174	0.015000	-1 	 214 	4495	0.068588	0.081253	0.068588	30.469073
256	9400	175	0.015000	-1 	 282 	17996	0.274597	0.295364	0.274597	60.090352
256	9400	176	0.015000	-1 	 120 	74	0.001129	0.011261	0.001129	7.467705
256	9400	177	0.015000	-1 	 502 	834	0.012726	0.070068	0.012726	14.769542
256	9400	178	0.015000	-1 	 283 	2276	0.034729	0.052063	0.034729	23.947485
256	9400	179	0.015000	-1 	 369 	15922	0.242950	0.271332	0.242950	73.755850
256	9400	180	0.015000	-1 	 226 	7313	0.111588	0.127472	0.111588	37.084198
256	9400	181	0.015000	-1 	 367 	4841	0.073868	0.116760	0.073868	31.299986
256	9400	182	0.015000	-1 	 428 	17762	0.271027	0.333771	0.271027	60.464652
256	9400	183	0.015000	-1 	 285 	12095	0.184555	0.201721	0.184555	54.246979
256	9400	184	0.015000	-1 	 271 	11548	0.176208	0.193146	0.176208	64.720600
256	9400	185	0.015000	-1 	 178 	7381	0.112625	0.125107	0.112625	37.287700
256	9400	186	0.015000	-1 	 211 	5787	0.088303	0.102509	0.088303	35.822268
256	9400	187	0.015000	-1 	 172 	5638	0.086029	0.097931	0.086029	34.377632
256	9400	188	0.015000	-1 	 325 	20606	0.314423	0.336166	0.314423	64.708573
256	9400	189	0.015000	-1 	 181 	2725	0.041580	0.053024	0.041580	24.656573
256	9400	190	0.015000	-1 	 249 	6514	0.099396	0.117752	0.099396	39.208977
256	9400	191	0.015000	-1 	 259 	38831	0.592514	0.610962	0.001328	5.253062
256	9400	192	0.015000	-1 	 566 	2538	0.038727	0.084824	0.038727	27.140659
256	9400	193	0.015000	-1 	 208 	6286	0.095917	0.112579	0.095917	36.237081
256	9400	194	0.015000	-1 	 470 	4085	0.062332	0.142487	0.062332	28.579184
256	9400	195	0.015000	-1 	 109 	16	0.000244	0.005524	0.000244	2.282748
256	9400	196	0.015000	-1 	 427 	17108	0.261047	0.290100	0.261047	76.203893
256	9400	197	0.015000	-1 	 332 	12315	0.187912	0.239563	0.187912	49.074674
256	9400	198	0.015000	-1 	 214 	5052	0.077087	0.093170	0.077087	33.424606
256	9400	199	0.015000	-1 	 363 	26537	0.404922	0.431458	0.404922	74.867935
256	9400	200	0.015000	-1 	 381 	2211	0.033737	0.063721	0.033737	22.227538
256	9400	201	0.015000	-1 	 438 	16903	0.257919	0.289444	0.257919	67.559331
256	9400	202	0.015000	-1 	 301 	8861	0.135208	0.157990	0.135208	41.746915
256	9400	203	0.015000	-1 	 379 	7109	0.108475	0.203140	0.108475	40.266763
256	9400	204	0.015000	-1 	 275 	2570	0.039215	0.057312	0.039215	24.992940
256	9400	205	0.015000	-1 	 354 	5835	0.089035	0.114838	0.089035	37.353398
256	9400	206	0.015000	-1 	 394 	6929	0.105728	0.215500	0.105728	38.417509
256	9400	207	0.015000	-1 	 231 	9834	0.150055	0.165329	0.150055	46.690284
256	9400	208	0.015000	-1 	 197 	8163	0.124557	0.138916	0.124557	38.902293
256	9400	209	0.015000	-1 	 249 	31585	0.481949	0.496521	0.000351	2.567059
256	9400	210	0.015000	-1 	 379 	6968	0.106323	0.155884	0.106323	37.042383
256	9400	211	0.015000	-1 	 314 	15289	0.233292	0.255081	0.233292	59.095884
256	9400	400	0.015000	-1 	 261 	13390	0.204315	0.225266	0.204315	51.589496
256	9400	401	0.015000	-1 	 192 	2671	0.040756	0.054688	0.040756	24.020315
256	9400	402	0.015000	-1 	 192 	5064	0.077271	0.089279	0.077271	32.343447
256	9400	403	0.015000	-1 	 332 	10347	0.157883	0.182236	0.157883	55.308902
256	9400	404	0.015000	-1 	 288 	3621	0.055252	0.078201	0.055252	35.259040
256	9400	405	0.015000	-1 	 52 	26	0.000397	0.002899	0.000397	2.737262
256	9400	406	0.015000	-1 	 329 	17486	0.266815	0.289520	0.266815	60.067100
256	9400	407	0.015000	-1 	 291 	5501	0.083939	0.102951	0.083939	34.227751
256	9400	408	0.015000	-1 	 385 	5963	0.090988	0.205200	0.090988	33.566118
256	9400	409	0.015000	-1 	 234 	12898	0.196808	0.213699	0.196808	60.182346
256	9400	410	0.015000	-1 	 289 	16071	0.245224	0.264755	0.245224	53.311958
256	9400	411	0.015000	-1 	 310 	4224	0.064453	0.093597	0.064453	29.442724
256	9400	412	0.015000	-1 	 422 	19740	0.301208	0.348465	0.301208	72.131989
256	9400	413	0.015000	-1 	 465 	10607	0.161850	0.261215	0.161850	44.022075
256	9400	414	0.015000	-1 	 237 	3136	0.047852	0.065643	0.047852	25.587674
256	9400	415	0.015000	-1 	 278 	7148	0.109070	0.129349	0.109070	46.053989
256	9400	416	0.015000	-1 	 279 	10691	0.163132	0.184158	0.163132	46.434492
256	9400	417	0.015000	-1 	 281 	15706	0.239655	0.256851	0.239655	56.838538
256	9400	418	0.015000	-1 	 302 	21246	0.324188	0.345581	0.324188	64.448618
256	9400	419	0.015000	-1 	 395 	2681	0.040909	0.084198	0.040909	24.566458
256	9400	420	0.015000	-1 	 134 	77	0.001175	0.011063	0.001175	5.020585
256	9400	421	0.015000	-1 	 463 	6974	0.106415	0.194946	0.106415	37.466626
256	9400	422	0.015000	-1 	 299 	1606	0.024506	0.045319	0.024506	20.132355
256	9400	423	0.015000	-1 	 45 	15	0.000229	0.002380	0.000229	2.619584
256	9400	424	0.015000	-1 	 396 	4240	0.064697	0.118637	0.064697	30.467110
256	9400	425	0.015000	-1 	 389 	4506	0.068756	0.103210	0.068756	31.375428
256	9400	426	0.015000	-1 	 368 	575	0.008774	0.032364	0.008774	12.946594
256	9400	427	0.015000	-1 	 338 	4757	0.072586	0.123367	0.072586	32.436467
256	9400	428	0.015000	-1 	 266 	12267	0.187180	0.203369	0.187180	51.100607
256	9400	429	0.015000	-1 	 351 	11086	0.169159	0.209732	0.169159	46.723565
256	9400	430	0.015000	-1 	 366 	6922	0.105621	0.200256	0.105621	39.182880
256	9400	431	0.015000	-1 	 407 	12954	0.197662	0.250565	0.197662	52.127969
256	9400	432	0.015000	-1 	 358 	2535	0.038681	0.063004	0.038681	24.334228
256	9400	433	0.015000	-1 	 491 	14241	0.217300	0.323486	0.217300	62.108967
256	9400	434	0.015000	-1 	 94 	22	0.000336	0.005051	0.000336	2.294892
256	9400	435	0.015000	-1 	 413 	10220	0.155945	0.189072	0.155945	49.002777
256	9400	436	0.015000	-1 	 38 	13	0.000198	0.001999	0.000198	1.653399
256	9400	437	0.015000	-1 	 295 	333	0.005081	0.025360	0.005081	12.913704
256	9400	438	0.015000	-1 	 186 	590	0.009003	0.025345	0.009003	13.844726
256	9400	439	0.015000	-1 	 353 	3575	0.054550	0.131790	0.054550	28.190494
256	9400	440	0.015000	-1 	 272 	9238	0.140961	0.157593	0.140961	42.348656
256	9400	441	0.015000	-1 	 421 	13265	0.202408	0.297821	0.202408	56.768979
256	9400	442	0.015000	-1 	 59 	18	0.000275	0.002914	0.000275	1.915660
256	9400	443	0.015000	-1 	 386 	6104	0.093140	0.130203	0.093140	36.785659
256	9400	444	0.015000	-1 	 252 	3362	0.051300	0.068756	0.051300	27.521032
256	9400	445	0.015000	-1 	 295 	9103	0.138901	0.161560	0.138901	41.599869
256	9400	446	0.015000	-1 	 353 	10699	0.163254	0.186234	0.163254	52.171354
256	9400	447	0.015000	-1 	 393 	20725	0.316238	0.343460	0.316238	65.813662
256	9400	448	0.015000	-1 	 121 	29	0.000443	0.006424	0.000443	3.034483
256	9400	449	0.015000	-1 	 13 	5	0.000076	0.000519	0.000076	1.131371
256	9400	450	0.015000	-1 	 419 	3161	0.048233	0.102417	0.048233	26.527010
256	9400	451	0.015000	-1 	 220 	10354	0.157990	0.173706	0.157990	43.342339
256	9400	452	0.015000	-1 	 260 	2941	0.044876	0.060837	0.044876	26.159537
256	9400	453	0.015000	-1 	 395 	32743	0.499619	0.541092	0.009552	13.394621
256	9400	454	0.015000	-1 	 447 	19112	0.291626	0.326157	0.291626	64.540230
256	9400	455	0.015000	-1 	 264 	11913	0.181778	0.199738	0.181778	56.863198
256	9400	456	0.015000	-1 	 201 	5684	0.086731	0.099792	0.086731	39.372838
256	9400	457	0.015000	-1 	 351 	24133	0.368240	0.393280	0.001251	4.823059
256	9400	458	0.015000	-1 	 412 	12831	0.195786	0.250259	0.195786	50.685714
256	9400	459	0.015000	-1 	 390 	7172	0.109436	0.142654	0.109436	43.399819
256	9400	460	0.015000	-1 	 463 	26184	0.399536	0.434647	0.399536	68.662418
256	9400	461	0.015000	-1 	 620 	8348	0.127380	0.243637	0.127380	40.359778
256	9400	462	0.015000	-1 	 406 	24146	0.368439	0.401184	0.001266	6.422738
256	9400	463	0.015000	-1 	 258 	2490	0.037994	0.056641	0.037994	24.822117
256	9400	464	0.015000	-1 	 175 	1630	0.024872	0.038284	0.024872	20.307049
256	9400	465	0.015000	-1 	 404 	1946	0.029694	0.072266	0.029694	21.926395
256	9400	466	0.015000	-1 	 128 	17	0.000259	0.006729	0.000259	2.025785
256	9400	467	0.015000	-1 	 479 	18364	0.280212	0.351486	0.280212	73.409739
256	9400	468	0.015000	-1 	 304 	14369	0.219254	0.238052	0.219254	58.858186
256	9400	469	0.015000	-1 	 393 	6946	0.105988	0.148163	0.105988	40.173729
256	9400	470	0.015000	-1 	 263 	5666	0.086456	0.105850	0.086456	34.584344
256	9400	471	0.015000	-1 	 190 	5798	0.088470	0.101227	0.088470	33.558608
256	9400	472	0.015000	-1 	 358 	19441	0.296646	0.322220	0.296646	64.699947
256	9400	473	0.015000	-1 	 47 	19	0.000290	0.002167	0.000290	2.535073
256	9400	474	0.015000	-1 	 333 	3086	0.047089	0.106934	0.047089	25.744438
256	9400	475	0.015000	-1 	 313 	26750	0.408173	0.427963	0.000504	2.898656
256	9400	476	0.015000	-1 	 368 	5417	0.082657	0.118851	0.082657	32.887028
256	9400	477	0.015000	-1 	 90 	23	0.000351	0.004852	0.000351	2.692144
256	9400	478	0.015000	-1 	 304 	13132	0.200378	0.218658	0.200378	52.846711
256	9400	479	0.015000	-1 	 196 	3336	0.050903	0.067657	0.050903	28.181496
256	9400	480	0.015000	-1 	 422 	30929	0.471939	0.501068	0.001465	4.940345
256	9400	481	0.015000	-1 	 501 	15705	0.239639	0.384781	0.239639	53.730699
256	9400	482	0.015000	-1 	 267 	18185	0.277481	0.297653	0.277481	58.743658
256	9400	483	0.015000	-1 	 286 	21957	0.335037	0.356583	0.335037	63.075166
256	9400	484	0.015000	-1 	 365 	14025	0.214005	0.243561	0.214005	69.221813
256	9400	485	0.015000	-1 	 604 	13785	0.210342	0.256195	0.210342	59.402529
256	9400	486	0.015000	-1 	 368 	11921	0.181900	0.205826	0.181900	50.253374
256	9400	487	0.015000	-1 	 171 	3859	0.058884	0.072342	0.058884	28.624451
256	9400	488	0.015000	-1 	 308 	14216	0.216919	0.236008	0.216919	51.066934
256	9400	489	0.015000	-1 	 203 	2643	0.040329	0.056808	0.040329	24.222711
256	9400	490	0.015000	-1 	 299 	18074	0.275787	0.296127	0.275787	65.300966
256	9400	491	0.015000	-1 	 280 	2051	0.031296	0.052139	0.031296	22.125428
256	9400	492	0.015000	-1 	 257 	5854	0.089325	0.110168	0.089325	42.819834
256	9400	493	0.015000	-1 	 250 	4313	0.065811	0.082657	0.065811	30.022438
256	9400	494	0.015000	-1 	 273 	15275	0.233078	0.252716	0.233078	53.619908
256	9400	495	0.015000	-1 	 213 	1284	0.019592	0.037140	0.019592	19.388356
256	9400	496	0.015000	-1 	 366 	3642	0.055573	0.084976	0.055573	28.438335
256	9400	497	0.015000	-1 	 376 	3045	0.046463	0.077209	0.046463	26.015552
256	9400	498	0.015000	-1 	 429 	13021	0.198685	0.244003	0.198685	61.083779
256	9400	499	0.015000	-1 	 212 	2462	0.037567	0.052551	0.037567	25.010047
256	9400	500	0.015000	-1 	 298 	20173	0.307816	0.329361	0.307816	64.757773
256	9400	501	0.015000	-1 	 249 	4045	0.061722	0.077805	0.061722	28.837479
256	9400	502	0.015000	-1 	 452 	9562	0.145905	0.193359	0.145905	44.438382
256	9400	503	0.015000	-1 	 360 	1901	0.029007	0.053787	0.029007	21.883466
256	9400	504	0.015000	-1 	 390 	14335	0.218735	0.292786	0.218735	52.440020
256	9400	505	0.015000	-1 	 327 	4531	0.069138	0.095291	0.069138	30.588720
256	9400	506	0.015000	-1 	 227 	7271	0.110947	0.126312	0.110947	37.704858
256	9400	507	0.015000	-1 	 186 	3045	0.046463	0.061630	0.046463	26.004553
256	9400	508	0.015000	-1 	 282 	16894	0.257782	0.278381	0.257782	56.864350
256	9400	509	0.015000	-1 	 187 	4616	0.070435	0.083405	0.070435	31.053968
256	9400	510	0.015000	-1 	 264 	43345	0.661392	0.679947	0.000961	4.581063
256	9400	511	0.015000	-1 	 309 	23692	0.361511	0.386032	0.361511	67.046862
256	9400	512	0.015000	-1 	 379 	25321	0.386368	0.415039	0.001511	7.723383
256	9400	513	0.015000	-1 	 254 	20832	0.317871	0.338318	0.317871	64.488493
256	9400	514	0.015000	-1 	 186 	1724	0.026306	0.039429	0.026306	20.703272
256	9400	515	0.015000	-1 	 235 	8998	0.137299	0.153717	0.137299	43.341839
256	9400	516	0.015000	-1 	 189 	3765	0.057449	0.071259	0.057449	28.146326
256	9400	517	0.015000	-1 	 309 	17710	0.270233	0.287338	0.270233	58.113663
256	9400	518	0.015000	-1 	 294 	8859	0.135178	0.156418	0.135178	40.867913
256	9400	519	0.015000	-1 	 90 	30	0.000458	0.005295	0.000458	3.066848
256	9400	520	0.015000	-1 	 406 	23813	0.363358	0.388809	0.001007	4.322034
256	9400	521	0.015000	-1 	 82 	24	0.000366	0.005096	0.000366	2.253084
256	9400	522	0.015000	-1 	 197 	2661	0.040604	0.056015	0.040604	23.989345
256	9400	523	0.015000	-1 	 164 	9376	0.143066	0.156769	0.143066	41.628328
256	9400	524	0.015000	-1 	 147 	18	0.000275	0.007950	0.000275	1.898667
256	9400	525	0.015000	-1 	 30 	14	0.000214	0.001434	0.000214	1.715773
256	9400	526	0.015000	-1 	 274 	2216	0.033813	0.051865	0.033813	22.878518
256	9400	527	0.015000	-1 	 418 	8952	0.136597	0.191971	0.136597	41.535639
256	9400	528	0.015000	-1 	 258 	5812	0.088684	0.108795	0.088684	35.307703
256	9400	529	0.015000	-1 	 478 	16384	0.250000	0.283112	0.250000	73.205255
256	9400	530	0.015000	-1 	 422 	20281	0.309464	0.338150	0.309464	62.184638
256	9400	531	0.015000	-1 	 236 	1888	0.028809	0.046417	0.028809	21.973663
256	9400	532	0.015000	-1 	 282 	26059	0.397629	0.417465	0.001266	7.211042
256	9400	533	0.015000	-1 	 133 	71	0.001083	0.008682	0.001083	5.513767
256	9400	534	0.015000	-1 	 211 	2942	0.044891	0.059464	0.044891	25.401089
256	9400	535	0.015000	-1 	 221 	15211	0.232101	0.251022	0.232101	53.448436
256	9400	536	0.015000	-1 	 241 	10847	0.165512	0.186401	0.165512	46.337777
256	9400	537	0.015000	-1 	 271 	4094	0.062469	0.082489	0.062469	29.584329
256	9400	538	0.015000	-1 	 165 	1861	0.028397	0.039200	0.028397	21.252714
256	9400	539	0.015000	-1 	 334 	3553	0.054214	0.076126	0.054214	27.835179
256	9400	540	0.015000	-1 	 261 	10228	0.156067	0.174164	0.156067	44.764846
256	9400	541	0.015000	-1 	 282 	16453	0.251053	0.268051	0.251053	59.056516
256	9400	542	0.015000	-1 	 220 	61	0.000931	0.016464	0.000931	5.360179
256	9400	543	0.015000	-1 	 461 	19020	0.290222	0.324982	0.290222	72.950311
256	9400	544	0.015000	-1 	 466 	18324	0.279602	0.307678	0.279602	62.331546
256	9400	545	0.015000	-1 	 432 	5898	0.089996	0.126923	0.089996	34.697530
256	9400	546	0.015000	-1 	 369 	26204	0.399841	0.423798	0.001297	6.188437
256	9400	547	0.015000	-1 	 343 	13659	0.208420	0.233017	0.208420	59.769554
256	9400	548	0.015000	-1 	 206 	3865	0.058975	0.074142	0.058975	28.563788
256	9400	549	0.015000	-1 	 243 	9893	0.150955	0.168030	0.150955	42.481939
256	9400	550	0.015000	-1 	 337 	19783	0.301865	0.326538	0.301865	65.545535
256	9400	551	0.015000	-1 	 451 	18613	0.284012	0.317001	0.284012	68.698321
256	9400	552	0.015000	-1 	 346 	4898	0.074738	0.116776	0.074738	31.268874
256	9400	553	0.015000	-1 	 322 	3198	0.048798	0.088013	0.048798	26.631127
256	9400	554	0.015000	-1 	 358 	25180	0.384216	0.411804	0.001648	6.581236
256	9400	555	0.015000	-1 	 221 	9514	0.145172	0.160019	0.145172	41.704158
256	9400	556	0.015000	-1 	 324 	3585	0.054703	0.130234	0.054703	27.948051
256	9400	557	0.015000	-1 	 371 	4980	0.075989	0.150711	0.075989	33.279395
256	9400	558	0.015000	-1 	 304 	15876	0.242249	0.261047	0.242249	62.290412
256	9400	559	0.015000	-1 	 211 	43284	0.660461	0.675232	0.000732	3.859400
256	9400	560	0.015000	-1 	 31 	12	0.000183	0.001358	0.000183	1.534329
256	9400	561	0.015000	-1 	 434 	20475	0.312424	0.343018	0.312424	72.384076
256	9400	562	0.015000	-1 	 222 	2804	0.042786	0.060791	0.042786	25.045244
256	9400	563	0.015000	-1 	 286 	7428	0.113342	0.133224	0.113342	38.041706
256	9400	564	0.015000	-1 	 214 	5974	0.091156	0.106689	0.091156	34.593945
256	9400	565	0.015000	-1 	 253 	908	0.013855	0.032928	0.013855	16.549570
256	9400	566	0.015000	-1 	 284 	19681	0.300308	0.319443	0.300308	63.056843
256	9400	567	0.015000	-1 	 307 	13061	0.199295	0.219757	0.199295	49.042425
256	9400	568	0.015000	-1 	 88 	24	0.000366	0.004730	0.000366	2.608746
256	9400	569	0.015000	-1 	 368 	8429	0.128616	0.205215	0.128616	39.767118
256	9400	570	0.015000	-1 	 529 	19305	0.294571	0.340286	0.294571	70.473013
256	9400	571	0.015000	-1 	 357 	7216	0.110107	0.219254	0.110107	37.767300
256	9400	572	0.015000	-1 	 55 	21	0.000320	0.002838	0.000320	2.380952
256	9400	573	0.015000	-1 	 441 	21915	0.334396	0.366104	0.334396	66.210394
256	9400	574	0.015000	-1 	 351 	11739	0.179123	0.207733	0.179123	49.246699
256	9400	575	0.015000	-1 	 160 	798	0.012177	0.026352	0.012177	16.409737
256	9400	576	0.015000	-1 	 272 	3127	0.047714	0.072357	0.047714	26.449824
256	9400	577	0.015000	-1 	 492 	10742	0.163910	0.302826	0.163910	45.558402
256	9400	578	0.015000	-1 	 421 	6934	0.105804	0.230621	0.105804	40.216047
256	9400	579	0.015000	-1 	 234 	9989	0.152420	0.169571	0.152420	43.033060
256	9400	580	0.015000	-1 	 510 	3442	0.052521	0.128326	0.052521	26.800079
256	9400	581	0.015000	-1 	 300 	17885	0.272903	0.294937	0.272903	59.182087
256	9400	582	0.015000	-1 	 67 	16	0.000244	0.003525	0.000244	1.907018
256	9400	583	0.015000	-1 	 241 	11364	0.173401	0.191727	0.173401	51.474459
256	9400	584	0.015000	-1 	 32 	14	0.000214	0.001877	0.000214	2.120117
256	9400	585	0.015000	-1 	 517 	11057	0.168716	0.230560	0.168716	71.496085
256	9400	586	0.015000	-1 	 257 	1901	0.029007	0.061310	0.029007	21.677788
256	9400	587	0.015000	-1 	 266 	14916	0.227600	0.247162	0.227600	52.548403
256	9400	588	0.015000	-1 	 336 	18410	0.280914	0.305664	0.280914	68.273674
256	9400	589	0.015000	-1 	 528 	2445	0.037308	0.135101	0.037308	23.220492
256	9400	590	0.015000	-1 	 311 	13260	0.202332	0.223328	0.202332	49.838684
256	9400	591	0.015000	-1 	 379 	27135	0.414047	0.440735	0.000885	5.663393
256	9400	592	0.015000	-1 	 235 	7943	0.121201	0.139709	0.121201	43.345337
256	9400	593	0.015000	-1 	 322 	31203	0.476120	0.500519	0.000732	3.680077
256	9400	594	0.015000	-1 	 216 	5482	0.083649	0.097641	0.083649	32.454081
256	9400	595	0.015000	-1 	 697 	11929	0.182022	0.287125	0.182022	51.131545
256	9400	596	0.015000	-1 	 333 	18694	0.285248	0.308136	0.285248	60.506849
256	9400	597	0.015000	-1 	 294 	10555	0.161057	0.181854	0.161057	50.211979
256	9400	598	0.015000	-1 	 232 	7689	0.117325	0.135269	0.117325	41.699485
256	9400	599	0.015000	-1 	 340 	13949	0.212845	0.235077	0.212845	69.331330
256	9400	600	0.015000	-1 	 395 	7991	0.121933	0.216827	0.121933	39.138050
256	9400	601	0.015000	-1 	 228 	9067	0.138351	0.156372	0.138351	45.471839
256	9400	602	0.015000	-1 	 405 	13838	0.211151	0.247620	0.211151	52.674047
256	9400	603	0.015000	-1 	 193 	7553	0.115250	0.126266	0.115250	38.261055
256	9400	604	0.015000	-1 	 401 	15945	0.243301	0.291229	0.243301	55.619218
