128	9500	1	0.015000	-1 	 206 	1209	0.073792	0.147949	0.073792	18.965811
128	9500	2	0.015000	-1 	 1 	16168	0.986816	0.986816	0.000000	0.000000
128	9500	3	0.015000	-1 	 44 	12969	0.791565	0.800964	0.001465	2.823512
128	9500	4	0.015000	-1 	 1 	16108	0.983154	0.983154	0.000000	0.000000
128	9500	5	0.015000	-1 	 174 	5168	0.315430	0.369873	0.315430	32.361245
128	9500	6	0.015000	-1 	 1 	16170	0.986938	0.986938	0.000000	0.000000
128	9500	7	0.015000	-1 	 36 	13286	0.810913	0.816772	0.000610	1.483240
128	9500	8	0.015000	-1 	 35 	12683	0.774109	0.780029	0.000916	1.741009
128	9500	9	0.015000	-1 	 24 	14548	0.887939	0.892700	0.000916	2.054805
128	9500	10	0.015000	-1 	 1 	16138	0.984985	0.984985	0.000000	0.000000
128	9500	11	0.015000	-1 	 1 	16158	0.986206	0.986206	0.000000	0.000000
128	9500	12	0.015000	-1 	 162 	1509	0.092102	0.142456	0.092102	18.961646
128	9500	13	0.015000	-1 	 1 	16124	0.984131	0.984131	0.000000	0.000000
128	9500	14	0.015000	-1 	 1 	16113	0.983459	0.983459	0.000000	0.000000
128	9500	15	0.015000	-1 	 1 	16139	0.985046	0.985046	0.000000	0.000000
128	9500	16	0.015000	-1 	 1 	16114	0.983521	0.983521	0.000000	0.000000
128	9500	17	0.015000	-1 	 1 	16127	0.984314	0.984314	0.000000	0.000000
128	9500	18	0.015000	-1 	 162 	6309	0.385071	0.430298	0.001953	3.043628
128	9500	19	0.015000	-1 	 1 	16127	0.984314	0.984314	0.000000	0.000000
128	9500	20	0.015000	-1 	 1 	16123	0.984070	0.984070	0.000000	0.000000
128	9500	21	0.015000	-1 	 22 	15	0.000916	0.005920	0.000916	2.137496
128	9500	22	0.015000	-1 	 155 	8237	0.502747	0.550293	0.005554	6.628751
128	9500	23	0.015000	-1 	 6 	4	0.000244	0.000732	0.000244	0.935414
128	9500	24	0.015000	-1 	 18 	14291	0.872253	0.878845	0.002258	3.679648
128	9500	25	0.015000	-1 	 96 	6577	0.401428	0.424072	0.001587	2.610856
128	9500	26	0.015000	-1 	 1 	16121	0.983948	0.983948	0.000000	0.000000
128	9500	27	0.015000	-1 	 8 	15469	0.944153	0.944702	0.000122	0.500000
128	9500	28	0.015000	-1 	 1 	16140	0.985107	0.985107	0.000000	0.000000
128	9500	29	0.015000	-1 	 1 	16159	0.986267	0.986267	0.000000	0.000000
128	9500	30	0.015000	-1 	 103 	10268	0.626709	0.659058	0.003723	6.036465
128	9500	31	0.015000	-1 	 1 	16130	0.984497	0.984497	0.000000	0.000000
128	9500	32	0.015000	-1 	 1 	16112	0.983398	0.983398	0.000000	0.000000
128	9500	33	0.015000	-1 	 1 	16125	0.984192	0.984192	0.000000	0.000000
128	9500	34	0.015000	-1 	 105 	7430	0.453491	0.489197	0.002136	3.602040
128	9500	35	0.015000	-1 	 1 	16145	0.985413	0.985413	0.000000	0.000000
128	9500	36	0.015000	-1 	 184 	6808	0.415527	0.470215	0.415527	35.784367
128	9500	37	0.015000	-1 	 17 	14607	0.891541	0.896729	0.000854	1.896560
128	9500	38	0.015000	-1 	 1 	16137	0.984924	0.984924	0.000000	0.000000
128	9500	39	0.015000	-1 	 24 	12	0.000732	0.004150	0.000732	2.196904
128	9500	40	0.015000	-1 	 1 	16100	0.982666	0.982666	0.000000	0.000000
128	9500	41	0.015000	-1 	 153 	4083	0.249207	0.295105	0.249207	28.925356
128	9500	42	0.015000	-1 	 165 	2520	0.153809	0.202026	0.153809	25.298984
128	9500	43	0.015000	-1 	 1 	16126	0.984253	0.984253	0.000000	0.000000
128	9500	44	0.015000	-1 	 140 	5233	0.319397	0.353577	0.319397	32.206855
128	9500	45	0.015000	-1 	 1 	16107	0.983093	0.983093	0.000000	0.000000
128	9500	46	0.015000	-1 	 40 	13514	0.824829	0.833984	0.001587	3.292451
128	9500	47	0.015000	-1 	 1 	16145	0.985413	0.985413	0.000000	0.000000
128	9500	48	0.015000	-1 	 31 	14196	0.866455	0.875366	0.000977	2.191960
128	9500	49	0.015000	-1 	 161 	3917	0.239075	0.287598	0.004272	4.675097
128	9500	50	0.015000	-1 	 150 	32	0.001953	0.039612	0.001953	2.965953
128	9500	51	0.015000	-1 	 1 	16142	0.985229	0.985229	0.000000	0.000000
128	9500	52	0.015000	-1 	 1 	16143	0.985291	0.985291	0.000000	0.000000
128	9500	53	0.015000	-1 	 1 	16133	0.984680	0.984680	0.000000	0.000000
128	9500	54	0.015000	-1 	 1 	16138	0.984985	0.984985	0.000000	0.000000
128	9500	55	0.015000	-1 	 190 	5854	0.357300	0.412720	0.357300	33.549384
128	9500	56	0.015000	-1 	 99 	9754	0.595337	0.621399	0.001648	3.107140
128	9500	57	0.015000	-1 	 14 	12	0.000732	0.003174	0.000732	1.711887
128	9500	58	0.015000	-1 	 1 	15964	0.974365	0.974365	0.000000	0.000000
128	9500	59	0.015000	-1 	 74 	11246	0.686401	0.705017	0.002014	2.908775
128	9500	60	0.015000	-1 	 1 	16008	0.977051	0.977051	0.000000	0.000000
128	9500	61	0.015000	-1 	 1 	16105	0.982971	0.982971	0.000000	0.000000
128	9500	62	0.015000	-1 	 1 	15966	0.974487	0.974487	0.000000	0.000000
128	9500	63	0.015000	-1 	 1 	16133	0.984680	0.984680	0.000000	0.000000
128	9500	64	0.015000	-1 	 1 	16190	0.988159	0.988159	0.000000	0.000000
128	9500	65	0.015000	-1 	 1 	16060	0.980225	0.980225	0.000000	0.000000
128	9500	66	0.015000	-1 	 173 	78	0.004761	0.055664	0.004761	5.154293
128	9500	67	0.015000	-1 	 190 	5098	0.311157	0.370361	0.311157	32.347608
128	9500	68	0.015000	-1 	 1 	16133	0.984680	0.984680	0.000000	0.000000
128	9500	69	0.015000	-1 	 1 	16118	0.983765	0.983765	0.000000	0.000000
128	9500	70	0.015000	-1 	 71 	11161	0.681213	0.698853	0.001953	3.672905
128	9500	71	0.015000	-1 	 1 	16144	0.985352	0.985352	0.000000	0.000000
128	9500	72	0.015000	-1 	 1 	16136	0.984863	0.984863	0.000000	0.000000
128	9500	73	0.015000	-1 	 1 	16152	0.985840	0.985840	0.000000	0.000000
128	9500	74	0.015000	-1 	 63 	11355	0.693054	0.707581	0.001221	2.242766
128	9500	75	0.015000	-1 	 1 	16133	0.984680	0.984680	0.000000	0.000000
128	9500	76	0.015000	-1 	 110 	8192	0.500000	0.536621	0.002747	3.797595
128	9500	77	0.015000	-1 	 2 	6	0.000366	0.000671	0.000366	1.384437
128	9500	78	0.015000	-1 	 2 	15921	0.971741	0.971863	0.000122	0.500000
128	9500	79	0.015000	-1 	 164 	2862	0.174683	0.220581	0.174683	25.319056
128	9500	80	0.015000	-1 	 172 	4832	0.294922	0.341492	0.294922	31.269935
128	9500	81	0.015000	-1 	 1 	16137	0.984924	0.984924	0.000000	0.000000
128	9500	82	0.015000	-1 	 144 	2205	0.134583	0.169556	0.134583	21.963015
128	9500	83	0.015000	-1 	 164 	4359	0.266052	0.313110	0.266052	29.765098
128	9500	84	0.015000	-1 	 31 	13	0.000793	0.005371	0.000793	2.069788
128	9500	85	0.015000	-1 	 69 	11993	0.731995	0.751892	0.002380	3.094395
128	9500	86	0.015000	-1 	 4 	15641	0.954651	0.954895	0.000122	0.500000
128	9500	87	0.015000	-1 	 1 	16136	0.984863	0.984863	0.000000	0.000000
128	9500	88	0.015000	-1 	 20 	24	0.001465	0.004700	0.001465	3.006648
128	9500	89	0.015000	-1 	 83 	9289	0.566956	0.586304	0.001770	3.215598
128	9500	90	0.015000	-1 	 1 	16105	0.982971	0.982971	0.000000	0.000000
128	9500	91	0.015000	-1 	 156 	6036	0.368408	0.412109	0.368408	34.391924
128	9500	92	0.015000	-1 	 155 	1732	0.105713	0.145020	0.105713	21.148770
128	9500	93	0.015000	-1 	 5 	15484	0.945068	0.945312	0.000061	0.000000
128	9500	94	0.015000	-1 	 1 	16124	0.984131	0.984131	0.000000	0.000000
128	9500	95	0.015000	-1 	 1 	16125	0.984192	0.984192	0.000000	0.000000
128	9500	96	0.015000	-1 	 133 	4104	0.250488	0.291504	0.250488	29.229934
128	9500	97	0.015000	-1 	 6 	15080	0.920410	0.921753	0.000793	1.519109
128	9500	98	0.015000	-1 	 1 	16156	0.986084	0.986084	0.000000	0.000000
128	9500	99	0.015000	-1 	 1 	16157	0.986145	0.986145	0.000000	0.000000
128	9500	100	0.015000	-1 	 100 	9476	0.578369	0.603333	0.001892	2.898563
128	9500	101	0.015000	-1 	 7 	15151	0.924744	0.925903	0.000427	1.212183
128	9500	102	0.015000	-1 	 5 	7	0.000427	0.001038	0.000427	1.498298
128	9500	103	0.015000	-1 	 1 	16142	0.985229	0.985229	0.000000	0.000000
128	9500	104	0.015000	-1 	 1 	16143	0.985291	0.985291	0.000000	0.000000
128	9500	105	0.015000	-1 	 153 	5766	0.351929	0.401550	0.351929	34.397110
128	9500	106	0.015000	-1 	 1 	16135	0.984802	0.984802	0.000000	0.000000
128	9500	107	0.015000	-1 	 63 	11166	0.681519	0.696411	0.001648	2.681543
128	9500	108	0.015000	-1 	 131 	8554	0.522095	0.558167	0.002686	4.464911
128	9500	109	0.015000	-1 	 7 	15448	0.942871	0.943298	0.000122	0.500000
128	9500	110	0.015000	-1 	 1 	16168	0.986816	0.986816	0.000000	0.000000
128	9500	111	0.015000	-1 	 192 	961	0.058655	0.113892	0.058655	16.836102
128	9500	112	0.015000	-1 	 6 	9	0.000549	0.001221	0.000549	1.351725
128	9500	113	0.015000	-1 	 1 	16158	0.986206	0.986206	0.000000	0.000000
128	9500	114	0.015000	-1 	 41 	13	0.000793	0.007935	0.000793	1.451382
128	9500	115	0.015000	-1 	 57 	11249	0.686584	0.704956	0.001770	2.805634
128	9500	116	0.015000	-1 	 24 	14635	0.893250	0.895874	0.000305	0.894427
128	9500	117	0.015000	-1 	 1 	16129	0.984436	0.984436	0.000000	0.000000
128	9500	118	0.015000	-1 	 38 	12720	0.776367	0.782837	0.000854	2.295737
128	9500	119	0.015000	-1 	 1 	16129	0.984436	0.984436	0.000000	0.000000
128	9500	120	0.015000	-1 	 1 	16160	0.986328	0.986328	0.000000	0.000000
128	9500	121	0.015000	-1 	 167 	4423	0.269958	0.327454	0.269958	32.564206
128	9500	122	0.015000	-1 	 38 	13672	0.834473	0.843506	0.001282	2.638456
128	9500	123	0.015000	-1 	 1 	16155	0.986023	0.986023	0.000000	0.000000
128	9500	124	0.015000	-1 	 45 	12200	0.744629	0.758789	0.001343	2.695267
128	9500	125	0.015000	-1 	 147 	1954	0.119263	0.161377	0.119263	21.081567
128	9500	126	0.015000	-1 	 118 	7075	0.431824	0.461853	0.003357	3.998760
128	9500	127	0.015000	-1 	 1 	16143	0.985291	0.985291	0.000000	0.000000
128	9500	128	0.015000	-1 	 1 	16122	0.984009	0.984009	0.000000	0.000000
128	9500	129	0.015000	-1 	 147 	1714	0.104614	0.151917	0.104614	21.476949
128	9500	130	0.015000	-1 	 15 	6	0.000366	0.002319	0.000366	1.166667
128	9500	131	0.015000	-1 	 1 	16108	0.983154	0.983154	0.000000	0.000000
128	9500	132	0.015000	-1 	 1 	16138	0.984985	0.984985	0.000000	0.000000
128	9500	133	0.015000	-1 	 126 	2215	0.135193	0.166626	0.135193	22.919246
128	9500	134	0.015000	-1 	 149 	6960	0.424805	0.464539	0.424805	36.849783
128	9500	135	0.015000	-1 	 1 	15861	0.968079	0.968079	0.000000	0.000000
128	9500	136	0.015000	-1 	 1 	16137	0.984924	0.984924	0.000000	0.000000
128	9500	137	0.015000	-1 	 135 	1477	0.090149	0.134644	0.090149	20.033895
128	9500	138	0.015000	-1 	 1 	16152	0.985840	0.985840	0.000000	0.000000
128	9500	139	0.015000	-1 	 8 	7	0.000427	0.001831	0.000427	1.228904
128	9500	140	0.015000	-1 	 101 	8980	0.548096	0.574097	0.002380	3.431877
128	9500	141	0.015000	-1 	 1 	16140	0.985107	0.985107	0.000000	0.000000
128	9500	142	0.015000	-1 	 1 	16133	0.984680	0.984680	0.000000	0.000000
128	9500	143	0.015000	-1 	 1 	16114	0.983521	0.983521	0.000000	0.000000
128	9500	144	0.015000	-1 	 1 	16133	0.984680	0.984680	0.000000	0.000000
128	9500	145	0.015000	-1 	 1 	16139	0.985046	0.985046	0.000000	0.000000
128	9500	146	0.015000	-1 	 1 	16137	0.984924	0.984924	0.000000	0.000000
128	9500	147	0.015000	-1 	 6 	3	0.000183	0.000732	0.000183	0.666667
128	9500	148	0.015000	-1 	 16 	16	0.000977	0.003662	0.000977	2.347705
128	9500	149	0.015000	-1 	 1 	16115	0.983582	0.983582	0.000000	0.000000
128	9500	150	0.015000	-1 	 39 	12	0.000732	0.010010	0.000732	1.840894
128	9500	151	0.015000	-1 	 148 	2317	0.141418	0.188721	0.141418	23.223485
128	9500	152	0.015000	-1 	 1 	16156	0.986084	0.986084	0.000000	0.000000
128	9500	153	0.015000	-1 	 1 	16134	0.984741	0.984741	0.000000	0.000000
128	9500	154	0.015000	-1 	 1 	16135	0.984802	0.984802	0.000000	0.000000
128	9500	155	0.015000	-1 	 1 	16099	0.982605	0.982605	0.000000	0.000000
128	9500	156	0.015000	-1 	 1 	16121	0.983948	0.983948	0.000000	0.000000
128	9500	157	0.015000	-1 	 1 	16147	0.985535	0.985535	0.000000	0.000000
128	9500	158	0.015000	-1 	 1 	16110	0.983276	0.983276	0.000000	0.000000
128	9500	159	0.015000	-1 	 184 	4881	0.297913	0.346680	0.297913	31.271439
128	9500	160	0.015000	-1 	 1 	16150	0.985718	0.985718	0.000000	0.000000
128	9500	161	0.015000	-1 	 1 	16154	0.985962	0.985962	0.000000	0.000000
128	9500	162	0.015000	-1 	 72 	11107	0.677917	0.695496	0.002869	3.605363
128	9500	163	0.015000	-1 	 17 	14412	0.879639	0.884216	0.001160	2.017925
128	9500	164	0.015000	-1 	 1 	16131	0.984558	0.984558	0.000000	0.000000
128	9500	165	0.015000	-1 	 27 	17	0.001038	0.004211	0.001038	1.743004
128	9500	166	0.015000	-1 	 1 	16135	0.984802	0.984802	0.000000	0.000000
128	9500	167	0.015000	-1 	 1 	16165	0.986633	0.986633	0.000000	0.000000
128	9500	168	0.015000	-1 	 2 	15699	0.958191	0.958313	0.000122	0.500000
128	9500	169	0.015000	-1 	 73 	12009	0.732971	0.760254	0.002930	3.901066
128	9500	170	0.015000	-1 	 1 	16131	0.984558	0.984558	0.000000	0.000000
128	9500	171	0.015000	-1 	 1 	16100	0.982666	0.982666	0.000000	0.000000
128	9500	172	0.015000	-1 	 1 	16124	0.984131	0.984131	0.000000	0.000000
128	9500	173	0.015000	-1 	 1 	16135	0.984802	0.984802	0.000000	0.000000
128	9500	174	0.015000	-1 	 1 	16140	0.985107	0.985107	0.000000	0.000000
128	9500	175	0.015000	-1 	 147 	1641	0.100159	0.141357	0.100159	20.838680
128	9500	176	0.015000	-1 	 1 	16133	0.984680	0.984680	0.000000	0.000000
128	9500	177	0.015000	-1 	 148 	55	0.003357	0.047485	0.003357	5.241979
128	9500	178	0.015000	-1 	 1 	16112	0.983398	0.983398	0.000000	0.000000
128	9500	179	0.015000	-1 	 167 	6565	0.400696	0.465271	0.400696	36.508136
128	9500	180	0.015000	-1 	 1 	16129	0.984436	0.984436	0.000000	0.000000
128	9500	181	0.015000	-1 	 136 	5500	0.335693	0.382690	0.335693	33.828975
128	9500	182	0.015000	-1 	 1 	16149	0.985657	0.985657	0.000000	0.000000
128	9500	183	0.015000	-1 	 207 	3819	0.233093	0.304565	0.233093	28.797866
128	9500	184	0.015000	-1 	 30 	12956	0.790771	0.799316	0.001953	2.178033
128	9500	185	0.015000	-1 	 8 	12	0.000732	0.002014	0.000732	1.846543
128	9500	186	0.015000	-1 	 140 	84	0.005127	0.048096	0.005127	5.832580
128	9500	187	0.015000	-1 	 6 	8	0.000488	0.001587	0.000488	1.211920
128	9500	188	0.015000	-1 	 78 	11285	0.688782	0.709900	0.002869	3.860046
128	9500	189	0.015000	-1 	 1 	16140	0.985107	0.985107	0.000000	0.000000
128	9500	190	0.015000	-1 	 1 	16126	0.984253	0.984253	0.000000	0.000000
128	9500	191	0.015000	-1 	 192 	1961	0.119690	0.183838	0.119690	22.079582
128	9500	192	0.015000	-1 	 1 	16107	0.983093	0.983093	0.000000	0.000000
128	9500	193	0.015000	-1 	 26 	13988	0.853760	0.858276	0.000977	1.753345
128	9500	194	0.015000	-1 	 119 	8390	0.512085	0.547241	0.004578	5.056973
128	9500	195	0.015000	-1 	 1 	16127	0.984314	0.984314	0.000000	0.000000
128	9500	196	0.015000	-1 	 1 	16134	0.984741	0.984741	0.000000	0.000000
128	9500	197	0.015000	-1 	 140 	65	0.003967	0.045288	0.003967	4.850718
128	9500	198	0.015000	-1 	 74 	21	0.001282	0.015991	0.001282	2.556393
128	9500	199	0.015000	-1 	 1 	16142	0.985229	0.985229	0.000000	0.000000
128	9500	200	0.015000	-1 	 1 	16153	0.985901	0.985901	0.000000	0.000000
128	9500	201	0.015000	-1 	 75 	16	0.000977	0.015991	0.000977	1.998046
128	9500	202	0.015000	-1 	 20 	14701	0.897278	0.905029	0.005005	4.747600
128	9500	203	0.015000	-1 	 153 	3449	0.210510	0.249146	0.210510	27.243277
128	9500	204	0.015000	-1 	 1 	16155	0.986023	0.986023	0.000000	0.000000
128	9500	205	0.015000	-1 	 8 	15383	0.938904	0.940186	0.000610	1.769181
128	9500	206	0.015000	-1 	 33 	16	0.000977	0.008484	0.000977	1.983329
128	9500	207	0.015000	-1 	 1 	15677	0.956848	0.956848	0.000000	0.000000
128	9500	208	0.015000	-1 	 167 	2737	0.167053	0.221497	0.167053	24.630243
128	9500	209	0.015000	-1 	 1 	16065	0.980530	0.980530	0.000000	0.000000
128	9500	210	0.015000	-1 	 2 	15555	0.949402	0.949463	0.000061	0.000000
128	9500	211	0.015000	-1 	 28 	13339	0.814148	0.819885	0.000671	1.605775
128	9500	212	0.015000	-1 	 138 	3839	0.234314	0.276672	0.234314	28.558483
128	9500	213	0.015000	-1 	 29 	15	0.000916	0.005920	0.000916	1.793817
128	9500	214	0.015000	-1 	 1 	16102	0.982788	0.982788	0.000000	0.000000
128	9500	215	0.015000	-1 	 1 	16130	0.984497	0.984497	0.000000	0.000000
128	9500	216	0.015000	-1 	 11 	14839	0.905701	0.908325	0.000977	2.276751
128	9500	217	0.015000	-1 	 115 	8559	0.522400	0.565979	0.005920	5.465590
128	9500	218	0.015000	-1 	 1 	16147	0.985535	0.985535	0.000000	0.000000
128	9500	219	0.015000	-1 	 10 	14933	0.911438	0.913208	0.000427	1.277753
128	9500	220	0.015000	-1 	 154 	4231	0.258240	0.300476	0.258240	29.539031
128	9500	221	0.015000	-1 	 1 	16147	0.985535	0.985535	0.000000	0.000000
128	9500	222	0.015000	-1 	 1 	16111	0.983337	0.983337	0.000000	0.000000
128	9500	223	0.015000	-1 	 1 	16141	0.985168	0.985168	0.000000	0.000000
128	9500	224	0.015000	-1 	 90 	11115	0.678406	0.702576	0.002197	3.678223
128	9500	225	0.015000	-1 	 1 	16122	0.984009	0.984009	0.000000	0.000000
128	9500	226	0.015000	-1 	 65 	11761	0.717834	0.735168	0.001404	2.538922
128	9500	227	0.015000	-1 	 28 	14134	0.862671	0.868408	0.001282	2.181140
128	9500	228	0.015000	-1 	 22 	18	0.001099	0.005554	0.001099	2.280486
128	9500	229	0.015000	-1 	 167 	3617	0.220764	0.268799	0.220764	28.150752
128	9500	230	0.015000	-1 	 1 	16141	0.985168	0.985168	0.000000	0.000000
128	9500	231	0.015000	-1 	 1 	16174	0.987183	0.987183	0.000000	0.000000
128	9500	232	0.015000	-1 	 56 	12082	0.737427	0.751160	0.001648	2.952760
128	9500	233	0.015000	-1 	 169 	852	0.052002	0.105469	0.052002	16.781612
128	9500	234	0.015000	-1 	 118 	10441	0.637268	0.663940	0.001831	2.695882
128	9500	235	0.015000	-1 	 166 	3700	0.225830	0.277527	0.225830	28.069184
128	9500	236	0.015000	-1 	 1 	16135	0.984802	0.984802	0.000000	0.000000
128	9500	237	0.015000	-1 	 1 	16142	0.985229	0.985229	0.000000	0.000000
128	9500	238	0.015000	-1 	 1 	16156	0.986084	0.986084	0.000000	0.000000
128	9500	239	0.015000	-1 	 1 	16128	0.984375	0.984375	0.000000	0.000000
128	9500	240	0.015000	-1 	 1 	16148	0.985596	0.985596	0.000000	0.000000
128	9500	241	0.015000	-1 	 16 	13	0.000793	0.002930	0.000793	1.817079
128	9500	242	0.015000	-1 	 1 	15880	0.969238	0.969238	0.000000	0.000000
128	9500	243	0.015000	-1 	 1 	16086	0.981812	0.981812	0.000000	0.000000
128	9500	244	0.015000	-1 	 1 	16146	0.985474	0.985474	0.000000	0.000000
128	9500	245	0.015000	-1 	 1 	16160	0.986328	0.986328	0.000000	0.000000
128	9500	246	0.015000	-1 	 12 	15027	0.917175	0.919617	0.000916	1.963535
128	9500	247	0.015000	-1 	 1 	16138	0.984985	0.984985	0.000000	0.000000
128	9500	248	0.015000	-1 	 1 	16169	0.986877	0.986877	0.000000	0.000000
128	9500	249	0.015000	-1 	 50 	13208	0.806152	0.819458	0.002502	4.839973
128	9500	250	0.015000	-1 	 2 	15761	0.961975	0.962036	0.000061	0.000000
128	9500	251	0.015000	-1 	 188 	6978	0.425903	0.481567	0.425903	37.185238
128	9500	252	0.015000	-1 	 1 	16086	0.981812	0.981812	0.000000	0.000000
128	9500	253	0.015000	-1 	 1 	16148	0.985596	0.985596	0.000000	0.000000
128	9500	254	0.015000	-1 	 24 	14587	0.890320	0.897339	0.002625	3.701987
128	9500	255	0.015000	-1 	 1 	16146	0.985474	0.985474	0.000000	0.000000
128	9500	256	0.015000	-1 	 1 	16116	0.983643	0.983643	0.000000	0.000000
128	9500	257	0.015000	-1 	 44 	14	0.000854	0.008728	0.000854	2.774704
128	9500	258	0.015000	-1 	 1 	16136	0.984863	0.984863	0.000000	0.000000
128	9500	259	0.015000	-1 	 1 	16121	0.983948	0.983948	0.000000	0.000000
128	9500	260	0.015000	-1 	 1 	16142	0.985229	0.985229	0.000000	0.000000
128	9500	261	0.015000	-1 	 41 	12927	0.789001	0.797180	0.000977	2.221169
128	9500	262	0.015000	-1 	 1 	16135	0.984802	0.984802	0.000000	0.000000
128	9500	263	0.015000	-1 	 109 	12	0.000732	0.020203	0.000732	1.846543
128	9500	264	0.015000	-1 	 1 	16135	0.984802	0.984802	0.000000	0.000000
128	9500	265	0.015000	-1 	 28 	13587	0.829285	0.833740	0.001343	2.265443
128	9500	266	0.015000	-1 	 42 	12687	0.774353	0.784912	0.001709	2.677381
128	9500	267	0.015000	-1 	 1 	16118	0.983765	0.983765	0.000000	0.000000
128	9500	268	0.015000	-1 	 1 	16128	0.984375	0.984375	0.000000	0.000000
128	9500	269	0.015000	-1 	 1 	16134	0.984741	0.984741	0.000000	0.000000
128	9500	270	0.015000	-1 	 1 	16159	0.986267	0.986267	0.000000	0.000000
128	9500	271	0.015000	-1 	 172 	4858	0.296509	0.350891	0.296509	31.357555
128	9500	272	0.015000	-1 	 207 	3438	0.209839	0.276184	0.209839	32.389579
128	9500	273	0.015000	-1 	 86 	11676	0.712646	0.734009	0.001953	3.007153
128	9500	274	0.015000	-1 	 104 	9991	0.609802	0.636169	0.001465	2.412352
128	9500	275	0.015000	-1 	 1 	15796	0.964111	0.964111	0.000000	0.000000
128	9500	276	0.015000	-1 	 135 	129	0.007874	0.057983	0.007874	7.766606
128	9500	277	0.015000	-1 	 37 	9	0.000549	0.006958	0.000549	2.102321
128	9500	278	0.015000	-1 	 1 	16129	0.984436	0.984436	0.000000	0.000000
128	9500	279	0.015000	-1 	 142 	5300	0.323486	0.369995	0.323486	32.521403
128	9500	280	0.015000	-1 	 50 	12816	0.782227	0.796753	0.001465	2.388485
128	9500	281	0.015000	-1 	 112 	8197	0.500305	0.539001	0.002930	3.956085
128	9500	282	0.015000	-1 	 256 	765	0.046692	0.141602	0.046692	14.769111
128	9500	283	0.015000	-1 	 1 	16138	0.984985	0.984985	0.000000	0.000000
128	9500	284	0.015000	-1 	 1 	16158	0.986206	0.986206	0.000000	0.000000
128	9500	285	0.015000	-1 	 1 	16150	0.985718	0.985718	0.000000	0.000000
128	9500	286	0.015000	-1 	 1 	16142	0.985229	0.985229	0.000000	0.000000
128	9500	287	0.015000	-1 	 1 	16142	0.985229	0.985229	0.000000	0.000000
128	9500	288	0.015000	-1 	 97 	10527	0.642517	0.673584	0.002869	3.733664
128	9500	289	0.015000	-1 	 2 	15615	0.953064	0.953369	0.000305	0.979796
128	9500	290	0.015000	-1 	 1 	16133	0.984680	0.984680	0.000000	0.000000
128	9500	291	0.015000	-1 	 1 	16162	0.986450	0.986450	0.000000	0.000000
128	9500	292	0.015000	-1 	 95 	19	0.001160	0.024048	0.001160	2.167501
128	9500	293	0.015000	-1 	 1 	16137	0.984924	0.984924	0.000000	0.000000
128	9500	294	0.015000	-1 	 1 	16148	0.985596	0.985596	0.000000	0.000000
128	9500	295	0.015000	-1 	 54 	11788	0.719482	0.733215	0.001953	2.952588
128	9500	296	0.015000	-1 	 1 	16142	0.985229	0.985229	0.000000	0.000000
128	9500	297	0.015000	-1 	 159 	659	0.040222	0.090515	0.040222	13.523196
128	9500	298	0.015000	-1 	 91 	12475	0.761414	0.783813	0.001465	2.762597
128	9500	299	0.015000	-1 	 1 	16157	0.986145	0.986145	0.000000	0.000000
128	9500	300	0.015000	-1 	 23 	10	0.000610	0.002686	0.000610	1.643168
128	9500	301	0.015000	-1 	 1 	16139	0.985046	0.985046	0.000000	0.000000
128	9500	302	0.015000	-1 	 146 	1540	0.093994	0.133179	0.093994	20.269045
128	9500	303	0.015000	-1 	 1 	16057	0.980042	0.980042	0.000000	0.000000
128	9500	304	0.015000	-1 	 209 	4621	0.282043	0.350525	0.282043	36.851513
128	9500	305	0.015000	-1 	 5 	15499	0.945984	0.946350	0.000183	0.666667
128	9500	306	0.015000	-1 	 122 	8362	0.510376	0.545288	0.003296	3.912275
128	9500	307	0.015000	-1 	 1 	16142	0.985229	0.985229	0.000000	0.000000
128	9500	308	0.015000	-1 	 117 	9124	0.556885	0.588928	0.002502	3.102071
128	9500	309	0.015000	-1 	 140 	1643	0.100281	0.148010	0.100281	20.686475
128	9500	310	0.015000	-1 	 1 	16142	0.985229	0.985229	0.000000	0.000000
128	9500	311	0.015000	-1 	 151 	2765	0.168762	0.221924	0.168762	26.408349
128	9500	312	0.015000	-1 	 1 	16150	0.985718	0.985718	0.000000	0.000000
128	9500	313	0.015000	-1 	 138 	4987	0.304382	0.352478	0.304382	31.964288
128	9500	314	0.015000	-1 	 64 	11590	0.707397	0.719604	0.001099	2.437490
128	9500	315	0.015000	-1 	 1 	16138	0.984985	0.984985	0.000000	0.000000
128	9500	316	0.015000	-1 	 33 	14044	0.857178	0.864136	0.000793	2.008856
128	9500	317	0.015000	-1 	 1 	16111	0.983337	0.983337	0.000000	0.000000
128	9500	318	0.015000	-1 	 191 	3972	0.242432	0.297974	0.242432	29.084423
128	9500	319	0.015000	-1 	 1 	16144	0.985352	0.985352	0.000000	0.000000
128	9500	320	0.015000	-1 	 1 	16124	0.984131	0.984131	0.000000	0.000000
128	9500	321	0.015000	-1 	 21 	13680	0.834961	0.838989	0.000916	1.887974
128	9500	322	0.015000	-1 	 83 	10865	0.663147	0.685608	0.003174	4.922326
128	9500	323	0.015000	-1 	 62 	12491	0.762390	0.777649	0.001526	2.237141
128	9500	324	0.015000	-1 	 16 	11	0.000671	0.003418	0.000671	1.621141
128	9500	325	0.015000	-1 	 1 	16126	0.984253	0.984253	0.000000	0.000000
128	9500	326	0.015000	-1 	 1 	16128	0.984375	0.984375	0.000000	0.000000
128	9500	327	0.015000	-1 	 1 	16064	0.980469	0.980469	0.000000	0.000000
128	9500	328	0.015000	-1 	 1 	16141	0.985168	0.985168	0.000000	0.000000
128	9500	329	0.015000	-1 	 1 	16133	0.984680	0.984680	0.000000	0.000000
128	9500	330	0.015000	-1 	 1 	16125	0.984192	0.984192	0.000000	0.000000
128	9500	331	0.015000	-1 	 1 	16141	0.985168	0.985168	0.000000	0.000000
128	9500	332	0.015000	-1 	 1 	16150	0.985718	0.985718	0.000000	0.000000
128	9500	333	0.015000	-1 	 83 	21	0.001282	0.019104	0.001282	2.505323
128	9500	334	0.015000	-1 	 1 	16120	0.983887	0.983887	0.000000	0.000000
128	9500	335	0.015000	-1 	 1 	16127	0.984314	0.984314	0.000000	0.000000
128	9500	336	0.015000	-1 	 58 	12071	0.736755	0.753052	0.002075	3.188566
128	9500	337	0.015000	-1 	 76 	10446	0.637573	0.658447	0.002747	3.248399
128	9500	338	0.015000	-1 	 55 	12285	0.749817	0.759521	0.001099	2.458294
128	9500	339	0.015000	-1 	 1 	16148	0.985596	0.985596	0.000000	0.000000
128	9500	340	0.015000	-1 	 171 	1295	0.079041	0.136353	0.079041	17.915821
128	9500	341	0.015000	-1 	 1 	16149	0.985657	0.985657	0.000000	0.000000
128	9500	342	0.015000	-1 	 11 	15105	0.921936	0.924194	0.000488	1.192424
128	9500	343	0.015000	-1 	 1 	16082	0.981567	0.981567	0.000000	0.000000
128	9500	344	0.015000	-1 	 1 	16127	0.984314	0.984314	0.000000	0.000000
128	9500	345	0.015000	-1 	 67 	10451	0.637878	0.650085	0.001038	1.977381
128	9500	346	0.015000	-1 	 1 	16133	0.984680	0.984680	0.000000	0.000000
128	9500	347	0.015000	-1 	 1 	16076	0.981201	0.981201	0.000000	0.000000
128	9500	348	0.015000	-1 	 173 	4031	0.246033	0.300110	0.246033	28.668500
128	9500	349	0.015000	-1 	 25 	12	0.000732	0.004578	0.000732	1.818119
128	9500	350	0.015000	-1 	 1 	16119	0.983826	0.983826	0.000000	0.000000
128	9500	351	0.015000	-1 	 1 	16167	0.986755	0.986755	0.000000	0.000000
128	9500	352	0.015000	-1 	 1 	15909	0.971008	0.971008	0.000000	0.000000
128	9500	353	0.015000	-1 	 1 	16146	0.985474	0.985474	0.000000	0.000000
128	9500	354	0.015000	-1 	 100 	8448	0.515625	0.547791	0.004944	5.614991
128	9500	355	0.015000	-1 	 39 	8	0.000488	0.007690	0.000488	1.192424
128	9500	356	0.015000	-1 	 1 	15956	0.973877	0.973877	0.000000	0.000000
128	9500	357	0.015000	-1 	 46 	12501	0.763000	0.775391	0.003784	4.955893
128	9500	358	0.015000	-1 	 1 	16084	0.981689	0.981689	0.000000	0.000000
128	9500	359	0.015000	-1 	 1 	16137	0.984924	0.984924	0.000000	0.000000
128	9500	360	0.015000	-1 	 167 	5463	0.333435	0.389648	0.333435	35.532308
128	9500	361	0.015000	-1 	 1 	16154	0.985962	0.985962	0.000000	0.000000
128	9500	362	0.015000	-1 	 1 	16146	0.985474	0.985474	0.000000	0.000000
128	9500	363	0.015000	-1 	 1 	16120	0.983887	0.983887	0.000000	0.000000
128	9500	364	0.015000	-1 	 1 	16113	0.983459	0.983459	0.000000	0.000000
128	9500	365	0.015000	-1 	 27 	8	0.000488	0.004639	0.000488	1.243734
128	9500	366	0.015000	-1 	 1 	16158	0.986206	0.986206	0.000000	0.000000
128	9500	367	0.015000	-1 	 1 	16124	0.984131	0.984131	0.000000	0.000000
128	9500	368	0.015000	-1 	 1 	16151	0.985779	0.985779	0.000000	0.000000
128	9500	369	0.015000	-1 	 10 	15163	0.925476	0.928528	0.001404	2.667454
128	9500	370	0.015000	-1 	 26 	14774	0.901733	0.905579	0.000549	2.048788
128	9500	371	0.015000	-1 	 1 	15895	0.970154	0.970154	0.000000	0.000000
128	9500	372	0.015000	-1 	 116 	2674	0.163208	0.198120	0.163208	24.225220
128	9500	373	0.015000	-1 	 1 	16146	0.985474	0.985474	0.000000	0.000000
128	9500	374	0.015000	-1 	 1 	16143	0.985291	0.985291	0.000000	0.000000
128	9500	375	0.015000	-1 	 1 	16146	0.985474	0.985474	0.000000	0.000000
128	9500	376	0.015000	-1 	 72 	16	0.000977	0.016052	0.000977	2.071948
128	9500	377	0.015000	-1 	 15 	15053	0.918762	0.920837	0.000427	1.142857
128	9500	378	0.015000	-1 	 27 	14404	0.879150	0.888000	0.001343	2.253556
128	9500	379	0.015000	-1 	 14 	9	0.000549	0.002808	0.000549	1.247219
128	9500	380	0.015000	-1 	 1 	16109	0.983215	0.983215	0.000000	0.000000
128	9500	381	0.015000	-1 	 1 	16161	0.986389	0.986389	0.000000	0.000000
128	9500	382	0.015000	-1 	 89 	10828	0.660889	0.681885	0.002197	3.323829
128	9500	383	0.015000	-1 	 46 	12135	0.740662	0.750610	0.001099	2.117680
128	9500	384	0.015000	-1 	 1 	16150	0.985718	0.985718	0.000000	0.000000
128	9500	385	0.015000	-1 	 71 	11883	0.725281	0.745544	0.002869	4.408622
128	9500	386	0.015000	-1 	 135 	7389	0.450989	0.490173	0.003357	3.706852
128	9500	387	0.015000	-1 	 1 	16136	0.984863	0.984863	0.000000	0.000000
128	9500	388	0.015000	-1 	 133 	4113	0.251038	0.291626	0.251038	29.462526
128	9500	389	0.015000	-1 	 1 	15932	0.972412	0.972412	0.000000	0.000000
128	9500	390	0.015000	-1 	 54 	11039	0.673767	0.684753	0.002258	3.025096
128	9500	391	0.015000	-1 	 129 	8897	0.543030	0.583130	0.003052	4.182822
128	9500	392	0.015000	-1 	 173 	3530	0.215454	0.261536	0.215454	27.098138
128	9500	393	0.015000	-1 	 143 	8505	0.519104	0.554993	0.003052	4.960323
128	9500	394	0.015000	-1 	 21 	14247	0.869568	0.873596	0.001343	2.256762
128	9500	395	0.015000	-1 	 10 	14	0.000854	0.002014	0.000854	1.814061
128	9500	396	0.015000	-1 	 158 	4791	0.292419	0.332581	0.292419	31.117529
128	9500	397	0.015000	-1 	 1 	16130	0.984497	0.984497	0.000000	0.000000
128	9500	398	0.015000	-1 	 162 	3468	0.211670	0.252991	0.211670	27.030134
128	9500	399	0.015000	-1 	 48 	12234	0.746704	0.757812	0.002136	2.878775
128	9500	400	0.015000	-1 	 1 	16153	0.985901	0.985901	0.000000	0.000000
128	9500	401	0.015000	-1 	 112 	10387	0.633972	0.663147	0.002502	3.884103
128	9500	402	0.015000	-1 	 11 	15353	0.937073	0.938721	0.000488	1.103970
128	9500	403	0.015000	-1 	 103 	8243	0.503113	0.532593	0.003784	4.263682
128	9500	404	0.015000	-1 	 48 	12713	0.775940	0.789368	0.002747	3.418179
128	9500	405	0.015000	-1 	 1 	16147	0.985535	0.985535	0.000000	0.000000
128	9500	406	0.015000	-1 	 1 	16144	0.985352	0.985352	0.000000	0.000000
128	9500	407	0.015000	-1 	 177 	4230	0.258179	0.309082	0.006287	6.231724
128	9500	408	0.015000	-1 	 1 	15776	0.962891	0.962891	0.000000	0.000000
128	9500	409	0.015000	-1 	 202 	4260	0.260010	0.316711	0.260010	30.598785
128	9500	410	0.015000	-1 	 22 	14612	0.891846	0.895569	0.000854	1.726149
128	9500	411	0.015000	-1 	 1 	16138	0.984985	0.984985	0.000000	0.000000
128	9500	412	0.015000	-1 	 186 	1960	0.119629	0.181763	0.119629	21.312178
128	9500	413	0.015000	-1 	 1 	16119	0.983826	0.983826	0.000000	0.000000
128	9500	414	0.015000	-1 	 30 	13673	0.834534	0.841492	0.001221	2.309762
128	9500	415	0.015000	-1 	 33 	13941	0.850891	0.855469	0.000549	1.196703
128	9500	416	0.015000	-1 	 61 	12385	0.755920	0.770203	0.001648	2.840526
128	9500	417	0.015000	-1 	 96 	6466	0.394653	0.416016	0.002563	3.081134
128	9500	418	0.015000	-1 	 228 	2993	0.182678	0.247192	0.182678	26.252803
128	9500	419	0.015000	-1 	 155 	1489	0.090881	0.145508	0.090881	19.705969
128	9500	420	0.015000	-1 	 1 	16159	0.986267	0.986267	0.000000	0.000000
128	9500	421	0.015000	-1 	 144 	8374	0.511108	0.557922	0.005859	5.173275
128	9500	422	0.015000	-1 	 1 	16135	0.984802	0.984802	0.000000	0.000000
128	9500	423	0.015000	-1 	 73 	11552	0.705078	0.720032	0.001282	2.233531
128	9500	424	0.015000	-1 	 1 	16117	0.983704	0.983704	0.000000	0.000000
128	9500	425	0.015000	-1 	 1 	16129	0.984436	0.984436	0.000000	0.000000
128	9500	426	0.015000	-1 	 86 	11450	0.698853	0.721191	0.001892	2.870424
128	9500	427	0.015000	-1 	 73 	11943	0.728943	0.750916	0.001892	4.157413
128	9500	428	0.015000	-1 	 2 	15831	0.966248	0.966553	0.000305	0.894427
128	9500	429	0.015000	-1 	 1 	16130	0.984497	0.984497	0.000000	0.000000
128	9500	430	0.015000	-1 	 1 	16157	0.986145	0.986145	0.000000	0.000000
128	9500	431	0.015000	-1 	 173 	1755	0.107117	0.157471	0.107117	21.512404
128	9500	432	0.015000	-1 	 1 	16146	0.985474	0.985474	0.000000	0.000000
128	9500	433	0.015000	-1 	 103 	8651	0.528015	0.567017	0.008179	6.604107
128	9500	434	0.015000	-1 	 1 	16109	0.983215	0.983215	0.000000	0.000000
128	9500	435	0.015000	-1 	 1 	16132	0.984619	0.984619	0.000000	0.000000
128	9500	436	0.015000	-1 	 4 	9	0.000549	0.001221	0.000549	1.706921
128	9500	437	0.015000	-1 	 112 	6916	0.422119	0.453003	0.002258	3.695100
128	9500	438	0.015000	-1 	 21 	14614	0.891968	0.895569	0.000732	1.800849
128	9500	439	0.015000	-1 	 28 	11	0.000671	0.005371	0.000671	1.991718
128	9500	440	0.015000	-1 	 1 	16143	0.985291	0.985291	0.000000	0.000000
128	9500	441	0.015000	-1 	 2 	15	0.000916	0.000977	0.000916	2.024297
128	9500	442	0.015000	-1 	 1 	16134	0.984741	0.984741	0.000000	0.000000
128	9500	443	0.015000	-1 	 1 	16144	0.985352	0.985352	0.000000	0.000000
128	9500	444	0.015000	-1 	 84 	10056	0.613770	0.637512	0.002747	3.613669
128	9500	445	0.015000	-1 	 1 	16144	0.985352	0.985352	0.000000	0.000000
128	9500	446	0.015000	-1 	 98 	11572	0.706299	0.732727	0.004028	5.206392
128	9500	447	0.015000	-1 	 1 	16156	0.986084	0.986084	0.000000	0.000000
128	9500	448	0.015000	-1 	 111 	10813	0.659973	0.684753	0.002258	3.086766
128	9500	449	0.015000	-1 	 200 	4508	0.275146	0.334167	0.275146	31.514819
128	9500	450	0.015000	-1 	 17 	9	0.000549	0.002625	0.000549	1.154701
128	9500	451	0.015000	-1 	 23 	13521	0.825256	0.829285	0.000854	2.309033
128	9500	452	0.015000	-1 	 106 	9450	0.576782	0.599365	0.001709	3.190409
128	9500	453	0.015000	-1 	 5 	10	0.000610	0.001404	0.000610	1.476482
128	9500	454	0.015000	-1 	 32 	13931	0.850281	0.857056	0.001099	2.261459
128	9500	455	0.015000	-1 	 0 	0	0.000000	0.000000	0.000000	0.000000
128	9500	456	0.015000	-1 	 54 	11227	0.685242	0.698547	0.001282	2.728866
128	9500	457	0.015000	-1 	 1 	16169	0.986877	0.986877	0.000000	0.000000
128	9500	458	0.015000	-1 	 1 	16116	0.983643	0.983643	0.000000	0.000000
128	9500	459	0.015000	-1 	 1 	16137	0.984924	0.984924	0.000000	0.000000
128	9500	460	0.015000	-1 	 1 	16148	0.985596	0.985596	0.000000	0.000000
128	9500	461	0.015000	-1 	 147 	3670	0.223999	0.263672	0.223999	29.320730
128	9500	462	0.015000	-1 	 12 	11	0.000671	0.001892	0.000671	1.691007
128	9500	463	0.015000	-1 	 1 	16138	0.984985	0.984985	0.000000	0.000000
128	9500	464	0.015000	-1 	 137 	2702	0.164917	0.219666	0.164917	26.048003
128	9500	465	0.015000	-1 	 1 	16109	0.983215	0.983215	0.000000	0.000000
128	9500	466	0.015000	-1 	 1 	16140	0.985107	0.985107	0.000000	0.000000
128	9500	467	0.015000	-1 	 55 	13	0.000793	0.010742	0.000793	1.830058
128	9500	468	0.015000	-1 	 1 	16138	0.984985	0.984985	0.000000	0.000000
128	9500	469	0.015000	-1 	 1 	16121	0.983948	0.983948	0.000000	0.000000
128	9500	470	0.015000	-1 	 133 	7375	0.450134	0.483093	0.001160	2.302594
128	9500	471	0.015000	-1 	 6 	15489	0.945374	0.945984	0.000366	1.166667
128	9500	472	0.015000	-1 	 44 	13522	0.825317	0.838440	0.002014	2.992491
128	9500	473	0.015000	-1 	 1 	16138	0.984985	0.984985	0.000000	0.000000
128	9500	474	0.015000	-1 	 1 	16142	0.985229	0.985229	0.000000	0.000000
128	9500	475	0.015000	-1 	 14 	14493	0.884583	0.887024	0.000549	1.369870
128	9500	476	0.015000	-1 	 149 	6509	0.397278	0.434509	0.001709	2.642616
128	9500	477	0.015000	-1 	 38 	13518	0.825073	0.837341	0.001709	2.858705
128	9500	478	0.015000	-1 	 135 	370	0.022583	0.085327	0.022583	10.517129
128	9500	479	0.015000	-1 	 1 	16131	0.984558	0.984558	0.000000	0.000000
128	9500	480	0.015000	-1 	 1 	16160	0.986328	0.986328	0.000000	0.000000
128	9500	481	0.015000	-1 	 1 	16136	0.984863	0.984863	0.000000	0.000000
128	9500	482	0.015000	-1 	 1 	16130	0.984497	0.984497	0.000000	0.000000
128	9500	483	0.015000	-1 	 1 	16113	0.983459	0.983459	0.000000	0.000000
128	9500	484	0.015000	-1 	 4 	12	0.000732	0.001770	0.000732	1.672905
128	9500	485	0.015000	-1 	 1 	16154	0.985962	0.985962	0.000000	0.000000
128	9500	486	0.015000	-1 	 105 	8085	0.493469	0.518677	0.001587	3.231227
128	9500	487	0.015000	-1 	 1 	16113	0.983459	0.983459	0.000000	0.000000
128	9500	488	0.015000	-1 	 42 	13767	0.840271	0.846497	0.000549	1.266862
128	9500	489	0.015000	-1 	 13 	14981	0.914368	0.916260	0.000427	1.228904
128	9500	490	0.015000	-1 	 31 	13862	0.846069	0.852295	0.000916	2.101851
128	9500	491	0.015000	-1 	 1 	16131	0.984558	0.984558	0.000000	0.000000
128	9500	492	0.015000	-1 	 18 	14707	0.897644	0.900574	0.000671	1.402477
128	9500	493	0.015000	-1 	 1 	16126	0.984253	0.984253	0.000000	0.000000
128	9500	494	0.015000	-1 	 53 	29	0.001770	0.014160	0.001770	3.418840
128	9500	495	0.015000	-1 	 106 	7343	0.448181	0.471558	0.002014	2.949841
128	9500	496	0.015000	-1 	 172 	4156	0.253662	0.300476	0.253662	29.542627
128	9500	497	0.015000	-1 	 74 	8949	0.546204	0.563660	0.001343	2.647703
128	9500	498	0.015000	-1 	 151 	6170	0.376587	0.409668	0.001404	2.843093
128	9500	499	0.015000	-1 	 1 	16140	0.985107	0.985107	0.000000	0.000000
128	9500	500	0.015000	-1 	 1 	16145	0.985413	0.985413	0.000000	0.000000
128	9500	501	0.015000	-1 	 23 	14696	0.896973	0.902832	0.001343	2.336381
128	9500	502	0.015000	-1 	 87 	11380	0.694580	0.722656	0.001526	3.117948
128	9500	503	0.015000	-1 	 21 	14233	0.868713	0.871643	0.000305	0.894427
128	9500	504	0.015000	-1 	 1 	16127	0.984314	0.984314	0.000000	0.000000
128	9500	505	0.015000	-1 	 75 	11967	0.730408	0.750977	0.002380	3.432451
128	9500	506	0.015000	-1 	 44 	13128	0.801270	0.816345	0.002136	3.924387
128	9500	507	0.015000	-1 	 1 	16107	0.983093	0.983093	0.000000	0.000000
128	9500	508	0.015000	-1 	 100 	7382	0.450562	0.483093	0.004211	4.609835
128	9500	509	0.015000	-1 	 101 	10026	0.611938	0.632568	0.001404	2.231413
128	9500	510	0.015000	-1 	 166 	3124	0.190674	0.237488	0.190674	25.806649
128	9500	511	0.015000	-1 	 169 	5005	0.305481	0.353333	0.305481	31.853485
128	9500	512	0.015000	-1 	 1 	16157	0.986145	0.986145	0.000000	0.000000
128	9500	513	0.015000	-1 	 227 	4122	0.251587	0.318054	0.251587	29.902254
128	9500	514	0.015000	-1 	 121 	108	0.006592	0.040649	0.006592	8.228846
128	9500	515	0.015000	-1 	 1 	16171	0.987000	0.987000	0.000000	0.000000
128	9500	516	0.015000	-1 	 1 	16118	0.983765	0.983765	0.000000	0.000000
128	9500	517	0.015000	-1 	 148 	2237	0.136536	0.183350	0.136536	22.955028
128	9500	518	0.015000	-1 	 1 	16133	0.984680	0.984680	0.000000	0.000000
128	9500	519	0.015000	-1 	 99 	8615	0.525818	0.553650	0.002380	3.907544
128	9500	520	0.015000	-1 	 130 	7693	0.469543	0.510071	0.002502	6.193512
128	9500	521	0.015000	-1 	 2 	4	0.000244	0.000366	0.000244	0.935414
128	9500	522	0.015000	-1 	 1 	16136	0.984863	0.984863	0.000000	0.000000
128	9500	523	0.015000	-1 	 138 	2835	0.173035	0.221741	0.173035	24.485778
128	9500	524	0.015000	-1 	 123 	7646	0.466675	0.498718	0.003662	4.997638
128	9500	525	0.015000	-1 	 2 	15786	0.963501	0.963562	0.000061	0.000000
128	9500	526	0.015000	-1 	 59 	12995	0.793152	0.807068	0.001953	2.793337
128	9500	527	0.015000	-1 	 1 	16161	0.986389	0.986389	0.000000	0.000000
128	9500	528	0.015000	-1 	 1 	16129	0.984436	0.984436	0.000000	0.000000
128	9500	529	0.015000	-1 	 4 	15523	0.947449	0.948364	0.000732	1.497683
128	9500	530	0.015000	-1 	 159 	1383	0.084412	0.132080	0.084412	18.993143
128	9500	531	0.015000	-1 	 1 	16127	0.984314	0.984314	0.000000	0.000000
128	9500	532	0.015000	-1 	 21 	18	0.001099	0.005798	0.001099	2.399203
128	9500	533	0.015000	-1 	 88 	7193	0.439026	0.458679	0.001587	3.245616
128	9500	534	0.015000	-1 	 158 	30	0.001831	0.032532	0.001831	2.632278
128	9500	535	0.015000	-1 	 148 	3228	0.197021	0.232361	0.197021	27.309424
128	9500	536	0.015000	-1 	 1 	16142	0.985229	0.985229	0.000000	0.000000
128	9500	537	0.015000	-1 	 1 	16104	0.982910	0.982910	0.000000	0.000000
128	9500	538	0.015000	-1 	 1 	16143	0.985291	0.985291	0.000000	0.000000
128	9500	539	0.015000	-1 	 229 	1212	0.073975	0.145874	0.073975	18.732031
128	9500	540	0.015000	-1 	 4 	10	0.000610	0.001343	0.000610	1.732051
128	9500	541	0.015000	-1 	 1 	16143	0.985291	0.985291	0.000000	0.000000
128	9500	542	0.015000	-1 	 8 	15279	0.932556	0.933838	0.000488	0.829156
128	9500	543	0.015000	-1 	 5 	15746	0.961060	0.961426	0.000122	0.500000
128	9500	544	0.015000	-1 	 86 	10170	0.620728	0.643005	0.002625	3.764282
128	9500	545	0.015000	-1 	 68 	12395	0.756531	0.771240	0.001282	2.445784
128	9500	546	0.015000	-1 	 1 	16117	0.983704	0.983704	0.000000	0.000000
128	9500	547	0.015000	-1 	 97 	10211	0.623230	0.652100	0.005066	5.769009
128	9500	548	0.015000	-1 	 168 	5147	0.314148	0.367615	0.314148	32.444426
128	9500	549	0.015000	-1 	 99 	10539	0.643250	0.669495	0.002625	3.194946
128	9500	550	0.015000	-1 	 91 	9669	0.590149	0.615662	0.002502	3.048293
128	9500	551	0.015000	-1 	 43 	13243	0.808289	0.823181	0.002930	3.473986
128	9500	552	0.015000	-1 	 1 	16121	0.983948	0.983948	0.000000	0.000000
128	9500	553	0.015000	-1 	 186 	5622	0.343140	0.389221	0.343140	33.222661
128	9500	554	0.015000	-1 	 1 	16140	0.985107	0.985107	0.000000	0.000000
128	9500	555	0.015000	-1 	 175 	4487	0.273865	0.322632	0.273865	30.175343
128	9500	556	0.015000	-1 	 45 	13975	0.852966	0.864990	0.002014	3.529750
128	9500	557	0.015000	-1 	 1 	16141	0.985168	0.985168	0.000000	0.000000
128	9500	558	0.015000	-1 	 91 	8885	0.542297	0.564880	0.001160	1.977715
128	9500	559	0.015000	-1 	 1 	16139	0.985046	0.985046	0.000000	0.000000
128	9500	560	0.015000	-1 	 106 	46	0.002808	0.034607	0.002808	4.068297
128	9500	561	0.015000	-1 	 1 	16127	0.984314	0.984314	0.000000	0.000000
128	9500	562	0.015000	-1 	 1 	16147	0.985535	0.985535	0.000000	0.000000
128	9500	563	0.015000	-1 	 1 	16133	0.984680	0.984680	0.000000	0.000000
128	9500	564	0.015000	-1 	 1 	16139	0.985046	0.985046	0.000000	0.000000
128	9500	565	0.015000	-1 	 1 	16117	0.983704	0.983704	0.000000	0.000000
128	9500	566	0.015000	-1 	 1 	15723	0.959656	0.959656	0.000000	0.000000
128	9500	567	0.015000	-1 	 163 	4553	0.277893	0.324097	0.277893	32.176778
128	9500	568	0.015000	-1 	 1 	16134	0.984741	0.984741	0.000000	0.000000
128	9500	569	0.015000	-1 	 116 	9604	0.586182	0.623352	0.003723	4.504708
128	9500	570	0.015000	-1 	 4 	15539	0.948425	0.948853	0.000305	1.019804
128	9500	571	0.015000	-1 	 1 	16116	0.983643	0.983643	0.000000	0.000000
128	9500	572	0.015000	-1 	 86 	10834	0.661255	0.688354	0.002563	3.601225
128	9500	573	0.015000	-1 	 1 	16151	0.985779	0.985779	0.000000	0.000000
128	9500	574	0.015000	-1 	 1 	16155	0.986023	0.986023	0.000000	0.000000
128	9500	575	0.015000	-1 	 168 	1804	0.110107	0.165710	0.110107	21.103727
128	9500	576	0.015000	-1 	 174 	1829	0.111633	0.171204	0.111633	21.204187
128	9500	577	0.015000	-1 	 90 	7931	0.484070	0.506958	0.001282	2.221315
128	9500	578	0.015000	-1 	 1 	16141	0.985168	0.985168	0.000000	0.000000
128	9500	579	0.015000	-1 	 1 	16141	0.985168	0.985168	0.000000	0.000000
128	9500	580	0.015000	-1 	 95 	9892	0.603760	0.631470	0.002319	3.860895
128	9500	581	0.015000	-1 	 140 	10354	0.631958	0.666748	0.002319	3.455294
128	9500	582	0.015000	-1 	 1 	16127	0.984314	0.984314	0.000000	0.000000
128	9500	583	0.015000	-1 	 1 	16156	0.986084	0.986084	0.000000	0.000000
128	9500	584	0.015000	-1 	 1 	16165	0.986633	0.986633	0.000000	0.000000
128	9500	585	0.015000	-1 	 5 	15355	0.937195	0.937988	0.000366	1.067187
128	9500	586	0.015000	-1 	 120 	7365	0.449524	0.482361	0.002747	3.881580
128	9500	587	0.015000	-1 	 1 	16162	0.986450	0.986450	0.000000	0.000000
128	9500	588	0.015000	-1 	 1 	16154	0.985962	0.985962	0.000000	0.000000
128	9500	589	0.015000	-1 	 34 	13670	0.834351	0.842041	0.001221	2.037155
128	9500	590	0.015000	-1 	 1 	16127	0.984314	0.984314	0.000000	0.000000
128	9500	591	0.015000	-1 	 1 	15993	0.976135	0.976135	0.000000	0.000000
128	9500	592	0.015000	-1 	 1 	16125	0.984192	0.984192	0.000000	0.000000
128	9500	593	0.015000	-1 	 99 	8735	0.533142	0.558594	0.002502	2.912975
128	9500	594	0.015000	-1 	 82 	11539	0.704285	0.734985	0.003113	3.585395
128	9500	595	0.015000	-1 	 54 	12707	0.775574	0.787476	0.003418	3.559086
128	9500	596	0.015000	-1 	 156 	5379	0.328308	0.379395	0.328308	32.532289
128	9500	597	0.015000	-1 	 151 	4077	0.248840	0.299805	0.248840	29.214501
128	9500	598	0.015000	-1 	 49 	16	0.000977	0.007996	0.000977	2.175862
128	9500	599	0.015000	-1 	 1 	16115	0.983582	0.983582	0.000000	0.000000
128	9500	600	0.015000	-1 	 1 	16138	0.984985	0.984985	0.000000	0.000000
128	9500	601	0.015000	-1 	 1 	16152	0.985840	0.985840	0.000000	0.000000
128	9500	602	0.015000	-1 	 1 	16139	0.985046	0.985046	0.000000	0.000000
128	9500	603	0.015000	-1 	 103 	19	0.001160	0.023804	0.001160	2.285690
128	9500	604	0.015000	-1 	 1 	16133	0.984680	0.984680	0.000000	0.000000
128	9500	605	0.015000	-1 	 106 	24	0.001465	0.023193	0.001465	2.521436
128	9500	606	0.015000	-1 	 1 	16130	0.984497	0.984497	0.000000	0.000000
128	9500	607	0.015000	-1 	 160 	5998	0.366089	0.417542	0.366089	34.315901
128	9500	608	0.015000	-1 	 1 	16043	0.979187	0.979187	0.000000	0.000000
128	9500	609	0.015000	-1 	 1 	16159	0.986267	0.986267	0.000000	0.000000
128	9500	610	0.015000	-1 	 155 	6315	0.385437	0.427429	0.005066	6.238009
128	9500	611	0.015000	-1 	 38 	13849	0.845276	0.850769	0.000549	1.431567
128	9500	612	0.015000	-1 	 1 	16129	0.984436	0.984436	0.000000	0.000000
128	9500	613	0.015000	-1 	 8 	15272	0.932129	0.932922	0.000427	1.340119
128	9500	614	0.015000	-1 	 1 	16092	0.982178	0.982178	0.000000	0.000000
128	9500	615	0.015000	-1 	 1 	16157	0.986145	0.986145	0.000000	0.000000
128	9500	616	0.015000	-1 	 13 	15277	0.932434	0.935791	0.000732	1.800849
128	9500	617	0.015000	-1 	 1 	16081	0.981506	0.981506	0.000000	0.000000
128	9500	618	0.015000	-1 	 12 	15201	0.927795	0.931335	0.001160	1.939529
128	9500	619	0.015000	-1 	 1 	16117	0.983704	0.983704	0.000000	0.000000
128	9500	620	0.015000	-1 	 28 	13931	0.850281	0.858582	0.001648	3.374235
128	9500	621	0.015000	-1 	 22 	14421	0.880188	0.885071	0.001892	2.921448
128	9500	622	0.015000	-1 	 1 	16147	0.985535	0.985535	0.000000	0.000000
128	9500	623	0.015000	-1 	 1 	16129	0.984436	0.984436	0.000000	0.000000
128	9500	624	0.015000	-1 	 1 	16115	0.983582	0.983582	0.000000	0.000000
128	9500	625	0.015000	-1 	 127 	5590	0.341187	0.376953	0.003784	5.214768
128	9500	626	0.015000	-1 	 162 	1562	0.095337	0.147034	0.095337	19.710046
128	9500	627	0.015000	-1 	 1 	16097	0.982483	0.982483	0.000000	0.000000
128	9500	628	0.015000	-1 	 1 	16118	0.983765	0.983765	0.000000	0.000000
128	9500	629	0.015000	-1 	 1 	16139	0.985046	0.985046	0.000000	0.000000
128	9500	630	0.015000	-1 	 85 	9808	0.598633	0.626526	0.003296	4.025723
128	9500	631	0.015000	-1 	 117 	9978	0.609009	0.635864	0.001892	3.307671
128	9500	632	0.015000	-1 	 149 	5136	0.313477	0.353210	0.313477	32.263018
128	9500	633	0.015000	-1 	 8 	15048	0.918457	0.919678	0.000793	1.609881
128	9500	634	0.015000	-1 	 23 	14	0.000854	0.005371	0.000854	2.140475
128	9500	635	0.015000	-1 	 1 	16149	0.985657	0.985657	0.000000	0.000000
128	9500	636	0.015000	-1 	 109 	10315	0.629578	0.660767	0.003357	3.828989
128	9500	637	0.015000	-1 	 101 	10511	0.641541	0.664124	0.001953	2.863428
128	9500	638	0.015000	-1 	 1 	16135	0.984802	0.984802	0.000000	0.000000
128	9500	639	0.015000	-1 	 1 	16143	0.985291	0.985291	0.000000	0.000000
128	9500	640	0.015000	-1 	 17 	10	0.000610	0.002686	0.000610	1.549193
128	9500	641	0.015000	-1 	 40 	12846	0.784058	0.790649	0.000854	1.779991
128	9500	642	0.015000	-1 	 1 	16166	0.986694	0.986694	0.000000	0.000000
128	9500	643	0.015000	-1 	 139 	9110	0.556030	0.595520	0.002747	4.211683
128	9500	644	0.015000	-1 	 69 	10308	0.629150	0.652588	0.003296	3.962314
128	9500	645	0.015000	-1 	 56 	23	0.001404	0.013428	0.001404	2.432452
128	9500	646	0.015000	-1 	 116 	9812	0.598877	0.629517	0.002808	3.935983
128	9500	647	0.015000	-1 	 198 	4302	0.262573	0.317139	0.262573	29.638287
128	9500	648	0.015000	-1 	 2 	16135	0.984802	0.984863	0.000061	0.000000
128	9500	649	0.015000	-1 	 1 	15760	0.961914	0.961914	0.000000	0.000000
128	9500	650	0.015000	-1 	 1 	16151	0.985779	0.985779	0.000000	0.000000
128	9500	651	0.015000	-1 	 1 	16128	0.984375	0.984375	0.000000	0.000000
128	9500	652	0.015000	-1 	 1 	16159	0.986267	0.986267	0.000000	0.000000
128	9500	653	0.015000	-1 	 1 	16113	0.983459	0.983459	0.000000	0.000000
128	9500	654	0.015000	-1 	 104 	2300	0.140381	0.170593	0.140381	23.094270
128	9500	655	0.015000	-1 	 157 	3251	0.198425	0.241211	0.198425	26.936483
128	9500	656	0.015000	-1 	 49 	15	0.000916	0.010254	0.000916	1.842703
128	9500	657	0.015000	-1 	 110 	10300	0.628662	0.651855	0.001404	2.214405
128	9500	658	0.015000	-1 	 1 	16125	0.984192	0.984192	0.000000	0.000000
128	9500	659	0.015000	-1 	 109 	466	0.028442	0.064270	0.028442	13.128326
128	9500	660	0.015000	-1 	 94 	9393	0.573303	0.600769	0.003784	4.617215
128	9500	661	0.015000	-1 	 161 	457	0.027893	0.095154	0.027893	11.691348
128	9500	662	0.015000	-1 	 111 	8499	0.518738	0.542969	0.002441	3.075305
128	9500	663	0.015000	-1 	 69 	16	0.000977	0.016479	0.000977	2.207940
128	9500	664	0.015000	-1 	 1 	16138	0.984985	0.984985	0.000000	0.000000
128	9500	665	0.015000	-1 	 169 	4598	0.280640	0.327942	0.280640	31.161224
128	9500	666	0.015000	-1 	 103 	9151	0.558533	0.582336	0.002136	4.717142
128	9500	667	0.015000	-1 	 1 	16139	0.985046	0.985046	0.000000	0.000000
128	9500	668	0.015000	-1 	 17 	5	0.000305	0.002258	0.000305	0.894427
128	9500	669	0.015000	-1 	 101 	9462	0.577515	0.605774	0.005615	6.470560
128	9500	670	0.015000	-1 	 157 	611	0.037292	0.074402	0.037292	14.724468
128	9500	671	0.015000	-1 	 124 	5900	0.360107	0.391846	0.002075	4.298547
128	9500	672	0.015000	-1 	 113 	8732	0.532959	0.563538	0.002075	3.009501
128	9500	673	0.015000	-1 	 1 	16140	0.985107	0.985107	0.000000	0.000000
128	9500	674	0.015000	-1 	 30 	12	0.000732	0.005066	0.000732	1.721998
128	9500	675	0.015000	-1 	 119 	7626	0.465454	0.504150	0.003357	4.700343
128	9500	676	0.015000	-1 	 104 	9151	0.558533	0.583496	0.002502	4.385931
128	9500	677	0.015000	-1 	 1 	16102	0.982788	0.982788	0.000000	0.000000
128	9500	678	0.015000	-1 	 164 	6300	0.384521	0.429749	0.384521	35.363431
128	9500	679	0.015000	-1 	 1 	16117	0.983704	0.983704	0.000000	0.000000
128	9500	680	0.015000	-1 	 146 	1626	0.099243	0.147644	0.099243	19.787048
128	9500	681	0.015000	-1 	 1 	16118	0.983765	0.983765	0.000000	0.000000
128	9500	682	0.015000	-1 	 1 	16126	0.984253	0.984253	0.000000	0.000000
128	9500	683	0.015000	-1 	 66 	12242	0.747192	0.765015	0.001526	2.814818
128	9500	684	0.015000	-1 	 1 	16128	0.984375	0.984375	0.000000	0.000000
128	9500	685	0.015000	-1 	 1 	16143	0.985291	0.985291	0.000000	0.000000
128	9500	686	0.015000	-1 	 1 	16156	0.986084	0.986084	0.000000	0.000000
128	9500	687	0.015000	-1 	 162 	3175	0.193787	0.249023	0.193787	26.124628
128	9500	688	0.015000	-1 	 1 	16151	0.985779	0.985779	0.000000	0.000000
128	9500	689	0.015000	-1 	 1 	16122	0.984009	0.984009	0.000000	0.000000
128	9500	690	0.015000	-1 	 25 	13	0.000793	0.005066	0.000793	1.709701
128	9500	691	0.015000	-1 	 1 	16156	0.986084	0.986084	0.000000	0.000000
128	9500	692	0.015000	-1 	 1 	16144	0.985352	0.985352	0.000000	0.000000
128	9500	693	0.015000	-1 	 18 	21	0.001282	0.004211	0.001282	2.355098
128	9500	694	0.015000	-1 	 15 	15	0.000916	0.003784	0.000916	1.763834
128	9500	695	0.015000	-1 	 1 	16148	0.985596	0.985596	0.000000	0.000000
128	9500	696	0.015000	-1 	 169 	593	0.036194	0.095886	0.036194	13.806152
128	9500	697	0.015000	-1 	 85 	18	0.001099	0.018494	0.001099	2.504317
128	9500	698	0.015000	-1 	 17 	14461	0.882629	0.887024	0.001038	1.968612
128	9500	699	0.015000	-1 	 1 	16116	0.983643	0.983643	0.000000	0.000000
128	9500	700	0.015000	-1 	 131 	8202	0.500610	0.533630	0.001953	3.493157
128	9500	701	0.015000	-1 	 1 	16140	0.985107	0.985107	0.000000	0.000000
128	9500	702	0.015000	-1 	 1 	16152	0.985840	0.985840	0.000000	0.000000
128	9500	703	0.015000	-1 	 1 	16139	0.985046	0.985046	0.000000	0.000000
128	9500	704	0.015000	-1 	 69 	12191	0.744080	0.762817	0.002136	3.215016
128	9500	705	0.015000	-1 	 1 	16132	0.984619	0.984619	0.000000	0.000000
128	9500	706	0.015000	-1 	 1 	16150	0.985718	0.985718	0.000000	0.000000
128	9500	707	0.015000	-1 	 142 	1005	0.061340	0.106201	0.061340	16.534894
128	9500	708	0.015000	-1 	 1 	16133	0.984680	0.984680	0.000000	0.000000
128	9500	709	0.015000	-1 	 1 	16116	0.983643	0.983643	0.000000	0.000000
128	9500	710	0.015000	-1 	 116 	102	0.006226	0.043823	0.006226	6.579534
128	9500	711	0.015000	-1 	 83 	10230	0.624390	0.646057	0.002197	4.046604
128	9500	712	0.015000	-1 	 184 	5531	0.337585	0.383728	0.337585	35.162558
128	9500	713	0.015000	-1 	 162 	5877	0.358704	0.407837	0.002502	3.628986
128	9500	714	0.015000	-1 	 1 	16140	0.985107	0.985107	0.000000	0.000000
128	9500	715	0.015000	-1 	 1 	16143	0.985291	0.985291	0.000000	0.000000
128	9500	716	0.015000	-1 	 1 	16137	0.984924	0.984924	0.000000	0.000000
128	9500	717	0.015000	-1 	 1 	16135	0.984802	0.984802	0.000000	0.000000
128	9500	718	0.015000	-1 	 168 	6065	0.370178	0.431213	0.370178	34.306905
128	9500	719	0.015000	-1 	 1 	15925	0.971985	0.971985	0.000000	0.000000
128	9500	720	0.015000	-1 	 1 	16129	0.984436	0.984436	0.000000	0.000000
128	9500	721	0.015000	-1 	 45 	12477	0.761536	0.768616	0.000854	1.836423
128	9500	722	0.015000	-1 	 107 	313	0.019104	0.059875	0.019104	11.601792
128	9500	723	0.015000	-1 	 62 	12558	0.766479	0.779785	0.001648	2.444444
128	9500	724	0.015000	-1 	 1 	16159	0.986267	0.986267	0.000000	0.000000
128	9500	725	0.015000	-1 	 7 	10	0.000610	0.001099	0.000610	1.489966
128	9500	726	0.015000	-1 	 25 	14533	0.887024	0.890808	0.000488	1.536026
128	9500	727	0.015000	-1 	 35 	13756	0.839600	0.847290	0.001465	2.502429
128	9500	728	0.015000	-1 	 1 	16130	0.984497	0.984497	0.000000	0.000000
128	9500	729	0.015000	-1 	 44 	13720	0.837402	0.848938	0.001343	2.415942
128	9500	730	0.015000	-1 	 1 	16144	0.985352	0.985352	0.000000	0.000000
128	9500	731	0.015000	-1 	 81 	7945	0.484924	0.510315	0.002991	4.101381
128	9500	732	0.015000	-1 	 194 	1000	0.061035	0.126160	0.061035	17.879196
128	9500	733	0.015000	-1 	 74 	12504	0.763184	0.781067	0.001526	2.950254
128	9500	734	0.015000	-1 	 18 	9	0.000549	0.003357	0.000549	1.396645
128	9500	735	0.015000	-1 	 34 	13	0.000793	0.006653	0.000793	2.250575
128	9500	736	0.015000	-1 	 1 	16139	0.985046	0.985046	0.000000	0.000000
128	9500	737	0.015000	-1 	 1 	16125	0.984192	0.984192	0.000000	0.000000
128	9500	738	0.015000	-1 	 1 	16140	0.985107	0.985107	0.000000	0.000000
128	9500	739	0.015000	-1 	 1 	16113	0.983459	0.983459	0.000000	0.000000
128	9500	740	0.015000	-1 	 1 	16149	0.985657	0.985657	0.000000	0.000000
128	9500	741	0.015000	-1 	 130 	77	0.004700	0.057129	0.004700	4.832460
128	9500	742	0.015000	-1 	 1 	16125	0.984192	0.984192	0.000000	0.000000
128	9500	743	0.015000	-1 	 1 	16152	0.985840	0.985840	0.000000	0.000000
128	9500	744	0.015000	-1 	 1 	16146	0.985474	0.985474	0.000000	0.000000
128	9500	745	0.015000	-1 	 1 	16107	0.983093	0.983093	0.000000	0.000000
128	9500	746	0.015000	-1 	 1 	16173	0.987122	0.987122	0.000000	0.000000
128	9500	747	0.015000	-1 	 1 	16131	0.984558	0.984558	0.000000	0.000000
128	9500	748	0.015000	-1 	 1 	16136	0.984863	0.984863	0.000000	0.000000
128	9500	749	0.015000	-1 	 1 	16132	0.984619	0.984619	0.000000	0.000000
128	9500	750	0.015000	-1 	 8 	6	0.000366	0.001404	0.000366	1.080123
128	9500	751	0.015000	-1 	 202 	82	0.005005	0.054260	0.005005	5.600363
128	9500	752	0.015000	-1 	 1 	16110	0.983276	0.983276	0.000000	0.000000
128	9500	753	0.015000	-1 	 49 	12467	0.760925	0.772278	0.001709	2.824591
128	9500	754	0.015000	-1 	 33 	13685	0.835266	0.841187	0.000610	1.513275
128	9500	755	0.015000	-1 	 28 	14072	0.858887	0.864990	0.000977	2.600331
128	9500	756	0.015000	-1 	 1 	16128	0.984375	0.984375	0.000000	0.000000
128	9500	757	0.015000	-1 	 115 	11065	0.675354	0.706177	0.003845	4.318394
128	9500	758	0.015000	-1 	 1 	16142	0.985229	0.985229	0.000000	0.000000
128	9500	759	0.015000	-1 	 1 	16129	0.984436	0.984436	0.000000	0.000000
128	9500	760	0.015000	-1 	 1 	16039	0.978943	0.978943	0.000000	0.000000
128	9500	761	0.015000	-1 	 1 	16129	0.984436	0.984436	0.000000	0.000000
128	9500	762	0.015000	-1 	 1 	16166	0.986694	0.986694	0.000000	0.000000
128	9500	763	0.015000	-1 	 9 	10	0.000610	0.001770	0.000610	1.389244
128	9500	764	0.015000	-1 	 1 	16143	0.985291	0.985291	0.000000	0.000000
128	9500	765	0.015000	-1 	 2 	15708	0.958740	0.958801	0.000061	0.000000
128	9500	766	0.015000	-1 	 1 	16124	0.984131	0.984131	0.000000	0.000000
128	9500	767	0.015000	-1 	 114 	10004	0.610596	0.641479	0.002686	4.116523
128	9500	768	0.015000	-1 	 1 	16116	0.983643	0.983643	0.000000	0.000000
128	9500	769	0.015000	-1 	 62 	12895	0.787048	0.801636	0.002808	3.386842
128	9500	770	0.015000	-1 	 109 	9986	0.609497	0.637634	0.002686	4.934698
128	9500	771	0.015000	-1 	 1 	16129	0.984436	0.984436	0.000000	0.000000
128	9500	772	0.015000	-1 	 1 	16131	0.984558	0.984558	0.000000	0.000000
128	9500	773	0.015000	-1 	 1 	16135	0.984802	0.984802	0.000000	0.000000
128	9500	774	0.015000	-1 	 93 	105	0.006409	0.032288	0.006409	6.357612
128	9500	775	0.015000	-1 	 1 	16117	0.983704	0.983704	0.000000	0.000000
128	9500	776	0.015000	-1 	 183 	4535	0.276794	0.334229	0.276794	30.541070
128	9500	777	0.015000	-1 	 102 	10701	0.653137	0.676025	0.002014	3.234343
128	9500	778	0.015000	-1 	 1 	16146	0.985474	0.985474	0.000000	0.000000
128	9500	779	0.015000	-1 	 1 	16137	0.984924	0.984924	0.000000	0.000000
128	9500	780	0.015000	-1 	 114 	19	0.001160	0.026062	0.001160	2.482069
128	9500	781	0.015000	-1 	 1 	16119	0.983826	0.983826	0.000000	0.000000
128	9500	782	0.015000	-1 	 39 	12684	0.774170	0.782959	0.001343	2.442733
128	9500	783	0.015000	-1 	 17 	14866	0.907349	0.912537	0.001160	2.262546
128	9500	784	0.015000	-1 	 1 	16146	0.985474	0.985474	0.000000	0.000000
128	9500	785	0.015000	-1 	 36 	13355	0.815125	0.825928	0.001892	3.516573
128	9500	786	0.015000	-1 	 143 	3677	0.224426	0.267639	0.224426	28.098690
128	9500	787	0.015000	-1 	 1 	16137	0.984924	0.984924	0.000000	0.000000
128	9500	788	0.015000	-1 	 1 	16118	0.983765	0.983765	0.000000	0.000000
128	9500	789	0.015000	-1 	 1 	16137	0.984924	0.984924	0.000000	0.000000
128	9500	790	0.015000	-1 	 1 	16138	0.984985	0.984985	0.000000	0.000000
128	9500	791	0.015000	-1 	 82 	22	0.001343	0.016724	0.001343	3.200271
128	9500	792	0.015000	-1 	 119 	2293	0.139954	0.186829	0.139954	22.488918
128	9500	793	0.015000	-1 	 16 	12	0.000732	0.003235	0.000732	1.970265
128	9500	794	0.015000	-1 	 37 	12997	0.793274	0.797974	0.000488	1.243734
128	9500	795	0.015000	-1 	 138 	1769	0.107971	0.142334	0.107971	20.794063
128	9500	796	0.015000	-1 	 46 	12525	0.764465	0.772644	0.001282	2.834834
128	9500	797	0.015000	-1 	 1 	15889	0.969788	0.969788	0.000000	0.000000
128	9500	798	0.015000	-1 	 1 	16159	0.986267	0.986267	0.000000	0.000000
128	9500	799	0.015000	-1 	 189 	3342	0.203979	0.260437	0.203979	27.902069
128	9500	800	0.015000	-1 	 101 	9826	0.599731	0.624329	0.001770	3.915881
128	9500	801	0.015000	-1 	 121 	7387	0.450867	0.486206	0.004150	5.338924
128	9500	802	0.015000	-1 	 145 	6916	0.422119	0.468262	0.422119	36.551293
128	9500	803	0.015000	-1 	 1 	16117	0.983704	0.983704	0.000000	0.000000
128	9500	804	0.015000	-1 	 1 	16118	0.983765	0.983765	0.000000	0.000000
128	9500	805	0.015000	-1 	 1 	16159	0.986267	0.986267	0.000000	0.000000
128	9500	806	0.015000	-1 	 1 	16123	0.984070	0.984070	0.000000	0.000000
128	9500	807	0.015000	-1 	 108 	27	0.001648	0.026245	0.001648	3.001600
128	9500	808	0.015000	-1 	 1 	16149	0.985657	0.985657	0.000000	0.000000
128	9500	809	0.015000	-1 	 1 	16080	0.981445	0.981445	0.000000	0.000000
128	9500	810	0.015000	-1 	 108 	9813	0.598938	0.621216	0.002075	3.386826
128	9500	811	0.015000	-1 	 1 	16143	0.985291	0.985291	0.000000	0.000000
128	9500	812	0.015000	-1 	 31 	13567	0.828064	0.837830	0.001770	2.740891
128	9500	813	0.015000	-1 	 39 	18	0.001099	0.006409	0.001099	2.245022
128	9500	814	0.015000	-1 	 1 	16013	0.977356	0.977356	0.000000	0.000000
128	9500	815	0.015000	-1 	 1 	16136	0.984863	0.984863	0.000000	0.000000
128	9500	816	0.015000	-1 	 45 	13154	0.802856	0.815002	0.002991	3.998334
128	9500	817	0.015000	-1 	 130 	2738	0.167114	0.212952	0.167114	25.036471
128	9500	818	0.015000	-1 	 1 	16188	0.988037	0.988037	0.000000	0.000000
128	9500	819	0.015000	-1 	 10 	15071	0.919861	0.922119	0.000732	1.639360
128	9500	820	0.015000	-1 	 55 	11489	0.701233	0.709900	0.000732	1.775606
128	9500	821	0.015000	-1 	 1 	16159	0.986267	0.986267	0.000000	0.000000
128	9500	822	0.015000	-1 	 103 	8890	0.542603	0.574341	0.002197	3.235485
128	9500	823	0.015000	-1 	 74 	55	0.003357	0.020752	0.003357	4.187743
128	9500	824	0.015000	-1 	 1 	16139	0.985046	0.985046	0.000000	0.000000
128	9500	825	0.015000	-1 	 16 	15323	0.935242	0.938293	0.001099	2.238827
128	9500	826	0.015000	-1 	 1 	16104	0.982910	0.982910	0.000000	0.000000
128	9500	827	0.015000	-1 	 1 	16149	0.985657	0.985657	0.000000	0.000000
128	9500	828	0.015000	-1 	 1 	16167	0.986755	0.986755	0.000000	0.000000
128	9500	829	0.015000	-1 	 61 	11855	0.723572	0.742249	0.001953	3.285265
128	9500	830	0.015000	-1 	 209 	140	0.008545	0.070618	0.008545	8.205884
128	9500	831	0.015000	-1 	 1 	16140	0.985107	0.985107	0.000000	0.000000
128	9500	832	0.015000	-1 	 1 	16124	0.984131	0.984131	0.000000	0.000000
128	9500	833	0.015000	-1 	 1 	16150	0.985718	0.985718	0.000000	0.000000
128	9500	834	0.015000	-1 	 128 	1914	0.116821	0.152649	0.116821	21.537944
128	9500	835	0.015000	-1 	 1 	16087	0.981873	0.981873	0.000000	0.000000
128	9500	836	0.015000	-1 	 18 	12	0.000732	0.004150	0.000732	1.598611
128	9500	837	0.015000	-1 	 127 	8413	0.513489	0.544678	0.002258	3.345680
128	9500	838	0.015000	-1 	 1 	16119	0.983826	0.983826	0.000000	0.000000
128	9500	839	0.015000	-1 	 1 	16137	0.984924	0.984924	0.000000	0.000000
128	9500	840	0.015000	-1 	 96 	11202	0.683716	0.712463	0.003174	3.749447
128	9500	841	0.015000	-1 	 1 	16143	0.985291	0.985291	0.000000	0.000000
128	9500	842	0.015000	-1 	 1 	16114	0.983521	0.983521	0.000000	0.000000
128	9500	843	0.015000	-1 	 2 	16068	0.980713	0.980774	0.000061	0.000000
128	9500	844	0.015000	-1 	 1 	16146	0.985474	0.985474	0.000000	0.000000
128	9500	845	0.015000	-1 	 1 	16108	0.983154	0.983154	0.000000	0.000000
128	9500	846	0.015000	-1 	 21 	14762	0.901001	0.906555	0.001282	2.385710
128	9500	847	0.015000	-1 	 1 	16144	0.985352	0.985352	0.000000	0.000000
128	9500	848	0.015000	-1 	 17 	9	0.000549	0.003235	0.000549	1.422916
128	9500	849	0.015000	-1 	 1 	16146	0.985474	0.985474	0.000000	0.000000
128	9500	850	0.015000	-1 	 1 	16133	0.984680	0.984680	0.000000	0.000000
128	9500	851	0.015000	-1 	 1 	16128	0.984375	0.984375	0.000000	0.000000
128	9500	852	0.015000	-1 	 1 	16137	0.984924	0.984924	0.000000	0.000000
128	9500	853	0.015000	-1 	 27 	14061	0.858215	0.864624	0.001465	2.361070
128	9500	854	0.015000	-1 	 96 	11396	0.695557	0.721436	0.001953	4.033430
128	9500	855	0.015000	-1 	 1 	15885	0.969543	0.969543	0.000000	0.000000
128	9500	856	0.015000	-1 	 27 	13375	0.816345	0.822937	0.001465	2.246911
128	9500	857	0.015000	-1 	 32 	18	0.001099	0.006470	0.001099	2.474562
128	9500	858	0.015000	-1 	 9 	15214	0.928589	0.929932	0.000427	1.538619
128	9500	859	0.015000	-1 	 1 	16130	0.984497	0.984497	0.000000	0.000000
128	9500	860	0.015000	-1 	 1 	16156	0.986084	0.986084	0.000000	0.000000
128	9500	861	0.015000	-1 	 152 	1023	0.062439	0.127563	0.062439	18.232948
128	9500	862	0.015000	-1 	 1 	16106	0.983032	0.983032	0.000000	0.000000
128	9500	863	0.015000	-1 	 142 	1391	0.084900	0.121216	0.084900	19.042284
128	9500	864	0.015000	-1 	 1 	16121	0.983948	0.983948	0.000000	0.000000
128	9500	865	0.015000	-1 	 1 	16139	0.985046	0.985046	0.000000	0.000000
128	9500	866	0.015000	-1 	 147 	3375	0.205994	0.246460	0.205994	26.668325
128	9500	867	0.015000	-1 	 1 	16128	0.984375	0.984375	0.000000	0.000000
128	9500	868	0.015000	-1 	 1 	16121	0.983948	0.983948	0.000000	0.000000
128	9500	869	0.015000	-1 	 1 	16126	0.984253	0.984253	0.000000	0.000000
128	9500	870	0.015000	-1 	 47 	11829	0.721985	0.733337	0.002319	3.205021
128	9500	871	0.015000	-1 	 1 	16126	0.984253	0.984253	0.000000	0.000000
128	9500	872	0.015000	-1 	 1 	16124	0.984131	0.984131	0.000000	0.000000
128	9500	873	0.015000	-1 	 1 	16143	0.985291	0.985291	0.000000	0.000000
128	9500	874	0.015000	-1 	 1 	16144	0.985352	0.985352	0.000000	0.000000
128	9500	875	0.015000	-1 	 1 	16113	0.983459	0.983459	0.000000	0.000000
128	9500	876	0.015000	-1 	 1 	16147	0.985535	0.985535	0.000000	0.000000
128	9500	877	0.015000	-1 	 148 	1453	0.088684	0.122986	0.088684	20.202216
128	9500	878	0.015000	-1 	 1 	16142	0.985229	0.985229	0.000000	0.000000
128	9500	879	0.015000	-1 	 112 	8446	0.515503	0.546387	0.002747	3.693839
128	9500	880	0.015000	-1 	 1 	16117	0.983704	0.983704	0.000000	0.000000
128	9500	881	0.015000	-1 	 1 	16119	0.983826	0.983826	0.000000	0.000000
128	9500	882	0.015000	-1 	 51 	12382	0.755737	0.769348	0.001526	2.668932
128	9500	883	0.015000	-1 	 1 	16166	0.986694	0.986694	0.000000	0.000000
128	9500	884	0.015000	-1 	 20 	14690	0.896606	0.898254	0.000183	0.666667
128	9500	885	0.015000	-1 	 12 	14888	0.908691	0.911499	0.002075	3.146372
128	9500	886	0.015000	-1 	 1 	16124	0.984131	0.984131	0.000000	0.000000
128	9500	887	0.015000	-1 	 1 	16112	0.983398	0.983398	0.000000	0.000000
128	9500	888	0.015000	-1 	 73 	11127	0.679138	0.693359	0.002014	3.119005
128	9500	889	0.015000	-1 	 171 	66	0.004028	0.055176	0.004028	4.460777
128	9500	890	0.015000	-1 	 1 	16135	0.984802	0.984802	0.000000	0.000000
128	9500	891	0.015000	-1 	 139 	5237	0.319641	0.358154	0.319641	32.339042
128	9500	892	0.015000	-1 	 104 	9779	0.596863	0.616638	0.001526	1.759893
128	9500	893	0.015000	-1 	 1 	16146	0.985474	0.985474	0.000000	0.000000
128	9500	894	0.015000	-1 	 64 	12814	0.782104	0.792175	0.000916	2.431278
128	9500	895	0.015000	-1 	 28 	7	0.000427	0.003784	0.000427	1.212183
128	9500	896	0.015000	-1 	 171 	4382	0.267456	0.315063	0.267456	30.213360
128	9500	897	0.015000	-1 	 60 	12765	0.779114	0.791565	0.001892	3.466804
128	9500	898	0.015000	-1 	 23 	14583	0.890076	0.896973	0.001770	2.925146
128	9500	899	0.015000	-1 	 1 	16135	0.984802	0.984802	0.000000	0.000000
128	9500	900	0.015000	-1 	 1 	16117	0.983704	0.983704	0.000000	0.000000
128	9500	901	0.015000	-1 	 13 	14888	0.908691	0.911377	0.000977	1.735430
128	9500	902	0.015000	-1 	 16 	15050	0.918579	0.921509	0.000610	1.431782
128	9500	903	0.015000	-1 	 48 	12550	0.765991	0.780640	0.001404	2.848407
128	9500	904	0.015000	-1 	 1 	16150	0.985718	0.985718	0.000000	0.000000
128	9500	905	0.015000	-1 	 15 	7	0.000427	0.002075	0.000427	1.340119
128	9500	906	0.015000	-1 	 1 	16140	0.985107	0.985107	0.000000	0.000000
128	9500	907	0.015000	-1 	 1 	16132	0.984619	0.984619	0.000000	0.000000
128	9500	908	0.015000	-1 	 1 	16148	0.985596	0.985596	0.000000	0.000000
128	9500	909	0.015000	-1 	 1 	15964	0.974365	0.974365	0.000000	0.000000
128	9500	910	0.015000	-1 	 21 	14566	0.889038	0.892700	0.000488	1.369306
128	9500	911	0.015000	-1 	 10 	14850	0.906372	0.907776	0.000366	0.957427
128	9500	912	0.015000	-1 	 1 	16156	0.986084	0.986084	0.000000	0.000000
128	9500	913	0.015000	-1 	 1 	16146	0.985474	0.985474	0.000000	0.000000
128	9500	914	0.015000	-1 	 1 	16144	0.985352	0.985352	0.000000	0.000000
128	9500	915	0.015000	-1 	 60 	11	0.000671	0.009827	0.000671	1.676281
128	9500	916	0.015000	-1 	 102 	10020	0.611572	0.631897	0.002014	3.170398
128	9500	917	0.015000	-1 	 1 	16076	0.981201	0.981201	0.000000	0.000000
128	9500	918	0.015000	-1 	 129 	2596	0.158447	0.191284	0.158447	24.407092
128	9500	919	0.015000	-1 	 134 	8319	0.507751	0.541138	0.004211	4.423392
128	9500	920	0.015000	-1 	 109 	8899	0.543152	0.569458	0.003235	5.097514
128	9500	921	0.015000	-1 	 119 	10101	0.616516	0.651062	0.002869	3.811184
128	9500	922	0.015000	-1 	 1 	16119	0.983826	0.983826	0.000000	0.000000
128	9500	923	0.015000	-1 	 1 	16133	0.984680	0.984680	0.000000	0.000000
128	9500	924	0.015000	-1 	 1 	16143	0.985291	0.985291	0.000000	0.000000
128	9500	925	0.015000	-1 	 101 	9247	0.564392	0.593567	0.005249	5.072848
128	9500	926	0.015000	-1 	 1 	16140	0.985107	0.985107	0.000000	0.000000
128	9500	927	0.015000	-1 	 165 	7451	0.454773	0.495239	0.002014	2.707674
128	9500	928	0.015000	-1 	 1 	16157	0.986145	0.986145	0.000000	0.000000
128	9500	929	0.015000	-1 	 1 	16139	0.985046	0.985046	0.000000	0.000000
128	9500	930	0.015000	-1 	 21 	10	0.000610	0.004333	0.000610	1.345362
128	9500	931	0.015000	-1 	 1 	16145	0.985413	0.985413	0.000000	0.000000
128	9500	932	0.015000	-1 	 63 	11776	0.718750	0.734680	0.001770	2.597447
128	9500	933	0.015000	-1 	 24 	14194	0.866333	0.872253	0.000916	2.568181
128	9500	934	0.015000	-1 	 1 	16137	0.984924	0.984924	0.000000	0.000000
128	9500	935	0.015000	-1 	 1 	16134	0.984741	0.984741	0.000000	0.000000
128	9500	936	0.015000	-1 	 143 	4930	0.300903	0.337708	0.004883	5.497826
128	9500	937	0.015000	-1 	 1 	16135	0.984802	0.984802	0.000000	0.000000
128	9500	938	0.015000	-1 	 158 	2805	0.171204	0.218323	0.171204	25.248554
128	9500	939	0.015000	-1 	 79 	10347	0.631531	0.655945	0.002441	3.266305
128	9500	940	0.015000	-1 	 1 	15852	0.967529	0.967529	0.000000	0.000000
128	9500	941	0.015000	-1 	 9 	15158	0.925171	0.925964	0.000305	0.894427
128	9500	942	0.015000	-1 	 59 	24	0.001465	0.014771	0.001465	2.817737
128	9500	943	0.015000	-1 	 1 	16141	0.985168	0.985168	0.000000	0.000000
128	9500	944	0.015000	-1 	 1 	16138	0.984985	0.984985	0.000000	0.000000
128	9500	945	0.015000	-1 	 7 	9	0.000549	0.001709	0.000549	1.324042
128	9500	946	0.015000	-1 	 1 	16107	0.983093	0.983093	0.000000	0.000000
128	9500	947	0.015000	-1 	 40 	13552	0.827148	0.833557	0.001099	2.000000
128	9500	948	0.015000	-1 	 46 	12762	0.778931	0.790894	0.001465	2.538591
128	9500	949	0.015000	-1 	 16 	25	0.001526	0.003784	0.001526	3.082856
128	9500	950	0.015000	-1 	 127 	4212	0.257080	0.288696	0.257080	29.728944
128	9500	951	0.015000	-1 	 216 	4642	0.283325	0.355042	0.283325	32.704960
128	9500	952	0.015000	-1 	 138 	9886	0.603394	0.637512	0.002441	3.630685
128	9500	953	0.015000	-1 	 187 	4501	0.274719	0.336548	0.274719	31.247459
128	9500	954	0.015000	-1 	 1 	16146	0.985474	0.985474	0.000000	0.000000
128	9500	955	0.015000	-1 	 156 	5533	0.337708	0.398560	0.337708	33.347681
128	9500	956	0.015000	-1 	 1 	16140	0.985107	0.985107	0.000000	0.000000
128	9500	957	0.015000	-1 	 17 	5	0.000305	0.002319	0.000305	1.019804
128	9500	958	0.015000	-1 	 1 	15933	0.972473	0.972473	0.000000	0.000000
128	9500	959	0.015000	-1 	 1 	16141	0.985168	0.985168	0.000000	0.000000
128	9500	960	0.015000	-1 	 1 	16104	0.982910	0.982910	0.000000	0.000000
128	9500	961	0.015000	-1 	 1 	16142	0.985229	0.985229	0.000000	0.000000
128	9500	962	0.015000	-1 	 123 	9145	0.558167	0.596558	0.003723	4.941148
128	9500	963	0.015000	-1 	 126 	10124	0.617920	0.646606	0.001770	2.643728
128	9500	964	0.015000	-1 	 131 	6166	0.376343	0.415833	0.003784	3.741425
128	9500	965	0.015000	-1 	 104 	25	0.001526	0.024231	0.001526	2.603382
128	9500	966	0.015000	-1 	 1 	16117	0.983704	0.983704	0.000000	0.000000
128	9500	967	0.015000	-1 	 1 	16147	0.985535	0.985535	0.000000	0.000000
128	9500	968	0.015000	-1 	 1 	16138	0.984985	0.984985	0.000000	0.000000
128	9500	969	0.015000	-1 	 51 	13264	0.809570	0.821594	0.002258	3.826974
128	9500	970	0.015000	-1 	 1 	16121	0.983948	0.983948	0.000000	0.000000
128	9500	971	0.015000	-1 	 1 	16145	0.985413	0.985413	0.000000	0.000000
128	9500	972	0.015000	-1 	 1 	16135	0.984802	0.984802	0.000000	0.000000
128	9500	973	0.015000	-1 	 4 	15385	0.939026	0.939636	0.000305	0.666667
128	9500	974	0.015000	-1 	 42 	13470	0.822144	0.831421	0.002258	4.651947
128	9500	975	0.015000	-1 	 1 	16146	0.985474	0.985474	0.000000	0.000000
128	9500	976	0.015000	-1 	 1 	16126	0.984253	0.984253	0.000000	0.000000
128	9500	977	0.015000	-1 	 54 	13385	0.816956	0.831177	0.001648	3.128698
128	9500	978	0.015000	-1 	 4 	15460	0.943604	0.943970	0.000183	0.666667
128	9500	979	0.015000	-1 	 25 	14448	0.881836	0.885010	0.000610	2.109502
128	9500	980	0.015000	-1 	 44 	9	0.000549	0.007874	0.000549	1.422916
128	9500	981	0.015000	-1 	 1 	16147	0.985535	0.985535	0.000000	0.000000
128	9500	982	0.015000	-1 	 118 	4952	0.302246	0.333008	0.002380	3.641206
128	9500	983	0.015000	-1 	 78 	8700	0.531006	0.551147	0.001648	3.110229
128	9500	984	0.015000	-1 	 1 	16147	0.985535	0.985535	0.000000	0.000000
128	9500	985	0.015000	-1 	 1 	16135	0.984802	0.984802	0.000000	0.000000
128	9500	986	0.015000	-1 	 15 	14819	0.904480	0.906677	0.000549	1.457209
128	9500	987	0.015000	-1 	 1 	16136	0.984863	0.984863	0.000000	0.000000
128	9500	988	0.015000	-1 	 171 	6725	0.410461	0.454224	0.003845	4.796541
128	9500	989	0.015000	-1 	 200 	4984	0.304199	0.360901	0.304199	33.847489
128	9500	990	0.015000	-1 	 166 	4370	0.266724	0.314148	0.266724	29.761979
128	9500	991	0.015000	-1 	 1 	15926	0.972046	0.972046	0.000000	0.000000
128	9500	992	0.015000	-1 	 1 	16147	0.985535	0.985535	0.000000	0.000000
128	9500	993	0.015000	-1 	 179 	5789	0.353333	0.401733	0.353333	33.959478
128	9500	994	0.015000	-1 	 1 	16112	0.983398	0.983398	0.000000	0.000000
128	9500	995	0.015000	-1 	 9 	9	0.000549	0.001831	0.000549	1.606238
128	9500	996	0.015000	-1 	 1 	16120	0.983887	0.983887	0.000000	0.000000
128	9500	997	0.015000	-1 	 14 	14	0.000854	0.002502	0.000854	1.863998
128	9500	998	0.015000	-1 	 1 	16157	0.986145	0.986145	0.000000	0.000000
128	9500	999	0.015000	-1 	 1 	16130	0.984497	0.984497	0.000000	0.000000
128	9500	1000	0.015000	-1 	 1 	16075	0.981140	0.981140	0.000000	0.000000
