128	9700	1	0.015000	2 	 140 	3512	0.214355	0.255737	0.214355	28.752996
128	9700	2	0.015000	2 	 43 	11781	0.719055	0.730652	0.001465	3.002025
128	9700	3	0.015000	2 	 106 	9317	0.568665	0.597473	0.002258	3.113157
128	9700	4	0.015000	2 	 1 	16102	0.982788	0.982788	0.000000	0.000000
128	9700	5	0.015000	2 	 1 	16121	0.983948	0.983948	0.000000	0.000000
128	9700	6	0.015000	2 	 1 	16170	0.986938	0.986938	0.000000	0.000000
128	9700	7	0.015000	2 	 1 	16156	0.986084	0.986084	0.000000	0.000000
128	9700	8	0.015000	2 	 1 	16156	0.986084	0.986084	0.000000	0.000000
128	9700	9	0.015000	2 	 1 	16141	0.985168	0.985168	0.000000	0.000000
128	9700	10	0.015000	2 	 1 	16089	0.981995	0.981995	0.000000	0.000000
128	9700	11	0.015000	2 	 165 	31	0.001892	0.040283	0.001892	3.133519
128	9700	12	0.015000	2 	 1 	16126	0.984253	0.984253	0.000000	0.000000
128	9700	13	0.015000	2 	 1 	16129	0.984436	0.984436	0.000000	0.000000
128	9700	14	0.015000	2 	 167 	5837	0.356262	0.403992	0.356262	33.378846
128	9700	15	0.015000	2 	 1 	16139	0.985046	0.985046	0.000000	0.000000
128	9700	16	0.015000	2 	 1 	16133	0.984680	0.984680	0.000000	0.000000
128	9700	17	0.015000	2 	 1 	16127	0.984314	0.984314	0.000000	0.000000
128	9700	18	0.015000	2 	 1 	16145	0.985413	0.985413	0.000000	0.000000
128	9700	19	0.015000	2 	 1 	16127	0.984314	0.984314	0.000000	0.000000
128	9700	20	0.015000	2 	 25 	14512	0.885742	0.889893	0.001587	2.904292
128	9700	21	0.015000	2 	 1 	16150	0.985718	0.985718	0.000000	0.000000
128	9700	22	0.015000	2 	 1 	16134	0.984741	0.984741	0.000000	0.000000
128	9700	23	0.015000	2 	 1 	16136	0.984863	0.984863	0.000000	0.000000
128	9700	24	0.015000	2 	 1 	16120	0.983887	0.983887	0.000000	0.000000
128	9700	25	0.015000	2 	 1 	16124	0.984131	0.984131	0.000000	0.000000
128	9700	26	0.015000	2 	 55 	11354	0.692993	0.705627	0.001526	2.513505
128	9700	27	0.015000	2 	 2 	15616	0.953125	0.953186	0.000061	0.000000
128	9700	28	0.015000	2 	 153 	3162	0.192993	0.250793	0.192993	26.279994
128	9700	29	0.015000	2 	 27 	14465	0.882874	0.887756	0.000916	2.301690
128	9700	30	0.015000	2 	 161 	2672	0.163086	0.216614	0.163086	25.101517
128	9700	31	0.015000	2 	 174 	8038	0.490601	0.532227	0.001587	2.694779
128	9700	32	0.015000	2 	 109 	55	0.003357	0.033325	0.003357	4.239523
128	9700	33	0.015000	2 	 91 	11274	0.688110	0.713440	0.001831	2.653509
128	9700	34	0.015000	2 	 156 	7683	0.468933	0.508423	0.002991	4.513758
128	9700	35	0.015000	2 	 1 	16145	0.985413	0.985413	0.000000	0.000000
128	9700	36	0.015000	2 	 1 	16143	0.985291	0.985291	0.000000	0.000000
128	9700	37	0.015000	2 	 1 	16150	0.985718	0.985718	0.000000	0.000000
128	9700	38	0.015000	2 	 146 	1825	0.111389	0.155396	0.111389	21.107679
128	9700	39	0.015000	2 	 1 	16089	0.981995	0.981995	0.000000	0.000000
128	9700	40	0.015000	2 	 1 	16128	0.984375	0.984375	0.000000	0.000000
128	9700	41	0.015000	2 	 1 	16139	0.985046	0.985046	0.000000	0.000000
128	9700	42	0.015000	2 	 1 	16144	0.985352	0.985352	0.000000	0.000000
128	9700	43	0.015000	2 	 1 	16126	0.984253	0.984253	0.000000	0.000000
128	9700	44	0.015000	2 	 1 	16134	0.984741	0.984741	0.000000	0.000000
128	9700	45	0.015000	2 	 124 	2732	0.166748	0.207092	0.166748	24.847512
128	9700	46	0.015000	2 	 1 	16136	0.984863	0.984863	0.000000	0.000000
128	9700	47	0.015000	2 	 26 	14139	0.862976	0.866272	0.000427	1.470804
128	9700	48	0.015000	2 	 1 	16135	0.984802	0.984802	0.000000	0.000000
128	9700	49	0.015000	2 	 1 	16141	0.985168	0.985168	0.000000	0.000000
128	9700	50	0.015000	2 	 10 	15031	0.917419	0.920166	0.001221	2.321099
128	9700	51	0.015000	2 	 1 	16142	0.985229	0.985229	0.000000	0.000000
128	9700	52	0.015000	2 	 1 	16143	0.985291	0.985291	0.000000	0.000000
128	9700	53	0.015000	2 	 1 	16133	0.984680	0.984680	0.000000	0.000000
128	9700	54	0.015000	2 	 1 	16138	0.984985	0.984985	0.000000	0.000000
128	9700	55	0.015000	2 	 141 	5316	0.324463	0.362976	0.324463	33.699968
128	9700	56	0.015000	2 	 30 	13	0.000793	0.007385	0.000793	2.055444
128	9700	57	0.015000	2 	 1 	16146	0.985474	0.985474	0.000000	0.000000
128	9700	58	0.015000	2 	 4 	15525	0.947571	0.947998	0.000305	0.894427
128	9700	59	0.015000	2 	 54 	12607	0.769470	0.788025	0.002991	4.065273
128	9700	60	0.015000	2 	 5 	15685	0.957336	0.957581	0.000061	0.000000
128	9700	61	0.015000	2 	 188 	42	0.002563	0.053955	0.002563	3.302322
128	9700	62	0.015000	2 	 1 	16137	0.984924	0.984924	0.000000	0.000000
128	9700	63	0.015000	2 	 1 	16133	0.984680	0.984680	0.000000	0.000000
128	9700	64	0.015000	2 	 15 	11	0.000671	0.003601	0.000671	1.641406
128	9700	65	0.015000	2 	 2 	15279	0.932556	0.932739	0.000183	0.666667
128	9700	66	0.015000	2 	 1 	16141	0.985168	0.985168	0.000000	0.000000
128	9700	67	0.015000	2 	 1 	16128	0.984375	0.984375	0.000000	0.000000
128	9700	68	0.015000	2 	 1 	16103	0.982849	0.982849	0.000000	0.000000
128	9700	69	0.015000	2 	 1 	16118	0.983765	0.983765	0.000000	0.000000
128	9700	70	0.015000	2 	 56 	13122	0.800903	0.814575	0.001709	2.684755
128	9700	71	0.015000	2 	 1 	16144	0.985352	0.985352	0.000000	0.000000
128	9700	72	0.015000	2 	 1 	16136	0.984863	0.984863	0.000000	0.000000
128	9700	73	0.015000	2 	 9 	15029	0.917297	0.919189	0.000793	1.709701
128	9700	74	0.015000	2 	 1 	16149	0.985657	0.985657	0.000000	0.000000
128	9700	75	0.015000	2 	 191 	7216	0.440430	0.488037	0.440430	37.128411
128	9700	76	0.015000	2 	 83 	11793	0.719788	0.743225	0.001831	4.169332
128	9700	77	0.015000	2 	 104 	7362	0.449341	0.477234	0.001587	3.225270
128	9700	78	0.015000	2 	 91 	9641	0.588440	0.615723	0.002563	3.792596
128	9700	79	0.015000	2 	 1 	16146	0.985474	0.985474	0.000000	0.000000
128	9700	80	0.015000	2 	 1 	16139	0.985046	0.985046	0.000000	0.000000
128	9700	81	0.015000	2 	 1 	16137	0.984924	0.984924	0.000000	0.000000
128	9700	82	0.015000	2 	 110 	7130	0.435181	0.463013	0.003723	4.643368
128	9700	83	0.015000	2 	 1 	16130	0.984497	0.984497	0.000000	0.000000
128	9700	84	0.015000	2 	 21 	14265	0.870667	0.874878	0.000488	1.452369
128	9700	85	0.015000	2 	 1 	16146	0.985474	0.985474	0.000000	0.000000
128	9700	86	0.015000	2 	 183 	2543	0.155212	0.208069	0.155212	25.687266
128	9700	87	0.015000	2 	 95 	73	0.004456	0.028992	0.004456	5.452365
128	9700	88	0.015000	2 	 148 	5957	0.363586	0.400513	0.363586	34.398739
128	9700	89	0.015000	2 	 1 	16141	0.985168	0.985168	0.000000	0.000000
128	9700	90	0.015000	2 	 1 	16011	0.977234	0.977234	0.000000	0.000000
128	9700	91	0.015000	2 	 1 	16136	0.984863	0.984863	0.000000	0.000000
128	9700	92	0.015000	2 	 1 	16163	0.986511	0.986511	0.000000	0.000000
128	9700	93	0.015000	2 	 1 	16130	0.984497	0.984497	0.000000	0.000000
128	9700	94	0.015000	2 	 1 	16124	0.984131	0.984131	0.000000	0.000000
128	9700	95	0.015000	2 	 1 	16125	0.984192	0.984192	0.000000	0.000000
128	9700	96	0.015000	2 	 1 	16123	0.984070	0.984070	0.000000	0.000000
128	9700	97	0.015000	2 	 1 	16133	0.984680	0.984680	0.000000	0.000000
128	9700	98	0.015000	2 	 1 	15984	0.975586	0.975586	0.000000	0.000000
128	9700	99	0.015000	2 	 19 	14513	0.885803	0.887939	0.000793	1.810554
128	9700	100	0.015000	2 	 1 	15867	0.968445	0.968445	0.000000	0.000000
128	9700	101	0.015000	2 	 1 	16145	0.985413	0.985413	0.000000	0.000000
128	9700	102	0.015000	2 	 1 	16113	0.983459	0.983459	0.000000	0.000000
128	9700	103	0.015000	2 	 1 	16142	0.985229	0.985229	0.000000	0.000000
128	9700	104	0.015000	2 	 1 	16103	0.982849	0.982849	0.000000	0.000000
128	9700	105	0.015000	2 	 25 	13914	0.849243	0.853455	0.001099	2.394696
128	9700	106	0.015000	2 	 10 	15032	0.917480	0.919312	0.000610	1.360147
128	9700	107	0.015000	2 	 84 	9994	0.609985	0.625427	0.001160	2.098674
128	9700	108	0.015000	2 	 1 	16149	0.985657	0.985657	0.000000	0.000000
128	9700	109	0.015000	2 	 1 	16137	0.984924	0.984924	0.000000	0.000000
128	9700	110	0.015000	2 	 1 	16168	0.986816	0.986816	0.000000	0.000000
128	9700	111	0.015000	2 	 114 	9662	0.589722	0.621094	0.003357	3.933749
128	9700	112	0.015000	2 	 1 	16164	0.986572	0.986572	0.000000	0.000000
128	9700	113	0.015000	2 	 1 	16158	0.986206	0.986206	0.000000	0.000000
128	9700	114	0.015000	2 	 1 	16136	0.984863	0.984863	0.000000	0.000000
128	9700	115	0.015000	2 	 130 	4663	0.284607	0.323181	0.284607	30.403534
128	9700	116	0.015000	2 	 1 	16122	0.984009	0.984009	0.000000	0.000000
128	9700	117	0.015000	2 	 1 	16129	0.984436	0.984436	0.000000	0.000000
128	9700	118	0.015000	2 	 12 	15079	0.920349	0.923157	0.001160	2.782016
128	9700	119	0.015000	2 	 2 	15599	0.952087	0.952148	0.000061	0.000000
128	9700	120	0.015000	2 	 96 	8341	0.509094	0.536560	0.002014	3.199805
128	9700	121	0.015000	2 	 1 	16121	0.983948	0.983948	0.000000	0.000000
128	9700	122	0.015000	2 	 188 	5610	0.342407	0.405884	0.342407	34.078013
128	9700	123	0.015000	2 	 1 	16115	0.983582	0.983582	0.000000	0.000000
128	9700	124	0.015000	2 	 1 	16124	0.984131	0.984131	0.000000	0.000000
128	9700	125	0.015000	2 	 1 	16124	0.984131	0.984131	0.000000	0.000000
128	9700	126	0.015000	2 	 66 	11771	0.718445	0.735229	0.001648	2.606313
128	9700	127	0.015000	2 	 1 	16037	0.978821	0.978821	0.000000	0.000000
128	9700	128	0.015000	2 	 1 	16122	0.984009	0.984009	0.000000	0.000000
128	9700	129	0.015000	2 	 73 	9599	0.585876	0.596497	0.000793	1.784217
128	9700	130	0.015000	2 	 1 	16090	0.982056	0.982056	0.000000	0.000000
128	9700	131	0.015000	2 	 1 	16098	0.982544	0.982544	0.000000	0.000000
128	9700	132	0.015000	2 	 1 	16098	0.982544	0.982544	0.000000	0.000000
128	9700	133	0.015000	2 	 1 	16135	0.984802	0.984802	0.000000	0.000000
128	9700	134	0.015000	2 	 1 	15961	0.974182	0.974182	0.000000	0.000000
128	9700	135	0.015000	2 	 138 	846	0.051636	0.105774	0.051636	16.873985
128	9700	136	0.015000	2 	 1 	16151	0.985779	0.985779	0.000000	0.000000
128	9700	137	0.015000	2 	 1 	16148	0.985596	0.985596	0.000000	0.000000
128	9700	138	0.015000	2 	 1 	16152	0.985840	0.985840	0.000000	0.000000
128	9700	139	0.015000	2 	 153 	9063	0.553162	0.594055	0.004883	5.947360
128	9700	140	0.015000	2 	 163 	4795	0.292664	0.337097	0.292664	32.918020
128	9700	141	0.015000	2 	 6 	15622	0.953491	0.953857	0.000122	0.500000
128	9700	142	0.015000	2 	 1 	16148	0.985596	0.985596	0.000000	0.000000
128	9700	143	0.015000	2 	 1 	16114	0.983521	0.983521	0.000000	0.000000
128	9700	144	0.015000	2 	 15 	14637	0.893372	0.895508	0.000732	1.596437
128	9700	145	0.015000	2 	 6 	15489	0.945374	0.945679	0.000061	0.000000
128	9700	146	0.015000	2 	 1 	16137	0.984924	0.984924	0.000000	0.000000
128	9700	147	0.015000	2 	 28 	14444	0.881592	0.886841	0.000610	1.509967
128	9700	148	0.015000	2 	 1 	16139	0.985046	0.985046	0.000000	0.000000
128	9700	149	0.015000	2 	 1 	16119	0.983826	0.983826	0.000000	0.000000
128	9700	150	0.015000	2 	 12 	14153	0.863831	0.866150	0.000854	2.387254
128	9700	151	0.015000	2 	 12 	14525	0.886536	0.888916	0.000732	1.543355
128	9700	152	0.015000	2 	 1 	16154	0.985962	0.985962	0.000000	0.000000
128	9700	153	0.015000	2 	 1 	16124	0.984131	0.984131	0.000000	0.000000
128	9700	154	0.015000	2 	 1 	16135	0.984802	0.984802	0.000000	0.000000
128	9700	155	0.015000	2 	 84 	10968	0.669434	0.690796	0.002319	3.760673
128	9700	156	0.015000	2 	 1 	16121	0.983948	0.983948	0.000000	0.000000
128	9700	157	0.015000	2 	 1 	16129	0.984436	0.984436	0.000000	0.000000
128	9700	158	0.015000	2 	 1 	16110	0.983276	0.983276	0.000000	0.000000
128	9700	159	0.015000	2 	 131 	8676	0.529541	0.567017	0.001953	3.137319
128	9700	160	0.015000	2 	 36 	13951	0.851501	0.863525	0.002441	3.871369
128	9700	161	0.015000	2 	 4 	15632	0.954102	0.954468	0.000183	0.666667
128	9700	162	0.015000	2 	 1 	16145	0.985413	0.985413	0.000000	0.000000
128	9700	163	0.015000	2 	 1 	16143	0.985291	0.985291	0.000000	0.000000
128	9700	164	0.015000	2 	 149 	2393	0.146057	0.201843	0.146057	23.451662
128	9700	165	0.015000	2 	 1 	16115	0.983582	0.983582	0.000000	0.000000
128	9700	166	0.015000	2 	 1 	16135	0.984802	0.984802	0.000000	0.000000
128	9700	167	0.015000	2 	 145 	2528	0.154297	0.198242	0.154297	23.999616
128	9700	168	0.015000	2 	 6 	14932	0.911377	0.911987	0.000244	0.829156
128	9700	169	0.015000	2 	 1 	16132	0.984619	0.984619	0.000000	0.000000
128	9700	170	0.015000	2 	 146 	7876	0.480713	0.531067	0.480713	38.081312
128	9700	171	0.015000	2 	 1 	16153	0.985901	0.985901	0.000000	0.000000
128	9700	172	0.015000	2 	 1 	16124	0.984131	0.984131	0.000000	0.000000
128	9700	173	0.015000	2 	 1 	16133	0.984680	0.984680	0.000000	0.000000
128	9700	174	0.015000	2 	 1 	16140	0.985107	0.985107	0.000000	0.000000
128	9700	175	0.015000	2 	 1 	16130	0.984497	0.984497	0.000000	0.000000
128	9700	176	0.015000	2 	 1 	16133	0.984680	0.984680	0.000000	0.000000
128	9700	177	0.015000	2 	 1 	16122	0.984009	0.984009	0.000000	0.000000
128	9700	178	0.015000	2 	 1 	16138	0.984985	0.984985	0.000000	0.000000
128	9700	179	0.015000	2 	 1 	16132	0.984619	0.984619	0.000000	0.000000
128	9700	180	0.015000	2 	 101 	11836	0.722412	0.747986	0.001648	2.469568
128	9700	181	0.015000	2 	 42 	12904	0.787598	0.796875	0.000793	1.893621
128	9700	182	0.015000	2 	 6 	15498	0.945923	0.946899	0.000610	1.529706
128	9700	183	0.015000	2 	 1 	16154	0.985962	0.985962	0.000000	0.000000
128	9700	184	0.015000	2 	 1 	16149	0.985657	0.985657	0.000000	0.000000
128	9700	185	0.015000	2 	 1 	16143	0.985291	0.985291	0.000000	0.000000
128	9700	186	0.015000	2 	 1 	16125	0.984192	0.984192	0.000000	0.000000
128	9700	187	0.015000	2 	 140 	328	0.020020	0.068542	0.020020	11.910776
128	9700	188	0.015000	2 	 1 	15883	0.969421	0.969421	0.000000	0.000000
128	9700	189	0.015000	2 	 83 	12070	0.736694	0.758057	0.001343	2.968150
128	9700	190	0.015000	2 	 1 	16045	0.979309	0.979309	0.000000	0.000000
128	9700	191	0.015000	2 	 1 	16115	0.983582	0.983582	0.000000	0.000000
128	9700	192	0.015000	2 	 35 	12854	0.784546	0.791443	0.000732	1.697629
128	9700	193	0.015000	2 	 1 	16115	0.983582	0.983582	0.000000	0.000000
128	9700	194	0.015000	2 	 5 	15181	0.926575	0.926819	0.000061	0.000000
128	9700	195	0.015000	2 	 1 	16127	0.984314	0.984314	0.000000	0.000000
128	9700	196	0.015000	2 	 86 	10424	0.636230	0.653259	0.001465	2.882840
128	9700	197	0.015000	2 	 152 	2639	0.161072	0.203796	0.161072	23.507932
128	9700	198	0.015000	2 	 169 	4435	0.270691	0.320129	0.270691	30.406336
128	9700	199	0.015000	2 	 1 	16142	0.985229	0.985229	0.000000	0.000000
128	9700	200	0.015000	2 	 16 	17	0.001038	0.003845	0.001038	1.972124
128	9700	201	0.015000	2 	 152 	470	0.028687	0.062256	0.028687	12.353173
128	9700	202	0.015000	2 	 6 	15149	0.924622	0.925293	0.000244	0.935414
128	9700	203	0.015000	2 	 1 	16153	0.985901	0.985901	0.000000	0.000000
128	9700	204	0.015000	2 	 1 	16155	0.986023	0.986023	0.000000	0.000000
128	9700	205	0.015000	2 	 1 	16133	0.984680	0.984680	0.000000	0.000000
128	9700	206	0.015000	2 	 34 	13468	0.822021	0.830811	0.001953	2.961175
128	9700	207	0.015000	2 	 149 	3742	0.228394	0.270081	0.228394	27.956973
128	9700	208	0.015000	2 	 1 	16132	0.984619	0.984619	0.000000	0.000000
128	9700	209	0.015000	2 	 16 	14788	0.902588	0.905334	0.001282	2.310383
128	9700	210	0.015000	2 	 2 	15431	0.941833	0.941895	0.000061	0.000000
128	9700	211	0.015000	2 	 13 	14746	0.900024	0.902832	0.000610	1.577973
128	9700	212	0.015000	2 	 1 	16141	0.985168	0.985168	0.000000	0.000000
128	9700	213	0.015000	2 	 88 	21	0.001282	0.020630	0.001282	2.875339
128	9700	214	0.015000	2 	 90 	6309	0.385071	0.410278	0.002075	3.047632
128	9700	215	0.015000	2 	 1 	16130	0.984497	0.984497	0.000000	0.000000
128	9700	216	0.015000	2 	 84 	10427	0.636414	0.659973	0.001892	3.619234
128	9700	217	0.015000	2 	 19 	5	0.000305	0.002563	0.000305	0.979796
128	9700	218	0.015000	2 	 82 	29	0.001770	0.020203	0.001770	3.170914
128	9700	219	0.015000	2 	 168 	3785	0.231018	0.279297	0.231018	28.470023
128	9700	220	0.015000	2 	 27 	13602	0.830200	0.836670	0.001282	2.362788
128	9700	221	0.015000	2 	 1 	16144	0.985352	0.985352	0.000000	0.000000
128	9700	222	0.015000	2 	 1 	16107	0.983093	0.983093	0.000000	0.000000
128	9700	223	0.015000	2 	 172 	7109	0.433899	0.488831	0.005554	5.857071
128	9700	224	0.015000	2 	 1 	16128	0.984375	0.984375	0.000000	0.000000
128	9700	225	0.015000	2 	 122 	580	0.035400	0.074402	0.035400	14.103175
128	9700	226	0.015000	2 	 1 	16138	0.984985	0.984985	0.000000	0.000000
128	9700	227	0.015000	2 	 1 	16114	0.983521	0.983521	0.000000	0.000000
128	9700	228	0.015000	2 	 208 	80	0.004883	0.074158	0.004883	5.591707
128	9700	229	0.015000	2 	 1 	16133	0.984680	0.984680	0.000000	0.000000
128	9700	230	0.015000	2 	 58 	12974	0.791870	0.803833	0.001404	2.693548
128	9700	231	0.015000	2 	 3 	15685	0.957336	0.957520	0.000122	0.500000
128	9700	232	0.015000	2 	 30 	13730	0.838013	0.844055	0.001221	2.031625
128	9700	233	0.015000	2 	 23 	14161	0.864319	0.867432	0.000488	1.340476
128	9700	234	0.015000	2 	 22 	14236	0.868896	0.872864	0.000732	1.559024
128	9700	235	0.015000	2 	 1 	16109	0.983215	0.983215	0.000000	0.000000
128	9700	236	0.015000	2 	 1 	16135	0.984802	0.984802	0.000000	0.000000
128	9700	237	0.015000	2 	 1 	16142	0.985229	0.985229	0.000000	0.000000
128	9700	238	0.015000	2 	 1 	16077	0.981262	0.981262	0.000000	0.000000
128	9700	239	0.015000	2 	 1 	16128	0.984375	0.984375	0.000000	0.000000
128	9700	240	0.015000	2 	 1 	16148	0.985596	0.985596	0.000000	0.000000
128	9700	241	0.015000	2 	 146 	1735	0.105896	0.153320	0.105896	20.988679
128	9700	242	0.015000	2 	 1 	16149	0.985657	0.985657	0.000000	0.000000
128	9700	243	0.015000	2 	 1 	16141	0.985168	0.985168	0.000000	0.000000
128	9700	244	0.015000	2 	 1 	16146	0.985474	0.985474	0.000000	0.000000
128	9700	245	0.015000	2 	 1 	16160	0.986328	0.986328	0.000000	0.000000
128	9700	246	0.015000	2 	 31 	13492	0.823486	0.830505	0.001770	2.792465
128	9700	247	0.015000	2 	 1 	16138	0.984985	0.984985	0.000000	0.000000
128	9700	248	0.015000	2 	 97 	11101	0.677551	0.704834	0.002502	3.669739
128	9700	249	0.015000	2 	 1 	16139	0.985046	0.985046	0.000000	0.000000
128	9700	250	0.015000	2 	 52 	12511	0.763611	0.774170	0.000732	1.707825
128	9700	251	0.015000	2 	 69 	11037	0.673645	0.689148	0.001587	2.688459
128	9700	252	0.015000	2 	 1 	16086	0.981812	0.981812	0.000000	0.000000
128	9700	253	0.015000	2 	 87 	9751	0.595154	0.622070	0.002441	3.243744
128	9700	254	0.015000	2 	 1 	16177	0.987366	0.987366	0.000000	0.000000
128	9700	255	0.015000	2 	 115 	7518	0.458862	0.486511	0.001831	3.186081
128	9700	256	0.015000	2 	 157 	3306	0.201782	0.252747	0.201782	27.715119
128	9700	257	0.015000	2 	 36 	12400	0.756836	0.764709	0.001587	2.706009
128	9700	258	0.015000	2 	 149 	4382	0.267456	0.310425	0.267456	29.721767
128	9700	259	0.015000	2 	 1 	16126	0.984253	0.984253	0.000000	0.000000
128	9700	260	0.015000	2 	 3 	15260	0.931396	0.931946	0.000427	1.340119
128	9700	261	0.015000	2 	 24 	14261	0.870422	0.875671	0.001221	2.591814
128	9700	262	0.015000	2 	 1 	16135	0.984802	0.984802	0.000000	0.000000
128	9700	263	0.015000	2 	 1 	16051	0.979675	0.979675	0.000000	0.000000
128	9700	264	0.015000	2 	 94 	9509	0.580383	0.605469	0.003174	5.527868
128	9700	265	0.015000	2 	 74 	11699	0.714050	0.734436	0.001953	2.732544
128	9700	266	0.015000	2 	 1 	16155	0.986023	0.986023	0.000000	0.000000
128	9700	267	0.015000	2 	 101 	10259	0.626160	0.647888	0.001282	2.803464
128	9700	268	0.015000	2 	 74 	11953	0.729553	0.748901	0.001404	2.628188
128	9700	269	0.015000	2 	 1 	16147	0.985535	0.985535	0.000000	0.000000
128	9700	270	0.015000	2 	 1 	16159	0.986267	0.986267	0.000000	0.000000
128	9700	271	0.015000	2 	 35 	18	0.001099	0.009521	0.001099	2.499383
128	9700	272	0.015000	2 	 1 	16145	0.985413	0.985413	0.000000	0.000000
128	9700	273	0.015000	2 	 2 	15861	0.968079	0.968140	0.000061	0.000000
128	9700	274	0.015000	2 	 1 	16143	0.985291	0.985291	0.000000	0.000000
128	9700	275	0.015000	2 	 1 	16112	0.983398	0.983398	0.000000	0.000000
128	9700	276	0.015000	2 	 128 	8007	0.488708	0.527771	0.003662	6.203583
128	9700	277	0.015000	2 	 1 	16144	0.985352	0.985352	0.000000	0.000000
128	9700	278	0.015000	2 	 1 	16129	0.984436	0.984436	0.000000	0.000000
128	9700	279	0.015000	2 	 1 	16149	0.985657	0.985657	0.000000	0.000000
128	9700	280	0.015000	2 	 30 	53	0.003235	0.011841	0.003235	4.280732
128	9700	281	0.015000	2 	 1 	16142	0.985229	0.985229	0.000000	0.000000
128	9700	282	0.015000	2 	 1 	16149	0.985657	0.985657	0.000000	0.000000
128	9700	283	0.015000	2 	 282 	755	0.046082	0.147278	0.046082	14.469999
128	9700	284	0.015000	2 	 135 	6213	0.379211	0.426453	0.002869	3.998076
128	9700	285	0.015000	2 	 1 	16150	0.985718	0.985718	0.000000	0.000000
128	9700	286	0.015000	2 	 1 	16142	0.985229	0.985229	0.000000	0.000000
128	9700	287	0.015000	2 	 1 	16142	0.985229	0.985229	0.000000	0.000000
128	9700	288	0.015000	2 	 29 	13775	0.840759	0.847473	0.001038	1.920648
128	9700	289	0.015000	2 	 134 	8306	0.506958	0.539001	0.002197	3.197100
128	9700	290	0.015000	2 	 1 	16133	0.984680	0.984680	0.000000	0.000000
128	9700	291	0.015000	2 	 114 	9261	0.565247	0.587891	0.001160	2.140210
128	9700	292	0.015000	2 	 133 	9267	0.565613	0.609680	0.002380	3.353391
128	9700	293	0.015000	2 	 55 	10298	0.628540	0.645569	0.002991	3.914007
128	9700	294	0.015000	2 	 1 	16148	0.985596	0.985596	0.000000	0.000000
128	9700	295	0.015000	2 	 23 	13848	0.845215	0.852478	0.001282	2.380952
128	9700	296	0.015000	2 	 1 	16023	0.977966	0.977966	0.000000	0.000000
128	9700	297	0.015000	2 	 1 	16131	0.984558	0.984558	0.000000	0.000000
128	9700	298	0.015000	2 	 1 	16129	0.984436	0.984436	0.000000	0.000000
128	9700	299	0.015000	2 	 3 	15566	0.950073	0.950623	0.000366	1.394433
128	9700	300	0.015000	2 	 69 	10933	0.667297	0.683044	0.001038	2.057983
128	9700	301	0.015000	2 	 128 	4126	0.251831	0.293091	0.251831	29.408170
128	9700	302	0.015000	2 	 34 	13651	0.833191	0.839722	0.000977	1.826455
128	9700	303	0.015000	2 	 1 	16170	0.986938	0.986938	0.000000	0.000000
128	9700	304	0.015000	2 	 143 	36	0.002197	0.042786	0.002197	3.390937
128	9700	305	0.015000	2 	 1 	16130	0.984497	0.984497	0.000000	0.000000
128	9700	306	0.015000	2 	 1 	16151	0.985779	0.985779	0.000000	0.000000
128	9700	307	0.015000	2 	 1 	16143	0.985291	0.985291	0.000000	0.000000
128	9700	308	0.015000	2 	 37 	12972	0.791748	0.800171	0.001404	2.692144
128	9700	309	0.015000	2 	 10 	15266	0.931763	0.932556	0.000183	0.666667
128	9700	310	0.015000	2 	 152 	3340	0.203857	0.245605	0.203857	27.585656
128	9700	311	0.015000	2 	 1 	16130	0.984497	0.984497	0.000000	0.000000
128	9700	312	0.015000	2 	 1 	16150	0.985718	0.985718	0.000000	0.000000
128	9700	313	0.015000	2 	 24 	14694	0.896851	0.903625	0.001892	3.327744
128	9700	314	0.015000	2 	 1 	16152	0.985840	0.985840	0.000000	0.000000
128	9700	315	0.015000	2 	 1 	16142	0.985229	0.985229	0.000000	0.000000
128	9700	316	0.015000	2 	 1 	16142	0.985229	0.985229	0.000000	0.000000
128	9700	317	0.015000	2 	 1 	16028	0.978271	0.978271	0.000000	0.000000
128	9700	318	0.015000	2 	 1 	16144	0.985352	0.985352	0.000000	0.000000
128	9700	319	0.015000	2 	 1 	16144	0.985352	0.985352	0.000000	0.000000
128	9700	320	0.015000	2 	 1 	16124	0.984131	0.984131	0.000000	0.000000
128	9700	321	0.015000	2 	 193 	4095	0.249939	0.303833	0.249939	29.277514
128	9700	322	0.015000	2 	 1 	16174	0.987183	0.987183	0.000000	0.000000
128	9700	323	0.015000	2 	 1 	16153	0.985901	0.985901	0.000000	0.000000
128	9700	324	0.015000	2 	 1 	16146	0.985474	0.985474	0.000000	0.000000
128	9700	325	0.015000	2 	 1 	16148	0.985596	0.985596	0.000000	0.000000
128	9700	326	0.015000	2 	 1 	16128	0.984375	0.984375	0.000000	0.000000
128	9700	327	0.015000	2 	 1 	16142	0.985229	0.985229	0.000000	0.000000
128	9700	328	0.015000	2 	 1 	16141	0.985168	0.985168	0.000000	0.000000
128	9700	329	0.015000	2 	 11 	14499	0.884949	0.886108	0.000244	0.866025
128	9700	330	0.015000	2 	 1 	15886	0.969604	0.969604	0.000000	0.000000
128	9700	331	0.015000	2 	 1 	16141	0.985168	0.985168	0.000000	0.000000
128	9700	332	0.015000	2 	 1 	16153	0.985901	0.985901	0.000000	0.000000
128	9700	333	0.015000	2 	 1 	16144	0.985352	0.985352	0.000000	0.000000
128	9700	334	0.015000	2 	 14 	15094	0.921265	0.923279	0.000488	1.172604
128	9700	335	0.015000	2 	 2 	15852	0.967529	0.967590	0.000061	0.000000
128	9700	336	0.015000	2 	 88 	10359	0.632263	0.654053	0.001892	2.973697
128	9700	337	0.015000	2 	 1 	16127	0.984314	0.984314	0.000000	0.000000
128	9700	338	0.015000	2 	 1 	16117	0.983704	0.983704	0.000000	0.000000
128	9700	339	0.015000	2 	 1 	16156	0.986084	0.986084	0.000000	0.000000
128	9700	340	0.015000	2 	 56 	12424	0.758301	0.773010	0.002930	4.069439
128	9700	341	0.015000	2 	 1 	16149	0.985657	0.985657	0.000000	0.000000
128	9700	342	0.015000	2 	 25 	14207	0.867126	0.872986	0.001282	2.721378
128	9700	343	0.015000	2 	 1 	16133	0.984680	0.984680	0.000000	0.000000
128	9700	344	0.015000	2 	 28 	13440	0.820312	0.824219	0.000549	1.196703
128	9700	345	0.015000	2 	 1 	16144	0.985352	0.985352	0.000000	0.000000
128	9700	346	0.015000	2 	 61 	11504	0.702148	0.718140	0.001831	2.818195
128	9700	347	0.015000	2 	 1 	16140	0.985107	0.985107	0.000000	0.000000
128	9700	348	0.015000	2 	 1 	16146	0.985474	0.985474	0.000000	0.000000
128	9700	349	0.015000	2 	 1 	16162	0.986450	0.986450	0.000000	0.000000
128	9700	350	0.015000	2 	 1 	16119	0.983826	0.983826	0.000000	0.000000
128	9700	351	0.015000	2 	 1 	16167	0.986755	0.986755	0.000000	0.000000
128	9700	352	0.015000	2 	 1 	16133	0.984680	0.984680	0.000000	0.000000
128	9700	353	0.015000	2 	 1 	16146	0.985474	0.985474	0.000000	0.000000
128	9700	354	0.015000	2 	 1 	16149	0.985657	0.985657	0.000000	0.000000
128	9700	355	0.015000	2 	 1 	16143	0.985291	0.985291	0.000000	0.000000
128	9700	356	0.015000	2 	 122 	7041	0.429749	0.467834	0.002686	3.851049
128	9700	357	0.015000	2 	 200 	3620	0.220947	0.269531	0.220947	29.255204
128	9700	358	0.015000	2 	 10 	15337	0.936096	0.938293	0.001465	2.426703
128	9700	359	0.015000	2 	 1 	16057	0.980042	0.980042	0.000000	0.000000
128	9700	360	0.015000	2 	 1 	16157	0.986145	0.986145	0.000000	0.000000
128	9700	361	0.015000	2 	 1 	16154	0.985962	0.985962	0.000000	0.000000
128	9700	362	0.015000	2 	 1 	15816	0.965332	0.965332	0.000000	0.000000
128	9700	363	0.015000	2 	 65 	19	0.001160	0.013000	0.001160	2.740888
128	9700	364	0.015000	2 	 1 	16112	0.983398	0.983398	0.000000	0.000000
128	9700	365	0.015000	2 	 1 	16130	0.984497	0.984497	0.000000	0.000000
128	9700	366	0.015000	2 	 1 	16158	0.986206	0.986206	0.000000	0.000000
128	9700	367	0.015000	2 	 1 	16130	0.984497	0.984497	0.000000	0.000000
128	9700	368	0.015000	2 	 1 	16151	0.985779	0.985779	0.000000	0.000000
128	9700	369	0.015000	2 	 1 	16139	0.985046	0.985046	0.000000	0.000000
128	9700	370	0.015000	2 	 1 	16126	0.984253	0.984253	0.000000	0.000000
128	9700	371	0.015000	2 	 1 	16132	0.984619	0.984619	0.000000	0.000000
128	9700	372	0.015000	2 	 1 	16142	0.985229	0.985229	0.000000	0.000000
128	9700	373	0.015000	2 	 97 	8108	0.494873	0.518921	0.001770	3.039964
128	9700	374	0.015000	2 	 95 	11159	0.681091	0.707397	0.002808	4.307867
128	9700	375	0.015000	2 	 22 	14160	0.864258	0.868042	0.000916	2.008869
128	9700	376	0.015000	2 	 1 	16123	0.984070	0.984070	0.000000	0.000000
128	9700	377	0.015000	2 	 1 	16133	0.984680	0.984680	0.000000	0.000000
128	9700	378	0.015000	2 	 1 	16147	0.985535	0.985535	0.000000	0.000000
128	9700	379	0.015000	2 	 37 	12891	0.786804	0.801514	0.004150	4.147372
128	9700	380	0.015000	2 	 85 	8138	0.496704	0.515747	0.003601	4.348903
128	9700	381	0.015000	2 	 69 	9960	0.607910	0.628052	0.002686	4.298640
128	9700	382	0.015000	2 	 1 	16153	0.985901	0.985901	0.000000	0.000000
128	9700	383	0.015000	2 	 1 	16136	0.984863	0.984863	0.000000	0.000000
128	9700	384	0.015000	2 	 175 	2148	0.131104	0.182983	0.131104	21.971236
128	9700	385	0.015000	2 	 62 	11052	0.674561	0.692993	0.001770	3.372971
128	9700	386	0.015000	2 	 1 	16148	0.985596	0.985596	0.000000	0.000000
128	9700	387	0.015000	2 	 1 	16052	0.979736	0.979736	0.000000	0.000000
128	9700	388	0.015000	2 	 1 	16147	0.985535	0.985535	0.000000	0.000000
128	9700	389	0.015000	2 	 166 	4012	0.244873	0.293640	0.244873	30.633218
128	9700	390	0.015000	2 	 88 	11559	0.705505	0.730591	0.002808	3.238255
128	9700	391	0.015000	2 	 5 	15310	0.934448	0.934753	0.000122	0.500000
128	9700	392	0.015000	2 	 95 	9398	0.573608	0.596985	0.002747	3.973741
128	9700	393	0.015000	2 	 1 	16132	0.984619	0.984619	0.000000	0.000000
128	9700	394	0.015000	2 	 1 	16150	0.985718	0.985718	0.000000	0.000000
128	9700	395	0.015000	2 	 1 	16163	0.986511	0.986511	0.000000	0.000000
128	9700	396	0.015000	2 	 1 	16144	0.985352	0.985352	0.000000	0.000000
128	9700	397	0.015000	2 	 1 	16130	0.984497	0.984497	0.000000	0.000000
128	9700	398	0.015000	2 	 1 	16106	0.983032	0.983032	0.000000	0.000000
128	9700	399	0.015000	2 	 1 	16118	0.983765	0.983765	0.000000	0.000000
128	9700	400	0.015000	2 	 1 	16153	0.985901	0.985901	0.000000	0.000000
128	9700	401	0.015000	2 	 1 	16127	0.984314	0.984314	0.000000	0.000000
128	9700	402	0.015000	2 	 51 	12921	0.788635	0.806580	0.002563	3.550175
128	9700	403	0.015000	2 	 1 	16128	0.984375	0.984375	0.000000	0.000000
128	9700	404	0.015000	2 	 1 	16156	0.986084	0.986084	0.000000	0.000000
128	9700	405	0.015000	2 	 1 	16147	0.985535	0.985535	0.000000	0.000000
128	9700	406	0.015000	2 	 43 	12100	0.738525	0.747498	0.000977	2.207940
128	9700	407	0.015000	2 	 1 	16121	0.983948	0.983948	0.000000	0.000000
128	9700	408	0.015000	2 	 23 	14294	0.872437	0.877930	0.002075	2.897619
128	9700	409	0.015000	2 	 105 	11517	0.702942	0.731934	0.001892	3.391855
128	9700	410	0.015000	2 	 84 	11735	0.716248	0.736084	0.001465	2.733219
128	9700	411	0.015000	2 	 99 	189	0.011536	0.039062	0.011536	8.864643
128	9700	412	0.015000	2 	 49 	13086	0.798706	0.813293	0.001648	2.712062
128	9700	413	0.015000	2 	 1 	16119	0.983826	0.983826	0.000000	0.000000
128	9700	414	0.015000	2 	 1 	16132	0.984619	0.984619	0.000000	0.000000
128	9700	415	0.015000	2 	 16 	14376	0.877441	0.881165	0.001770	2.994247
128	9700	416	0.015000	2 	 1 	16148	0.985596	0.985596	0.000000	0.000000
128	9700	417	0.015000	2 	 1 	16150	0.985718	0.985718	0.000000	0.000000
128	9700	418	0.015000	2 	 1 	16137	0.984924	0.984924	0.000000	0.000000
128	9700	419	0.015000	2 	 1 	16128	0.984375	0.984375	0.000000	0.000000
128	9700	420	0.015000	2 	 39 	12792	0.780762	0.793640	0.002075	2.863232
128	9700	421	0.015000	2 	 170 	626	0.038208	0.091125	0.038208	15.116409
128	9700	422	0.015000	2 	 1 	16140	0.985107	0.985107	0.000000	0.000000
128	9700	423	0.015000	2 	 1 	15852	0.967529	0.967529	0.000000	0.000000
128	9700	424	0.015000	2 	 1 	16152	0.985840	0.985840	0.000000	0.000000
128	9700	425	0.015000	2 	 1 	16129	0.984436	0.984436	0.000000	0.000000
128	9700	426	0.015000	2 	 1 	16156	0.986084	0.986084	0.000000	0.000000
128	9700	427	0.015000	2 	 1 	16153	0.985901	0.985901	0.000000	0.000000
128	9700	428	0.015000	2 	 1 	16134	0.984741	0.984741	0.000000	0.000000
128	9700	429	0.015000	2 	 1 	16130	0.984497	0.984497	0.000000	0.000000
128	9700	430	0.015000	2 	 201 	90	0.005493	0.061707	0.005493	4.833218
128	9700	431	0.015000	2 	 93 	10716	0.654053	0.674561	0.001770	2.364522
128	9700	432	0.015000	2 	 132 	3301	0.201477	0.237305	0.201477	26.429806
128	9700	433	0.015000	2 	 1 	16175	0.987244	0.987244	0.000000	0.000000
128	9700	434	0.015000	2 	 1 	16109	0.983215	0.983215	0.000000	0.000000
128	9700	435	0.015000	2 	 3 	15730	0.960083	0.960205	0.000061	0.000000
128	9700	436	0.015000	2 	 1 	16135	0.984802	0.984802	0.000000	0.000000
128	9700	437	0.015000	2 	 1 	16130	0.984497	0.984497	0.000000	0.000000
128	9700	438	0.015000	2 	 184 	6932	0.423096	0.483032	0.423096	36.659707
128	9700	439	0.015000	2 	 161 	3455	0.210876	0.250183	0.210876	27.200263
128	9700	440	0.015000	2 	 1 	16158	0.986206	0.986206	0.000000	0.000000
128	9700	441	0.015000	2 	 1 	16129	0.984436	0.984436	0.000000	0.000000
128	9700	442	0.015000	2 	 1 	16134	0.984741	0.984741	0.000000	0.000000
128	9700	443	0.015000	2 	 13 	14951	0.912537	0.914673	0.001099	2.625845
128	9700	444	0.015000	2 	 1 	16159	0.986267	0.986267	0.000000	0.000000
128	9700	445	0.015000	2 	 91 	9523	0.581238	0.600220	0.001648	2.737027
128	9700	446	0.015000	2 	 44 	13536	0.826172	0.833923	0.001221	2.270463
128	9700	447	0.015000	2 	 38 	12	0.000732	0.007812	0.000732	1.630865
128	9700	448	0.015000	2 	 1 	16137	0.984924	0.984924	0.000000	0.000000
128	9700	449	0.015000	2 	 1 	16154	0.985962	0.985962	0.000000	0.000000
128	9700	450	0.015000	2 	 1 	16119	0.983826	0.983826	0.000000	0.000000
128	9700	451	0.015000	2 	 1 	16118	0.983765	0.983765	0.000000	0.000000
128	9700	452	0.015000	2 	 12 	13	0.000793	0.002380	0.000793	2.061194
128	9700	453	0.015000	2 	 46 	13048	0.796387	0.805908	0.002258	3.514761
128	9700	454	0.015000	2 	 58 	11690	0.713501	0.729431	0.001770	3.110719
128	9700	455	0.015000	2 	 1 	16147	0.985535	0.985535	0.000000	0.000000
128	9700	456	0.015000	2 	 1 	16127	0.984314	0.984314	0.000000	0.000000
128	9700	457	0.015000	2 	 86 	8647	0.527771	0.549988	0.002136	3.666951
128	9700	458	0.015000	2 	 1 	16116	0.983643	0.983643	0.000000	0.000000
128	9700	459	0.015000	2 	 1 	16137	0.984924	0.984924	0.000000	0.000000
128	9700	460	0.015000	2 	 219 	2864	0.174805	0.239807	0.174805	27.892999
128	9700	461	0.015000	2 	 144 	1606	0.098022	0.155273	0.098022	19.384057
128	9700	462	0.015000	2 	 1 	16117	0.983704	0.983704	0.000000	0.000000
128	9700	463	0.015000	2 	 176 	47	0.002869	0.052734	0.002869	5.723602
128	9700	464	0.015000	2 	 22 	7	0.000427	0.003967	0.000427	1.261680
128	9700	465	0.015000	2 	 1 	16101	0.982727	0.982727	0.000000	0.000000
128	9700	466	0.015000	2 	 1 	16140	0.985107	0.985107	0.000000	0.000000
128	9700	467	0.015000	2 	 1 	16157	0.986145	0.986145	0.000000	0.000000
128	9700	468	0.015000	2 	 144 	3994	0.243774	0.286560	0.243774	28.627480
128	9700	469	0.015000	2 	 1 	16121	0.983948	0.983948	0.000000	0.000000
128	9700	470	0.015000	2 	 1 	16101	0.982727	0.982727	0.000000	0.000000
128	9700	471	0.015000	2 	 1 	16123	0.984070	0.984070	0.000000	0.000000
128	9700	472	0.015000	2 	 1 	16132	0.984619	0.984619	0.000000	0.000000
128	9700	473	0.015000	2 	 1 	16136	0.984863	0.984863	0.000000	0.000000
128	9700	474	0.015000	2 	 1 	16142	0.985229	0.985229	0.000000	0.000000
128	9700	475	0.015000	2 	 1 	16097	0.982483	0.982483	0.000000	0.000000
128	9700	476	0.015000	2 	 1 	16169	0.986877	0.986877	0.000000	0.000000
128	9700	477	0.015000	2 	 160 	4184	0.255371	0.304749	0.255371	31.655107
128	9700	478	0.015000	2 	 1 	16156	0.986084	0.986084	0.000000	0.000000
128	9700	479	0.015000	2 	 40 	12662	0.772827	0.782349	0.001160	2.275974
128	9700	480	0.015000	2 	 117 	8113	0.495178	0.523438	0.002319	3.481749
128	9700	481	0.015000	2 	 1 	16130	0.984497	0.984497	0.000000	0.000000
128	9700	482	0.015000	2 	 1 	16130	0.984497	0.984497	0.000000	0.000000
128	9700	483	0.015000	2 	 46 	13218	0.806763	0.816772	0.001221	3.144440
128	9700	484	0.015000	2 	 26 	13967	0.852478	0.856445	0.000549	1.324042
128	9700	485	0.015000	2 	 1 	16154	0.985962	0.985962	0.000000	0.000000
128	9700	486	0.015000	2 	 1 	16142	0.985229	0.985229	0.000000	0.000000
128	9700	487	0.015000	2 	 1 	16113	0.983459	0.983459	0.000000	0.000000
128	9700	488	0.015000	2 	 1 	16127	0.984314	0.984314	0.000000	0.000000
128	9700	489	0.015000	2 	 1 	16147	0.985535	0.985535	0.000000	0.000000
128	9700	490	0.015000	2 	 1 	16139	0.985046	0.985046	0.000000	0.000000
128	9700	491	0.015000	2 	 1 	16131	0.984558	0.984558	0.000000	0.000000
128	9700	492	0.015000	2 	 1 	16130	0.984497	0.984497	0.000000	0.000000
128	9700	493	0.015000	2 	 1 	16126	0.984253	0.984253	0.000000	0.000000
128	9700	494	0.015000	2 	 37 	13759	0.839783	0.847046	0.001404	2.310492
128	9700	495	0.015000	2 	 44 	11935	0.728455	0.735413	0.000793	2.117831
128	9700	496	0.015000	2 	 9 	14882	0.908325	0.909241	0.000305	0.894427
128	9700	497	0.015000	2 	 1 	16129	0.984436	0.984436	0.000000	0.000000
128	9700	498	0.015000	2 	 140 	4038	0.246460	0.297729	0.246460	29.108453
128	9700	499	0.015000	2 	 214 	3492	0.213135	0.277161	0.213135	32.381753
128	9700	500	0.015000	2 	 111 	8342	0.509155	0.540283	0.003357	4.277869
128	9700	501	0.015000	2 	 53 	11843	0.722839	0.736694	0.001282	2.414995
128	9700	502	0.015000	2 	 39 	13081	0.798401	0.807922	0.001282	2.256761
128	9700	503	0.015000	2 	 1 	16153	0.985901	0.985901	0.000000	0.000000
128	9700	504	0.015000	2 	 1 	16127	0.984314	0.984314	0.000000	0.000000
128	9700	505	0.015000	2 	 1 	16139	0.985046	0.985046	0.000000	0.000000
128	9700	506	0.015000	2 	 1 	16019	0.977722	0.977722	0.000000	0.000000
128	9700	507	0.015000	2 	 82 	9889	0.603577	0.631287	0.001831	3.370625
128	9700	508	0.015000	2 	 1 	16155	0.986023	0.986023	0.000000	0.000000
128	9700	509	0.015000	2 	 166 	4393	0.268127	0.318359	0.268127	30.274292
128	9700	510	0.015000	2 	 1 	16119	0.983826	0.983826	0.000000	0.000000
128	9700	511	0.015000	2 	 94 	11454	0.699097	0.721863	0.001709	2.937704
128	9700	512	0.015000	2 	 54 	13	0.000793	0.009277	0.000793	2.255827
128	9700	513	0.015000	2 	 1 	16130	0.984497	0.984497	0.000000	0.000000
128	9700	514	0.015000	2 	 2 	15481	0.944885	0.945068	0.000183	0.666667
128	9700	515	0.015000	2 	 1 	16171	0.987000	0.987000	0.000000	0.000000
128	9700	516	0.015000	2 	 1 	16118	0.983765	0.983765	0.000000	0.000000
128	9700	517	0.015000	2 	 1 	16157	0.986145	0.986145	0.000000	0.000000
128	9700	518	0.015000	2 	 1 	16092	0.982178	0.982178	0.000000	0.000000
128	9700	519	0.015000	2 	 18 	13873	0.846741	0.849304	0.000488	1.357848
128	9700	520	0.015000	2 	 1 	16119	0.983826	0.983826	0.000000	0.000000
128	9700	521	0.015000	2 	 1 	16144	0.985352	0.985352	0.000000	0.000000
128	9700	522	0.015000	2 	 1 	16136	0.984863	0.984863	0.000000	0.000000
128	9700	523	0.015000	2 	 1 	16133	0.984680	0.984680	0.000000	0.000000
128	9700	524	0.015000	2 	 1 	15919	0.971619	0.971619	0.000000	0.000000
128	9700	525	0.015000	2 	 1 	16153	0.985901	0.985901	0.000000	0.000000
128	9700	526	0.015000	2 	 1 	16142	0.985229	0.985229	0.000000	0.000000
128	9700	527	0.015000	2 	 53 	12759	0.778748	0.789307	0.001953	3.205068
128	9700	528	0.015000	2 	 38 	13211	0.806335	0.815308	0.000977	1.729794
128	9700	529	0.015000	2 	 4 	15391	0.939392	0.939941	0.000366	1.080123
128	9700	530	0.015000	2 	 160 	6357	0.388000	0.432861	0.388000	35.008639
128	9700	531	0.015000	2 	 140 	147	0.008972	0.054504	0.008972	6.751220
128	9700	532	0.015000	2 	 84 	26	0.001587	0.024231	0.001587	3.414206
128	9700	533	0.015000	2 	 1 	16141	0.985168	0.985168	0.000000	0.000000
128	9700	534	0.015000	2 	 60 	11299	0.689636	0.705322	0.001221	2.288558
128	9700	535	0.015000	2 	 17 	14842	0.905884	0.910400	0.001831	2.905359
128	9700	536	0.015000	2 	 1 	16137	0.984924	0.984924	0.000000	0.000000
128	9700	537	0.015000	2 	 42 	13677	0.834778	0.846191	0.001709	2.649605
128	9700	538	0.015000	2 	 89 	9461	0.577454	0.603394	0.002686	3.505604
128	9700	539	0.015000	2 	 1 	16124	0.984131	0.984131	0.000000	0.000000
128	9700	540	0.015000	2 	 1 	16164	0.986572	0.986572	0.000000	0.000000
128	9700	541	0.015000	2 	 1 	16155	0.986023	0.986023	0.000000	0.000000
128	9700	542	0.015000	2 	 104 	9030	0.551147	0.591309	0.003296	4.643461
128	9700	543	0.015000	2 	 155 	414	0.025269	0.080811	0.025269	11.803372
128	9700	544	0.015000	2 	 108 	9880	0.603027	0.630249	0.002563	3.576584
128	9700	545	0.015000	2 	 175 	3585	0.218811	0.273193	0.218811	32.176613
128	9700	546	0.015000	2 	 81 	11079	0.676208	0.693115	0.001343	2.221700
128	9700	547	0.015000	2 	 1 	16128	0.984375	0.984375	0.000000	0.000000
128	9700	548	0.015000	2 	 21 	14225	0.868225	0.872803	0.002136	4.049844
128	9700	549	0.015000	2 	 140 	8728	0.532715	0.565491	0.001892	2.849320
128	9700	550	0.015000	2 	 1 	16132	0.984619	0.984619	0.000000	0.000000
128	9700	551	0.015000	2 	 1 	16122	0.984009	0.984009	0.000000	0.000000
128	9700	552	0.015000	2 	 1 	16121	0.983948	0.983948	0.000000	0.000000
128	9700	553	0.015000	2 	 1 	16138	0.984985	0.984985	0.000000	0.000000
128	9700	554	0.015000	2 	 1 	16140	0.985107	0.985107	0.000000	0.000000
128	9700	555	0.015000	2 	 139 	6676	0.407471	0.442871	0.001648	3.496422
128	9700	556	0.015000	2 	 7 	15190	0.927124	0.927979	0.000305	0.979796
128	9700	557	0.015000	2 	 36 	13661	0.833801	0.845093	0.002319	3.131137
128	9700	558	0.015000	2 	 101 	12	0.000732	0.019836	0.000732	1.855921
128	9700	559	0.015000	2 	 3 	15793	0.963928	0.964050	0.000061	0.000000
128	9700	560	0.015000	2 	 1 	16121	0.983948	0.983948	0.000000	0.000000
128	9700	561	0.015000	2 	 1 	16127	0.984314	0.984314	0.000000	0.000000
128	9700	562	0.015000	2 	 1 	16147	0.985535	0.985535	0.000000	0.000000
128	9700	563	0.015000	2 	 1 	16133	0.984680	0.984680	0.000000	0.000000
128	9700	564	0.015000	2 	 8 	15258	0.931274	0.933594	0.000732	1.821934
128	9700	565	0.015000	2 	 1 	16117	0.983704	0.983704	0.000000	0.000000
128	9700	566	0.015000	2 	 1 	16126	0.984253	0.984253	0.000000	0.000000
128	9700	567	0.015000	2 	 148 	1933	0.117981	0.168030	0.117981	21.279704
128	9700	568	0.015000	2 	 232 	4317	0.263489	0.321899	0.263489	30.121516
128	9700	569	0.015000	2 	 1 	16147	0.985535	0.985535	0.000000	0.000000
128	9700	570	0.015000	2 	 1 	15897	0.970276	0.970276	0.000000	0.000000
128	9700	571	0.015000	2 	 77 	31	0.001892	0.021362	0.001892	3.439315
128	9700	572	0.015000	2 	 180 	462	0.028198	0.091064	0.028198	13.103613
128	9700	573	0.015000	2 	 1 	16151	0.985779	0.985779	0.000000	0.000000
128	9700	574	0.015000	2 	 1 	16155	0.986023	0.986023	0.000000	0.000000
128	9700	575	0.015000	2 	 180 	2733	0.166809	0.221619	0.166809	24.391515
128	9700	576	0.015000	2 	 1 	16135	0.984802	0.984802	0.000000	0.000000
128	9700	577	0.015000	2 	 1 	16136	0.984863	0.984863	0.000000	0.000000
128	9700	578	0.015000	2 	 1 	16141	0.985168	0.985168	0.000000	0.000000
128	9700	579	0.015000	2 	 1 	16141	0.985168	0.985168	0.000000	0.000000
128	9700	580	0.015000	2 	 1 	15950	0.973511	0.973511	0.000000	0.000000
128	9700	581	0.015000	2 	 1 	16167	0.986755	0.986755	0.000000	0.000000
128	9700	582	0.015000	2 	 36 	13442	0.820435	0.826904	0.001465	3.044519
128	9700	583	0.015000	2 	 39 	13795	0.841980	0.850098	0.001221	2.065793
128	9700	584	0.015000	2 	 131 	1564	0.095459	0.136475	0.095459	19.729398
128	9700	585	0.015000	2 	 1 	16158	0.986206	0.986206	0.000000	0.000000
128	9700	586	0.015000	2 	 1 	16132	0.984619	0.984619	0.000000	0.000000
128	9700	587	0.015000	2 	 1 	16162	0.986450	0.986450	0.000000	0.000000
128	9700	588	0.015000	2 	 9 	15173	0.926086	0.927612	0.000427	1.340119
128	9700	589	0.015000	2 	 47 	13170	0.803833	0.814697	0.000854	1.740865
128	9700	590	0.015000	2 	 120 	8798	0.536987	0.572327	0.003357	4.379592
128	9700	591	0.015000	2 	 23 	13	0.000793	0.005249	0.000793	2.081192
128	9700	592	0.015000	2 	 85 	9004	0.549561	0.573364	0.002625	3.870259
128	9700	593	0.015000	2 	 168 	2852	0.174072	0.229980	0.174072	25.624794
128	9700	594	0.015000	2 	 1 	16157	0.986145	0.986145	0.000000	0.000000
128	9700	595	0.015000	2 	 1 	16005	0.976868	0.976868	0.000000	0.000000
128	9700	596	0.015000	2 	 6 	15276	0.932373	0.933411	0.000488	1.322876
128	9700	597	0.015000	2 	 1 	16144	0.985352	0.985352	0.000000	0.000000
128	9700	598	0.015000	2 	 1 	16139	0.985046	0.985046	0.000000	0.000000
128	9700	599	0.015000	2 	 1 	16114	0.983521	0.983521	0.000000	0.000000
128	9700	600	0.015000	2 	 48 	12358	0.754272	0.768921	0.004089	3.683617
128	9700	601	0.015000	2 	 1 	16152	0.985840	0.985840	0.000000	0.000000
128	9700	602	0.015000	2 	 38 	13384	0.816895	0.822388	0.000916	1.801234
128	9700	603	0.015000	2 	 1 	16131	0.984558	0.984558	0.000000	0.000000
128	9700	604	0.015000	2 	 4 	15657	0.955627	0.956055	0.000305	0.979796
128	9700	605	0.015000	2 	 1 	16126	0.984253	0.984253	0.000000	0.000000
128	9700	606	0.015000	2 	 37 	11	0.000671	0.007019	0.000671	1.781447
128	9700	607	0.015000	2 	 133 	1767	0.107849	0.147644	0.107849	22.417346
128	9700	608	0.015000	2 	 1 	16007	0.976990	0.976990	0.000000	0.000000
128	9700	609	0.015000	2 	 24 	14680	0.895996	0.900879	0.000671	1.966664
128	9700	610	0.015000	2 	 1 	16120	0.983887	0.983887	0.000000	0.000000
128	9700	611	0.015000	2 	 1 	16152	0.985840	0.985840	0.000000	0.000000
128	9700	612	0.015000	2 	 196 	3579	0.218445	0.280273	0.218445	29.507412
128	9700	613	0.015000	2 	 36 	13291	0.811218	0.823792	0.003906	5.469620
128	9700	614	0.015000	2 	 2 	15494	0.945679	0.945740	0.000061	0.000000
128	9700	615	0.015000	2 	 38 	13583	0.829041	0.841125	0.003784	4.539714
128	9700	616	0.015000	2 	 41 	13408	0.818359	0.829224	0.001648	2.969437
128	9700	617	0.015000	2 	 1 	16122	0.984009	0.984009	0.000000	0.000000
128	9700	618	0.015000	2 	 2 	15952	0.973633	0.973694	0.000061	0.000000
128	9700	619	0.015000	2 	 102 	9621	0.587219	0.611328	0.002502	3.249308
128	9700	620	0.015000	2 	 34 	12654	0.772339	0.782593	0.002258	3.327948
128	9700	621	0.015000	2 	 1 	16156	0.986084	0.986084	0.000000	0.000000
128	9700	622	0.015000	2 	 92 	10053	0.613586	0.639832	0.003723	4.597652
128	9700	623	0.015000	2 	 1 	16129	0.984436	0.984436	0.000000	0.000000
128	9700	624	0.015000	2 	 1 	16115	0.983582	0.983582	0.000000	0.000000
128	9700	625	0.015000	2 	 1 	16070	0.980835	0.980835	0.000000	0.000000
128	9700	626	0.015000	2 	 1 	16143	0.985291	0.985291	0.000000	0.000000
128	9700	627	0.015000	2 	 1 	16131	0.984558	0.984558	0.000000	0.000000
128	9700	628	0.015000	2 	 1 	16118	0.983765	0.983765	0.000000	0.000000
128	9700	629	0.015000	2 	 1 	16139	0.985046	0.985046	0.000000	0.000000
128	9700	630	0.015000	2 	 1 	16146	0.985474	0.985474	0.000000	0.000000
128	9700	631	0.015000	2 	 175 	3898	0.237915	0.280396	0.237915	28.463041
128	9700	632	0.015000	2 	 160 	3802	0.232056	0.283020	0.232056	28.362122
128	9700	633	0.015000	2 	 1 	16168	0.986816	0.986816	0.000000	0.000000
128	9700	634	0.015000	2 	 1 	16021	0.977844	0.977844	0.000000	0.000000
128	9700	635	0.015000	2 	 1 	16149	0.985657	0.985657	0.000000	0.000000
128	9700	636	0.015000	2 	 1 	16152	0.985840	0.985840	0.000000	0.000000
128	9700	637	0.015000	2 	 1 	16129	0.984436	0.984436	0.000000	0.000000
128	9700	638	0.015000	2 	 7 	15364	0.937744	0.938110	0.000061	0.000000
128	9700	639	0.015000	2 	 1 	16143	0.985291	0.985291	0.000000	0.000000
128	9700	640	0.015000	2 	 1 	16128	0.984375	0.984375	0.000000	0.000000
128	9700	641	0.015000	2 	 10 	15187	0.926941	0.928467	0.000854	1.836423
128	9700	642	0.015000	2 	 1 	16166	0.986694	0.986694	0.000000	0.000000
128	9700	643	0.015000	2 	 1 	16135	0.984802	0.984802	0.000000	0.000000
128	9700	644	0.015000	2 	 48 	12996	0.793213	0.805786	0.001709	3.113294
128	9700	645	0.015000	2 	 1 	16117	0.983704	0.983704	0.000000	0.000000
128	9700	646	0.015000	2 	 1 	16148	0.985596	0.985596	0.000000	0.000000
128	9700	647	0.015000	2 	 1 	16131	0.984558	0.984558	0.000000	0.000000
128	9700	648	0.015000	2 	 2 	16135	0.984802	0.984863	0.000061	0.000000
128	9700	649	0.015000	2 	 1 	16131	0.984558	0.984558	0.000000	0.000000
128	9700	650	0.015000	2 	 1 	16151	0.985779	0.985779	0.000000	0.000000
128	9700	651	0.015000	2 	 1 	16128	0.984375	0.984375	0.000000	0.000000
128	9700	652	0.015000	2 	 59 	11642	0.710571	0.727844	0.002258	3.204726
128	9700	653	0.015000	2 	 1 	16117	0.983704	0.983704	0.000000	0.000000
128	9700	654	0.015000	2 	 185 	3450	0.210571	0.269714	0.210571	31.842023
128	9700	655	0.015000	2 	 1 	16154	0.985962	0.985962	0.000000	0.000000
128	9700	656	0.015000	2 	 1 	16133	0.984680	0.984680	0.000000	0.000000
128	9700	657	0.015000	2 	 165 	4876	0.297607	0.350525	0.297607	31.382011
128	9700	658	0.015000	2 	 1 	16125	0.984192	0.984192	0.000000	0.000000
128	9700	659	0.015000	2 	 1 	16114	0.983521	0.983521	0.000000	0.000000
128	9700	660	0.015000	2 	 6 	15180	0.926514	0.927795	0.000793	1.503448
128	9700	661	0.015000	2 	 1 	16154	0.985962	0.985962	0.000000	0.000000
128	9700	662	0.015000	2 	 1 	16129	0.984436	0.984436	0.000000	0.000000
128	9700	663	0.015000	2 	 1 	16136	0.984863	0.984863	0.000000	0.000000
128	9700	664	0.015000	2 	 88 	9005	0.549622	0.577026	0.003601	4.173142
128	9700	665	0.015000	2 	 1 	16159	0.986267	0.986267	0.000000	0.000000
128	9700	666	0.015000	2 	 1 	16128	0.984375	0.984375	0.000000	0.000000
128	9700	667	0.015000	2 	 1 	16139	0.985046	0.985046	0.000000	0.000000
128	9700	668	0.015000	2 	 1 	16178	0.987427	0.987427	0.000000	0.000000
128	9700	669	0.015000	2 	 1 	16147	0.985535	0.985535	0.000000	0.000000
128	9700	670	0.015000	2 	 17 	14438	0.881226	0.885315	0.001465	2.670570
128	9700	671	0.015000	2 	 1 	16126	0.984253	0.984253	0.000000	0.000000
128	9700	672	0.015000	2 	 29 	24	0.001465	0.009460	0.001465	3.369337
128	9700	673	0.015000	2 	 1 	16140	0.985107	0.985107	0.000000	0.000000
128	9700	674	0.015000	2 	 156 	3711	0.226501	0.285461	0.226501	27.529274
128	9700	675	0.015000	2 	 1 	16145	0.985413	0.985413	0.000000	0.000000
128	9700	676	0.015000	2 	 32 	12308	0.751221	0.755798	0.000977	1.952562
128	9700	677	0.015000	2 	 2 	15821	0.965637	0.965698	0.000061	0.000000
128	9700	678	0.015000	2 	 1 	16056	0.979980	0.979980	0.000000	0.000000
128	9700	679	0.015000	2 	 1 	16117	0.983704	0.983704	0.000000	0.000000
128	9700	680	0.015000	2 	 1 	16123	0.984070	0.984070	0.000000	0.000000
128	9700	681	0.015000	2 	 1 	16159	0.986267	0.986267	0.000000	0.000000
128	9700	682	0.015000	2 	 138 	6938	0.423462	0.464233	0.003113	4.545215
128	9700	683	0.015000	2 	 99 	6570	0.401001	0.428772	0.003418	5.074383
128	9700	684	0.015000	2 	 2 	15546	0.948853	0.948914	0.000061	0.000000
128	9700	685	0.015000	2 	 175 	7023	0.428650	0.473145	0.428650	36.429805
128	9700	686	0.015000	2 	 1 	16142	0.985229	0.985229	0.000000	0.000000
128	9700	687	0.015000	2 	 26 	14831	0.905212	0.909851	0.001099	3.697680
128	9700	688	0.015000	2 	 73 	10309	0.629211	0.644653	0.001526	2.771281
128	9700	689	0.015000	2 	 31 	13968	0.852539	0.862244	0.002380	3.772456
128	9700	690	0.015000	2 	 1 	16128	0.984375	0.984375	0.000000	0.000000
128	9700	691	0.015000	2 	 1 	16156	0.986084	0.986084	0.000000	0.000000
128	9700	692	0.015000	2 	 1 	16144	0.985352	0.985352	0.000000	0.000000
128	9700	693	0.015000	2 	 1 	16011	0.977234	0.977234	0.000000	0.000000
128	9700	694	0.015000	2 	 134 	61	0.003723	0.046875	0.003723	5.055776
128	9700	695	0.015000	2 	 1 	16148	0.985596	0.985596	0.000000	0.000000
128	9700	696	0.015000	2 	 7 	15345	0.936584	0.938049	0.000549	1.295767
128	9700	697	0.015000	2 	 1 	16138	0.984985	0.984985	0.000000	0.000000
128	9700	698	0.015000	2 	 171 	57	0.003479	0.051453	0.003479	4.066620
128	9700	699	0.015000	2 	 27 	13300	0.811768	0.815552	0.000610	1.910497
128	9700	700	0.015000	2 	 117 	8355	0.509949	0.535095	0.002380	3.636328
128	9700	701	0.015000	2 	 1 	16140	0.985107	0.985107	0.000000	0.000000
128	9700	702	0.015000	2 	 1 	16152	0.985840	0.985840	0.000000	0.000000
128	9700	703	0.015000	2 	 1 	15945	0.973206	0.973206	0.000000	0.000000
128	9700	704	0.015000	2 	 148 	4480	0.273438	0.316101	0.273438	31.258660
128	9700	705	0.015000	2 	 14 	14758	0.900757	0.904785	0.002014	3.532351
128	9700	706	0.015000	2 	 32 	14046	0.857300	0.863037	0.000916	1.927578
128	9700	707	0.015000	2 	 151 	3382	0.206421	0.245483	0.206421	27.321646
128	9700	708	0.015000	2 	 9 	14765	0.901184	0.903442	0.001770	2.409849
128	9700	709	0.015000	2 	 185 	4691	0.286316	0.345642	0.286316	33.483482
128	9700	710	0.015000	2 	 1 	16141	0.985168	0.985168	0.000000	0.000000
128	9700	711	0.015000	2 	 1 	16161	0.986389	0.986389	0.000000	0.000000
128	9700	712	0.015000	2 	 54 	11879	0.725037	0.739563	0.002258	3.229249
128	9700	713	0.015000	2 	 1 	16061	0.980286	0.980286	0.000000	0.000000
128	9700	714	0.015000	2 	 1 	16140	0.985107	0.985107	0.000000	0.000000
128	9700	715	0.015000	2 	 1 	16143	0.985291	0.985291	0.000000	0.000000
128	9700	716	0.015000	2 	 1 	16137	0.984924	0.984924	0.000000	0.000000
128	9700	717	0.015000	2 	 234 	755	0.046082	0.138916	0.046082	14.891514
128	9700	718	0.015000	2 	 1 	16143	0.985291	0.985291	0.000000	0.000000
128	9700	719	0.015000	2 	 1 	16142	0.985229	0.985229	0.000000	0.000000
128	9700	720	0.015000	2 	 1 	16129	0.984436	0.984436	0.000000	0.000000
128	9700	721	0.015000	2 	 1 	16146	0.985474	0.985474	0.000000	0.000000
128	9700	722	0.015000	2 	 10 	15201	0.927795	0.929260	0.000671	1.564059
128	9700	723	0.015000	2 	 1 	16138	0.984985	0.984985	0.000000	0.000000
128	9700	724	0.015000	2 	 153 	96	0.005859	0.065308	0.005859	6.148543
128	9700	725	0.015000	2 	 126 	5769	0.352112	0.379761	0.001892	3.342097
128	9700	726	0.015000	2 	 107 	27	0.001648	0.030334	0.001648	3.433875
128	9700	727	0.015000	2 	 1 	16107	0.983093	0.983093	0.000000	0.000000
128	9700	728	0.015000	2 	 1 	16130	0.984497	0.984497	0.000000	0.000000
128	9700	729	0.015000	2 	 1 	16148	0.985596	0.985596	0.000000	0.000000
128	9700	730	0.015000	2 	 1 	16144	0.985352	0.985352	0.000000	0.000000
128	9700	731	0.015000	2 	 1 	16111	0.983337	0.983337	0.000000	0.000000
128	9700	732	0.015000	2 	 1 	16117	0.983704	0.983704	0.000000	0.000000
128	9700	733	0.015000	2 	 1 	16100	0.982666	0.982666	0.000000	0.000000
128	9700	734	0.015000	2 	 1 	16123	0.984070	0.984070	0.000000	0.000000
128	9700	735	0.015000	2 	 1 	16129	0.984436	0.984436	0.000000	0.000000
128	9700	736	0.015000	2 	 3 	15589	0.951477	0.951599	0.000061	0.000000
128	9700	737	0.015000	2 	 108 	9057	0.552795	0.584106	0.003235	3.656233
128	9700	738	0.015000	2 	 1 	16140	0.985107	0.985107	0.000000	0.000000
128	9700	739	0.015000	2 	 1 	16113	0.983459	0.983459	0.000000	0.000000
128	9700	740	0.015000	2 	 1 	16149	0.985657	0.985657	0.000000	0.000000
128	9700	741	0.015000	2 	 1 	16097	0.982483	0.982483	0.000000	0.000000
128	9700	742	0.015000	2 	 13 	14810	0.903931	0.906860	0.001160	2.484300
128	9700	743	0.015000	2 	 141 	5824	0.355469	0.396790	0.355469	35.079077
128	9700	744	0.015000	2 	 1 	16146	0.985474	0.985474	0.000000	0.000000
128	9700	745	0.015000	2 	 124 	4655	0.284119	0.320801	0.002869	3.839711
128	9700	746	0.015000	2 	 85 	10207	0.622986	0.646790	0.002258	3.933524
128	9700	747	0.015000	2 	 75 	10583	0.645935	0.666504	0.003052	3.401176
128	9700	748	0.015000	2 	 3 	15455	0.943298	0.943420	0.000061	0.000000
128	9700	749	0.015000	2 	 43 	11911	0.726990	0.741699	0.003418	4.024003
128	9700	750	0.015000	2 	 1 	16156	0.986084	0.986084	0.000000	0.000000
128	9700	751	0.015000	2 	 85 	21	0.001282	0.019958	0.001282	2.331309
128	9700	752	0.015000	2 	 38 	13344	0.814453	0.822632	0.001892	2.951569
128	9700	753	0.015000	2 	 1 	16119	0.983826	0.983826	0.000000	0.000000
128	9700	754	0.015000	2 	 54 	12083	0.737488	0.748779	0.000977	1.727534
128	9700	755	0.015000	2 	 1 	16145	0.985413	0.985413	0.000000	0.000000
128	9700	756	0.015000	2 	 4 	15569	0.950256	0.950623	0.000244	0.866025
128	9700	757	0.015000	2 	 1 	16143	0.985291	0.985291	0.000000	0.000000
128	9700	758	0.015000	2 	 1 	16142	0.985229	0.985229	0.000000	0.000000
128	9700	759	0.015000	2 	 99 	8659	0.528503	0.553833	0.001282	2.825218
128	9700	760	0.015000	2 	 1 	16137	0.984924	0.984924	0.000000	0.000000
128	9700	761	0.015000	2 	 1 	16123	0.984070	0.984070	0.000000	0.000000
128	9700	762	0.015000	2 	 45 	11891	0.725769	0.733765	0.001038	2.317378
128	9700	763	0.015000	2 	 1 	16100	0.982666	0.982666	0.000000	0.000000
128	9700	764	0.015000	2 	 1 	16143	0.985291	0.985291	0.000000	0.000000
128	9700	765	0.015000	2 	 1 	16156	0.986084	0.986084	0.000000	0.000000
128	9700	766	0.015000	2 	 60 	22	0.001343	0.013977	0.001343	2.382790
128	9700	767	0.015000	2 	 1 	16127	0.984314	0.984314	0.000000	0.000000
128	9700	768	0.015000	2 	 1 	16116	0.983643	0.983643	0.000000	0.000000
128	9700	769	0.015000	2 	 98 	10584	0.645996	0.673523	0.003235	4.232475
128	9700	770	0.015000	2 	 33 	14393	0.878479	0.887329	0.002258	2.984743
128	9700	771	0.015000	2 	 1 	16129	0.984436	0.984436	0.000000	0.000000
128	9700	772	0.015000	2 	 1 	16131	0.984558	0.984558	0.000000	0.000000
128	9700	773	0.015000	2 	 1 	16131	0.984558	0.984558	0.000000	0.000000
128	9700	774	0.015000	2 	 1 	16131	0.984558	0.984558	0.000000	0.000000
128	9700	775	0.015000	2 	 1 	16121	0.983948	0.983948	0.000000	0.000000
128	9700	776	0.015000	2 	 124 	8172	0.498779	0.544861	0.003662	4.223085
128	9700	777	0.015000	2 	 197 	4711	0.287537	0.349854	0.287537	30.400019
128	9700	778	0.015000	2 	 1 	16146	0.985474	0.985474	0.000000	0.000000
128	9700	779	0.015000	2 	 192 	2874	0.175415	0.235352	0.175415	25.674854
128	9700	780	0.015000	2 	 1 	16131	0.984558	0.984558	0.000000	0.000000
128	9700	781	0.015000	2 	 1 	16119	0.983826	0.983826	0.000000	0.000000
128	9700	782	0.015000	2 	 1 	16127	0.984314	0.984314	0.000000	0.000000
128	9700	783	0.015000	2 	 129 	241	0.014709	0.068665	0.014709	8.735038
128	9700	784	0.015000	2 	 1 	16143	0.985291	0.985291	0.000000	0.000000
128	9700	785	0.015000	2 	 1 	16122	0.984009	0.984009	0.000000	0.000000
128	9700	786	0.015000	2 	 1 	16124	0.984131	0.984131	0.000000	0.000000
128	9700	787	0.015000	2 	 1 	16137	0.984924	0.984924	0.000000	0.000000
128	9700	788	0.015000	2 	 84 	11373	0.694153	0.715149	0.001526	2.413297
128	9700	789	0.015000	2 	 1 	16134	0.984741	0.984741	0.000000	0.000000
128	9700	790	0.015000	2 	 29 	13828	0.843994	0.851562	0.004211	4.414227
128	9700	791	0.015000	2 	 1 	16149	0.985657	0.985657	0.000000	0.000000
128	9700	792	0.015000	2 	 1 	16151	0.985779	0.985779	0.000000	0.000000
128	9700	793	0.015000	2 	 1 	15908	0.970947	0.970947	0.000000	0.000000
128	9700	794	0.015000	2 	 1 	16133	0.984680	0.984680	0.000000	0.000000
128	9700	795	0.015000	2 	 19 	14740	0.899658	0.902344	0.000488	1.211920
128	9700	796	0.015000	2 	 1 	16122	0.984009	0.984009	0.000000	0.000000
128	9700	797	0.015000	2 	 9 	15391	0.939392	0.941467	0.001160	2.416472
128	9700	798	0.015000	2 	 1 	16159	0.986267	0.986267	0.000000	0.000000
128	9700	799	0.015000	2 	 8 	15101	0.921692	0.922546	0.000305	1.058301
128	9700	800	0.015000	2 	 1 	16068	0.980713	0.980713	0.000000	0.000000
128	9700	801	0.015000	2 	 1 	16117	0.983704	0.983704	0.000000	0.000000
128	9700	802	0.015000	2 	 1 	16130	0.984497	0.984497	0.000000	0.000000
128	9700	803	0.015000	2 	 121 	2011	0.122742	0.154846	0.122742	21.974922
128	9700	804	0.015000	2 	 1 	16152	0.985840	0.985840	0.000000	0.000000
128	9700	805	0.015000	2 	 1 	16159	0.986267	0.986267	0.000000	0.000000
128	9700	806	0.015000	2 	 189 	3407	0.207947	0.264771	0.207947	26.702947
128	9700	807	0.015000	2 	 1 	16138	0.984985	0.984985	0.000000	0.000000
128	9700	808	0.015000	2 	 1 	16149	0.985657	0.985657	0.000000	0.000000
128	9700	809	0.015000	2 	 1 	16075	0.981140	0.981140	0.000000	0.000000
128	9700	810	0.015000	2 	 1 	16150	0.985718	0.985718	0.000000	0.000000
128	9700	811	0.015000	2 	 53 	11644	0.710693	0.718933	0.000732	1.622327
128	9700	812	0.015000	2 	 1 	16148	0.985596	0.985596	0.000000	0.000000
128	9700	813	0.015000	2 	 1 	16140	0.985107	0.985107	0.000000	0.000000
128	9700	814	0.015000	2 	 1 	16135	0.984802	0.984802	0.000000	0.000000
128	9700	815	0.015000	2 	 1 	16136	0.984863	0.984863	0.000000	0.000000
128	9700	816	0.015000	2 	 1 	16104	0.982910	0.982910	0.000000	0.000000
128	9700	817	0.015000	2 	 1 	16149	0.985657	0.985657	0.000000	0.000000
128	9700	818	0.015000	2 	 1 	16185	0.987854	0.987854	0.000000	0.000000
128	9700	819	0.015000	2 	 27 	11	0.000671	0.004822	0.000671	1.743939
128	9700	820	0.015000	2 	 27 	14327	0.874451	0.878296	0.000732	1.431297
128	9700	821	0.015000	2 	 88 	10686	0.652222	0.674255	0.001465	2.261928
128	9700	822	0.015000	2 	 117 	9086	0.554565	0.591064	0.002014	3.191472
128	9700	823	0.015000	2 	 1 	16115	0.983582	0.983582	0.000000	0.000000
128	9700	824	0.015000	2 	 1 	16139	0.985046	0.985046	0.000000	0.000000
128	9700	825	0.015000	2 	 1 	16135	0.984802	0.984802	0.000000	0.000000
128	9700	826	0.015000	2 	 1 	16104	0.982910	0.982910	0.000000	0.000000
128	9700	827	0.015000	2 	 1 	16149	0.985657	0.985657	0.000000	0.000000
128	9700	828	0.015000	2 	 32 	14215	0.867615	0.874268	0.000793	1.678263
128	9700	829	0.015000	2 	 1 	16124	0.984131	0.984131	0.000000	0.000000
128	9700	830	0.015000	2 	 47 	19	0.001160	0.009521	0.001160	2.312198
128	9700	831	0.015000	2 	 1 	16138	0.984985	0.984985	0.000000	0.000000
128	9700	832	0.015000	2 	 1 	16121	0.983948	0.983948	0.000000	0.000000
128	9700	833	0.015000	2 	 105 	9030	0.551147	0.589478	0.005920	5.689358
128	9700	834	0.015000	2 	 1 	16149	0.985657	0.985657	0.000000	0.000000
128	9700	835	0.015000	2 	 1 	16106	0.983032	0.983032	0.000000	0.000000
128	9700	836	0.015000	2 	 1 	16154	0.985962	0.985962	0.000000	0.000000
128	9700	837	0.015000	2 	 1 	16058	0.980103	0.980103	0.000000	0.000000
128	9700	838	0.015000	2 	 64 	11203	0.683777	0.700134	0.003235	3.986985
128	9700	839	0.015000	2 	 1 	16137	0.984924	0.984924	0.000000	0.000000
128	9700	840	0.015000	2 	 1 	16137	0.984924	0.984924	0.000000	0.000000
128	9700	841	0.015000	2 	 33 	10	0.000610	0.006836	0.000610	1.664332
128	9700	842	0.015000	2 	 1 	16113	0.983459	0.983459	0.000000	0.000000
128	9700	843	0.015000	2 	 144 	3408	0.208008	0.261597	0.004517	5.767785
128	9700	844	0.015000	2 	 1 	16146	0.985474	0.985474	0.000000	0.000000
128	9700	845	0.015000	2 	 116 	66	0.004028	0.028748	0.004028	6.427476
128	9700	846	0.015000	2 	 1 	16135	0.984802	0.984802	0.000000	0.000000
128	9700	847	0.015000	2 	 1 	16144	0.985352	0.985352	0.000000	0.000000
128	9700	848	0.015000	2 	 1 	16143	0.985291	0.985291	0.000000	0.000000
128	9700	849	0.015000	2 	 10 	14862	0.907104	0.909119	0.000732	1.867113
128	9700	850	0.015000	2 	 161 	1235	0.075378	0.122986	0.075378	18.388180
128	9700	851	0.015000	2 	 105 	9463	0.577576	0.600586	0.001526	2.685070
128	9700	852	0.015000	2 	 30 	12956	0.790771	0.796570	0.001343	2.733327
128	9700	853	0.015000	2 	 1 	16150	0.985718	0.985718	0.000000	0.000000
128	9700	854	0.015000	2 	 1 	16154	0.985962	0.985962	0.000000	0.000000
128	9700	855	0.015000	2 	 1 	16133	0.984680	0.984680	0.000000	0.000000
128	9700	856	0.015000	2 	 2 	15859	0.967957	0.968079	0.000122	0.000000
128	9700	857	0.015000	2 	 204 	5166	0.315308	0.379822	0.315308	33.287623
128	9700	858	0.015000	2 	 1 	16123	0.984070	0.984070	0.000000	0.000000
128	9700	859	0.015000	2 	 1 	16134	0.984741	0.984741	0.000000	0.000000
128	9700	860	0.015000	2 	 164 	4350	0.265503	0.311218	0.265503	29.928452
128	9700	861	0.015000	2 	 143 	2834	0.172974	0.216553	0.172974	24.588507
128	9700	862	0.015000	2 	 1 	16092	0.982178	0.982178	0.000000	0.000000
128	9700	863	0.015000	2 	 1 	15987	0.975769	0.975769	0.000000	0.000000
128	9700	864	0.015000	2 	 1 	16123	0.984070	0.984070	0.000000	0.000000
128	9700	865	0.015000	2 	 1 	16139	0.985046	0.985046	0.000000	0.000000
128	9700	866	0.015000	2 	 145 	6644	0.405518	0.451355	0.405518	36.288400
128	9700	867	0.015000	2 	 145 	7706	0.470337	0.518494	0.002197	3.250593
128	9700	868	0.015000	2 	 1 	15995	0.976257	0.976257	0.000000	0.000000
128	9700	869	0.015000	2 	 1 	16126	0.984253	0.984253	0.000000	0.000000
128	9700	870	0.015000	2 	 81 	11934	0.728394	0.754822	0.003601	4.425514
128	9700	871	0.015000	2 	 112 	8260	0.504150	0.535156	0.002625	3.465975
128	9700	872	0.015000	2 	 1 	16124	0.984131	0.984131	0.000000	0.000000
128	9700	873	0.015000	2 	 1 	16135	0.984802	0.984802	0.000000	0.000000
128	9700	874	0.015000	2 	 1 	16144	0.985352	0.985352	0.000000	0.000000
128	9700	875	0.015000	2 	 69 	10481	0.639709	0.657349	0.001343	2.677578
128	9700	876	0.015000	2 	 1 	16147	0.985535	0.985535	0.000000	0.000000
128	9700	877	0.015000	2 	 67 	12011	0.733093	0.751404	0.002319	2.984378
128	9700	878	0.015000	2 	 1 	16141	0.985168	0.985168	0.000000	0.000000
128	9700	879	0.015000	2 	 50 	12040	0.734863	0.750854	0.001770	3.427871
128	9700	880	0.015000	2 	 1 	16117	0.983704	0.983704	0.000000	0.000000
128	9700	881	0.015000	2 	 106 	9856	0.601562	0.630127	0.002258	2.744009
128	9700	882	0.015000	2 	 1 	16144	0.985352	0.985352	0.000000	0.000000
128	9700	883	0.015000	2 	 122 	59	0.003601	0.037415	0.003601	4.066949
128	9700	884	0.015000	2 	 144 	552	0.033691	0.087036	0.033691	13.295954
128	9700	885	0.015000	2 	 212 	203	0.012390	0.078491	0.012390	8.901580
128	9700	886	0.015000	2 	 1 	16124	0.984131	0.984131	0.000000	0.000000
128	9700	887	0.015000	2 	 1 	16112	0.983398	0.983398	0.000000	0.000000
128	9700	888	0.015000	2 	 1 	16102	0.982788	0.982788	0.000000	0.000000
128	9700	889	0.015000	2 	 1 	16162	0.986450	0.986450	0.000000	0.000000
128	9700	890	0.015000	2 	 1 	16135	0.984802	0.984802	0.000000	0.000000
128	9700	891	0.015000	2 	 2 	15607	0.952576	0.952820	0.000244	0.707107
128	9700	892	0.015000	2 	 156 	2779	0.169617	0.225586	0.169617	25.475350
128	9700	893	0.015000	2 	 1 	16120	0.983887	0.983887	0.000000	0.000000
128	9700	894	0.015000	2 	 30 	13932	0.850342	0.860046	0.001404	2.170432
128	9700	895	0.015000	2 	 197 	6426	0.392212	0.450806	0.003113	3.737236
128	9700	896	0.015000	2 	 1 	16123	0.984070	0.984070	0.000000	0.000000
128	9700	897	0.015000	2 	 1 	16126	0.984253	0.984253	0.000000	0.000000
128	9700	898	0.015000	2 	 154 	7540	0.460205	0.501587	0.005005	4.852877
128	9700	899	0.015000	2 	 15 	14872	0.907715	0.910461	0.000610	1.473092
128	9700	900	0.015000	2 	 1 	16095	0.982361	0.982361	0.000000	0.000000
128	9700	901	0.015000	2 	 60 	15	0.000916	0.012512	0.000916	1.932184
128	9700	902	0.015000	2 	 1 	16139	0.985046	0.985046	0.000000	0.000000
128	9700	903	0.015000	2 	 1 	16114	0.983521	0.983521	0.000000	0.000000
128	9700	904	0.015000	2 	 1 	16144	0.985352	0.985352	0.000000	0.000000
128	9700	905	0.015000	2 	 1 	16151	0.985779	0.985779	0.000000	0.000000
128	9700	906	0.015000	2 	 1 	16140	0.985107	0.985107	0.000000	0.000000
128	9700	907	0.015000	2 	 165 	4343	0.265076	0.322571	0.265076	31.947993
128	9700	908	0.015000	2 	 37 	15	0.000916	0.007812	0.000916	1.788854
128	9700	909	0.015000	2 	 1 	16125	0.984192	0.984192	0.000000	0.000000
128	9700	910	0.015000	2 	 1 	16143	0.985291	0.985291	0.000000	0.000000
128	9700	911	0.015000	2 	 1 	16115	0.983582	0.983582	0.000000	0.000000
128	9700	912	0.015000	2 	 1 	16156	0.986084	0.986084	0.000000	0.000000
128	9700	913	0.015000	2 	 1 	16146	0.985474	0.985474	0.000000	0.000000
128	9700	914	0.015000	2 	 1 	15736	0.960449	0.960449	0.000000	0.000000
128	9700	915	0.015000	2 	 1 	16149	0.985657	0.985657	0.000000	0.000000
128	9700	916	0.015000	2 	 1 	16151	0.985779	0.985779	0.000000	0.000000
128	9700	917	0.015000	2 	 1 	16131	0.984558	0.984558	0.000000	0.000000
128	9700	918	0.015000	2 	 1 	16138	0.984985	0.984985	0.000000	0.000000
128	9700	919	0.015000	2 	 18 	14648	0.894043	0.897888	0.001038	2.086370
128	9700	920	0.015000	2 	 1 	16126	0.984253	0.984253	0.000000	0.000000
128	9700	921	0.015000	2 	 1 	16120	0.983887	0.983887	0.000000	0.000000
128	9700	922	0.015000	2 	 1 	16119	0.983826	0.983826	0.000000	0.000000
128	9700	923	0.015000	2 	 1 	16133	0.984680	0.984680	0.000000	0.000000
128	9700	924	0.015000	2 	 114 	19	0.001160	0.025085	0.001160	2.173882
128	9700	925	0.015000	2 	 158 	6618	0.403931	0.449463	0.003784	4.670629
128	9700	926	0.015000	2 	 119 	10909	0.665833	0.697327	0.002136	3.058611
128	9700	927	0.015000	2 	 2 	15673	0.956604	0.956665	0.000061	0.000000
128	9700	928	0.015000	2 	 1 	16157	0.986145	0.986145	0.000000	0.000000
128	9700	929	0.015000	2 	 3 	15530	0.947876	0.947998	0.000061	0.000000
128	9700	930	0.015000	2 	 1 	16146	0.985474	0.985474	0.000000	0.000000
128	9700	931	0.015000	2 	 1 	16145	0.985413	0.985413	0.000000	0.000000
128	9700	932	0.015000	2 	 1 	16137	0.984924	0.984924	0.000000	0.000000
128	9700	933	0.015000	2 	 159 	5121	0.312561	0.354248	0.312561	32.300938
128	9700	934	0.015000	2 	 95 	9652	0.589111	0.615540	0.002136	2.844257
128	9700	935	0.015000	2 	 1 	16134	0.984741	0.984741	0.000000	0.000000
128	9700	936	0.015000	2 	 46 	12765	0.779114	0.790466	0.001465	3.211038
128	9700	937	0.015000	2 	 148 	44	0.002686	0.043396	0.002686	4.754891
128	9700	938	0.015000	2 	 1 	16101	0.982727	0.982727	0.000000	0.000000
128	9700	939	0.015000	2 	 1 	16152	0.985840	0.985840	0.000000	0.000000
128	9700	940	0.015000	2 	 37 	13688	0.835449	0.843750	0.000854	2.011447
128	9700	941	0.015000	2 	 1 	16163	0.986511	0.986511	0.000000	0.000000
128	9700	942	0.015000	2 	 1 	16146	0.985474	0.985474	0.000000	0.000000
128	9700	943	0.015000	2 	 1 	16131	0.984558	0.984558	0.000000	0.000000
128	9700	944	0.015000	2 	 12 	14746	0.900024	0.903564	0.002136	3.569943
128	9700	945	0.015000	2 	 1 	16105	0.982971	0.982971	0.000000	0.000000
128	9700	946	0.015000	2 	 43 	12788	0.780518	0.791199	0.003845	5.043824
128	9700	947	0.015000	2 	 1 	16132	0.984619	0.984619	0.000000	0.000000
128	9700	948	0.015000	2 	 165 	5596	0.341553	0.387817	0.341553	33.697776
128	9700	949	0.015000	2 	 1 	16086	0.981812	0.981812	0.000000	0.000000
128	9700	950	0.015000	2 	 1 	16145	0.985413	0.985413	0.000000	0.000000
128	9700	951	0.015000	2 	 1 	16151	0.985779	0.985779	0.000000	0.000000
128	9700	952	0.015000	2 	 1 	16137	0.984924	0.984924	0.000000	0.000000
128	9700	953	0.015000	2 	 1 	16155	0.986023	0.986023	0.000000	0.000000
128	9700	954	0.015000	2 	 3 	15673	0.956604	0.956787	0.000122	0.500000
128	9700	955	0.015000	2 	 1 	16144	0.985352	0.985352	0.000000	0.000000
128	9700	956	0.015000	2 	 1 	16140	0.985107	0.985107	0.000000	0.000000
128	9700	957	0.015000	2 	 45 	13735	0.838318	0.846069	0.000977	1.756684
128	9700	958	0.015000	2 	 1 	16111	0.983337	0.983337	0.000000	0.000000
128	9700	959	0.015000	2 	 14 	14856	0.906738	0.910278	0.001526	2.285957
128	9700	960	0.015000	2 	 146 	7741	0.472473	0.506897	0.001953	3.551793
