128	9400	1	0.015000	1 	 2 	4	0.000244	0.000427	0.000244	0.935414
128	9400	2	0.015000	1 	 12 	15	0.000916	0.003418	0.000916	1.753726
128	9400	3	0.015000	1 	 10 	13	0.000793	0.002075	0.000793	1.930754
128	9400	4	0.015000	1 	 129 	6031	0.368103	0.402649	0.002441	4.221596
128	9400	5	0.015000	1 	 124 	488	0.029785	0.069214	0.029785	13.229513
128	9400	6	0.015000	1 	 115 	7663	0.467712	0.496460	0.002319	3.702586
128	9400	7	0.015000	1 	 102 	9335	0.569763	0.593323	0.002014	3.753174
128	9400	8	0.015000	1 	 0 	0	0.000000	0.000000	0.000000	0.000000
128	9400	9	0.015000	1 	 93 	10675	0.651550	0.682190	0.003418	4.093105
128	9400	10	0.015000	1 	 2 	2	0.000122	0.000183	0.000122	0.500000
128	9400	11	0.015000	1 	 30 	11	0.000671	0.006348	0.000671	2.142829
128	9400	12	0.015000	1 	 203 	6056	0.369629	0.432007	0.369629	34.093785
128	9400	13	0.015000	1 	 8 	8	0.000488	0.002197	0.000488	1.446980
128	9400	14	0.015000	1 	 4 	6	0.000366	0.000854	0.000366	1.067187
128	9400	15	0.015000	1 	 2 	5	0.000305	0.000366	0.000305	1.131371
128	9400	16	0.015000	1 	 173 	1847	0.112732	0.161438	0.112732	21.764085
128	9400	17	0.015000	1 	 129 	142	0.008667	0.043396	0.008667	8.698027
128	9400	18	0.015000	1 	 65 	19	0.001160	0.013428	0.001160	2.582704
128	9400	19	0.015000	1 	 8 	4	0.000244	0.001282	0.000244	0.829156
128	9400	20	0.015000	1 	 0 	0	0.000000	0.000000	0.000000	0.000000
128	9400	21	0.015000	1 	 207 	6463	0.394470	0.454346	0.394470	34.859835
128	9400	22	0.015000	1 	 39 	15	0.000916	0.009094	0.000916	1.605546
128	9400	23	0.015000	1 	 110 	19	0.001160	0.024475	0.001160	2.126212
128	9400	24	0.015000	1 	 24 	16	0.000977	0.006592	0.000977	1.877082
128	9400	25	0.015000	1 	 139 	1833	0.111877	0.145142	0.111877	21.422495
128	9400	26	0.015000	1 	 3 	9	0.000549	0.000793	0.000549	1.728483
128	9400	27	0.015000	1 	 4 	2	0.000122	0.000305	0.000122	0.500000
128	9400	28	0.015000	1 	 12 	11	0.000671	0.001892	0.000671	1.471492
128	9400	29	0.015000	1 	 12 	10	0.000610	0.002808	0.000610	1.341641
128	9400	30	0.015000	1 	 13 	14951	0.912537	0.914856	0.000610	1.459452
128	9400	31	0.015000	1 	 0 	0	0.000000	0.000000	0.000000	0.000000
128	9400	32	0.015000	1 	 3 	4	0.000244	0.000488	0.000244	1.118034
128	9400	33	0.015000	1 	 114 	298	0.018188	0.054688	0.018188	9.881028
128	9400	34	0.015000	1 	 1 	7	0.000427	0.000427	0.000427	1.212183
128	9400	35	0.015000	1 	 192 	528	0.032227	0.104431	0.032227	15.619030
128	9400	36	0.015000	1 	 23 	24	0.001465	0.006653	0.001465	2.394898
128	9400	37	0.015000	1 	 5 	4	0.000244	0.000610	0.000244	0.935414
128	9400	38	0.015000	1 	 1 	2	0.000122	0.000122	0.000122	0.500000
128	9400	39	0.015000	1 	 150 	641	0.039124	0.083435	0.039124	14.352302
128	9400	40	0.015000	1 	 46 	24	0.001465	0.010254	0.001465	2.335936
128	9400	41	0.015000	1 	 72 	13	0.000793	0.015320	0.000793	1.587674
128	9400	42	0.015000	1 	 26 	9	0.000549	0.004883	0.000549	1.648044
128	9400	43	0.015000	1 	 157 	3214	0.196167	0.246460	0.196167	26.008430
128	9400	44	0.015000	1 	 21 	7	0.000427	0.002747	0.000427	1.142857
128	9400	45	0.015000	1 	 140 	3107	0.189636	0.225342	0.189636	26.648489
128	9400	46	0.015000	1 	 12 	5	0.000305	0.002197	0.000305	0.979796
128	9400	47	0.015000	1 	 1 	2	0.000122	0.000122	0.000122	0.500000
128	9400	48	0.015000	1 	 10 	13	0.000793	0.001587	0.000793	1.780898
128	9400	49	0.015000	1 	 9 	7	0.000427	0.001770	0.000427	1.142857
128	9400	50	0.015000	1 	 122 	6580	0.401611	0.436890	0.002686	3.984668
128	9400	51	0.015000	1 	 28 	25	0.001526	0.008301	0.001526	2.814249
128	9400	52	0.015000	1 	 97 	64	0.003906	0.029907	0.003906	4.952484
128	9400	53	0.015000	1 	 60 	18	0.001099	0.010071	0.001099	2.185813
128	9400	54	0.015000	1 	 4 	4	0.000244	0.000610	0.000244	0.935414
128	9400	55	0.015000	1 	 127 	1213	0.074036	0.119446	0.074036	18.435241
128	9400	56	0.015000	1 	 8 	7	0.000427	0.001953	0.000427	1.399708
128	9400	57	0.015000	1 	 0 	0	0.000000	0.000000	0.000000	0.000000
128	9400	58	0.015000	1 	 0 	0	0.000000	0.000000	0.000000	0.000000
128	9400	59	0.015000	1 	 140 	548	0.033447	0.075928	0.033447	12.659177
128	9400	60	0.015000	1 	 7 	5	0.000305	0.001160	0.000305	0.894427
128	9400	61	0.015000	1 	 16 	9	0.000549	0.003357	0.000549	1.351725
128	9400	62	0.015000	1 	 18 	18	0.001099	0.005615	0.001099	2.071261
128	9400	63	0.015000	1 	 4 	3	0.000183	0.000549	0.000183	0.816497
128	9400	64	0.015000	1 	 165 	2521	0.153870	0.208496	0.153870	24.475749
128	9400	65	0.015000	1 	 34 	10	0.000610	0.005371	0.000610	1.562050
128	9400	66	0.015000	1 	 167 	3203	0.195496	0.244629	0.195496	26.413373
128	9400	67	0.015000	1 	 0 	0	0.000000	0.000000	0.000000	0.000000
128	9400	68	0.015000	1 	 12 	9	0.000549	0.003052	0.000549	1.648044
128	9400	69	0.015000	1 	 65 	34	0.002075	0.016785	0.002075	3.106528
128	9400	70	0.015000	1 	 169 	2669	0.162903	0.206299	0.162903	24.361680
128	9400	71	0.015000	1 	 179 	3862	0.235718	0.287842	0.235718	28.638676
128	9400	72	0.015000	1 	 158 	5876	0.358643	0.395325	0.002197	3.237392
128	9400	73	0.015000	1 	 0 	0	0.000000	0.000000	0.000000	0.000000
128	9400	74	0.015000	1 	 0 	0	0.000000	0.000000	0.000000	0.000000
128	9400	75	0.015000	1 	 0 	0	0.000000	0.000000	0.000000	0.000000
128	9400	76	0.015000	1 	 155 	4167	0.254333	0.294861	0.254333	29.236943
128	9400	77	0.015000	1 	 53 	23	0.001404	0.014893	0.001404	2.434783
128	9400	78	0.015000	1 	 16 	4	0.000244	0.001953	0.000244	0.866025
128	9400	79	0.015000	1 	 102 	8800	0.537109	0.561584	0.002014	2.844614
128	9400	80	0.015000	1 	 0 	0	0.000000	0.000000	0.000000	0.000000
128	9400	81	0.015000	1 	 13 	7	0.000427	0.002075	0.000427	1.106567
128	9400	82	0.015000	1 	 1 	1	0.000061	0.000061	0.000061	0.000000
128	9400	83	0.015000	1 	 182 	3538	0.215942	0.269958	0.215942	27.847172
128	9400	84	0.015000	1 	 1 	3	0.000183	0.000183	0.000183	0.816497
128	9400	85	0.015000	1 	 0 	0	0.000000	0.000000	0.000000	0.000000
128	9400	86	0.015000	1 	 61 	14	0.000854	0.011841	0.000854	2.051630
128	9400	87	0.015000	1 	 25 	12	0.000732	0.005188	0.000732	1.956116
128	9400	88	0.015000	1 	 0 	0	0.000000	0.000000	0.000000	0.000000
128	9400	89	0.015000	1 	 0 	0	0.000000	0.000000	0.000000	0.000000
128	9400	90	0.015000	1 	 187 	4759	0.290466	0.348389	0.290466	31.241888
128	9400	91	0.015000	1 	 1 	1	0.000061	0.000061	0.000061	0.000000
128	9400	92	0.015000	1 	 42 	15	0.000916	0.009460	0.000916	2.250926
128	9400	93	0.015000	1 	 0 	0	0.000000	0.000000	0.000000	0.000000
128	9400	94	0.015000	1 	 0 	0	0.000000	0.000000	0.000000	0.000000
128	9400	95	0.015000	1 	 30 	20	0.001221	0.005920	0.001221	2.288012
128	9400	96	0.015000	1 	 11 	2	0.000122	0.000854	0.000122	0.500000
128	9400	97	0.015000	1 	 12 	4	0.000244	0.001526	0.000244	0.829156
128	9400	98	0.015000	1 	 147 	3047	0.185974	0.234436	0.185974	25.849771
128	9400	99	0.015000	1 	 0 	0	0.000000	0.000000	0.000000	0.000000
128	9400	100	0.015000	1 	 3 	8	0.000488	0.000854	0.000488	1.576190
128	9400	101	0.015000	1 	 17 	8	0.000488	0.002625	0.000488	1.118034
128	9400	102	0.015000	1 	 96 	40	0.002441	0.031372	0.002441	4.116051
128	9400	103	0.015000	1 	 5 	9	0.000549	0.001282	0.000549	1.369870
128	9400	104	0.015000	1 	 0 	0	0.000000	0.000000	0.000000	0.000000
128	9400	105	0.015000	1 	 10 	9	0.000549	0.001465	0.000549	1.507184
128	9400	106	0.015000	1 	 1 	1	0.000061	0.000061	0.000061	0.000000
128	9400	107	0.015000	1 	 130 	7416	0.452637	0.484436	0.002014	2.840414
128	9400	108	0.015000	1 	 12 	8	0.000488	0.003296	0.000488	1.363589
128	9400	109	0.015000	1 	 9 	6	0.000366	0.001770	0.000366	1.166667
128	9400	110	0.015000	1 	 0 	0	0.000000	0.000000	0.000000	0.000000
128	9400	111	0.015000	1 	 6 	3	0.000183	0.000549	0.000183	0.666667
128	9400	112	0.015000	1 	 4 	5	0.000305	0.000610	0.000305	0.894427
128	9400	113	0.015000	1 	 28 	12	0.000732	0.005493	0.000732	1.697629
128	9400	114	0.015000	1 	 6 	8	0.000488	0.001038	0.000488	1.192424
128	9400	115	0.015000	1 	 67 	18	0.001099	0.013245	0.001099	2.308064
128	9400	116	0.015000	1 	 1 	3	0.000183	0.000183	0.000183	0.666667
128	9400	117	0.015000	1 	 20 	14109	0.861145	0.865845	0.001099	2.497530
128	9400	118	0.015000	1 	 162 	2692	0.164307	0.214844	0.164307	25.101895
128	9400	119	0.015000	1 	 144 	2722	0.166138	0.210266	0.166138	24.356319
128	9400	120	0.015000	1 	 41 	12	0.000732	0.007874	0.000732	1.563472
128	9400	121	0.015000	1 	 94 	10646	0.649780	0.678528	0.002625	4.326332
128	9400	122	0.015000	1 	 112 	3401	0.207581	0.248718	0.207581	26.447599
128	9400	123	0.015000	1 	 31 	25	0.001526	0.008545	0.001526	2.778777
128	9400	124	0.015000	1 	 0 	0	0.000000	0.000000	0.000000	0.000000
128	9400	125	0.015000	1 	 8 	14	0.000854	0.001770	0.000854	2.313448
128	9400	126	0.015000	1 	 23 	14	0.000854	0.004700	0.000854	1.752549
128	9400	127	0.015000	1 	 0 	0	0.000000	0.000000	0.000000	0.000000
128	9400	128	0.015000	1 	 201 	3027	0.184753	0.243591	0.184753	25.939626
128	9400	129	0.015000	1 	 6 	4	0.000244	0.000854	0.000244	0.935414
128	9400	130	0.015000	1 	 142 	2383	0.145447	0.186157	0.145447	23.819894
128	9400	131	0.015000	1 	 144 	1201	0.073303	0.118225	0.073303	18.970359
128	9400	132	0.015000	1 	 3 	6	0.000366	0.000549	0.000366	1.201850
128	9400	133	0.015000	1 	 0 	0	0.000000	0.000000	0.000000	0.000000
128	9400	134	0.015000	1 	 14 	7	0.000427	0.002197	0.000427	1.087968
128	9400	135	0.015000	1 	 7 	7	0.000427	0.001709	0.000427	1.551826
128	9400	136	0.015000	1 	 20 	12	0.000732	0.004578	0.000732	1.559024
128	9400	137	0.015000	1 	 4 	4	0.000244	0.000671	0.000244	0.707107
128	9400	138	0.015000	1 	 50 	14155	0.863953	0.874573	0.000977	2.248263
128	9400	139	0.015000	1 	 3 	15557	0.949524	0.949646	0.000061	0.000000
128	9400	140	0.015000	1 	 2 	6	0.000366	0.000610	0.000366	1.166667
128	9400	141	0.015000	1 	 0 	0	0.000000	0.000000	0.000000	0.000000
128	9400	142	0.015000	1 	 0 	0	0.000000	0.000000	0.000000	0.000000
128	9400	143	0.015000	1 	 114 	21	0.001282	0.026489	0.001282	2.237589
128	9400	144	0.015000	1 	 2 	3	0.000183	0.000366	0.000183	0.666667
128	9400	145	0.015000	1 	 175 	4449	0.271545	0.318481	0.271545	32.141908
128	9400	146	0.015000	1 	 0 	0	0.000000	0.000000	0.000000	0.000000
128	9400	147	0.015000	1 	 2 	4	0.000244	0.000366	0.000244	0.707107
128	9400	148	0.015000	1 	 86 	16	0.000977	0.017517	0.000977	2.191960
128	9400	149	0.015000	1 	 28 	18	0.001099	0.004456	0.001099	2.109649
128	9400	150	0.015000	1 	 0 	0	0.000000	0.000000	0.000000	0.000000
128	9400	151	0.015000	1 	 70 	12	0.000732	0.014465	0.000732	1.467235
128	9400	152	0.015000	1 	 41 	20	0.001221	0.009033	0.001221	2.203406
128	9400	153	0.015000	1 	 7 	7	0.000427	0.001465	0.000427	1.324803
128	9400	154	0.015000	1 	 149 	2367	0.144470	0.181458	0.144470	22.914893
128	9400	155	0.015000	1 	 0 	0	0.000000	0.000000	0.000000	0.000000
128	9400	156	0.015000	1 	 0 	0	0.000000	0.000000	0.000000	0.000000
128	9400	157	0.015000	1 	 2 	5	0.000305	0.000427	0.000305	1.019804
128	9400	158	0.015000	1 	 0 	0	0.000000	0.000000	0.000000	0.000000
128	9400	159	0.015000	1 	 124 	5233	0.319397	0.356018	0.004639	5.137497
128	9400	160	0.015000	1 	 1 	4	0.000244	0.000244	0.000244	0.935414
128	9400	161	0.015000	1 	 160 	3445	0.210266	0.253723	0.210266	27.084941
128	9400	162	0.015000	1 	 3 	7	0.000427	0.000793	0.000427	1.160577
128	9400	163	0.015000	1 	 58 	21	0.001282	0.014832	0.001282	2.330903
128	9400	164	0.015000	1 	 38 	23	0.001404	0.009644	0.001404	2.938564
128	9400	165	0.015000	1 	 30 	16	0.000977	0.006958	0.000977	2.087912
128	9400	166	0.015000	1 	 86 	27	0.001648	0.019958	0.001648	3.002514
128	9400	167	0.015000	1 	 117 	10316	0.629639	0.663208	0.001892	2.670609
128	9400	168	0.015000	1 	 3 	2	0.000122	0.000244	0.000122	0.500000
128	9400	169	0.015000	1 	 26 	8	0.000488	0.003601	0.000488	1.615356
128	9400	170	0.015000	1 	 34 	13	0.000793	0.006409	0.000793	1.884223
128	9400	171	0.015000	1 	 45 	14	0.000854	0.009155	0.000854	1.869465
128	9400	172	0.015000	1 	 39 	7	0.000427	0.006165	0.000427	1.106567
128	9400	173	0.015000	1 	 0 	0	0.000000	0.000000	0.000000	0.000000
128	9400	174	0.015000	1 	 48 	40	0.002441	0.015381	0.002441	4.653158
128	9400	175	0.015000	1 	 130 	2001	0.122131	0.154297	0.122131	21.396317
128	9400	176	0.015000	1 	 2 	10	0.000610	0.000793	0.000610	1.417745
128	9400	177	0.015000	1 	 132 	379	0.023132	0.068420	0.023132	11.902456
128	9400	178	0.015000	1 	 23 	15	0.000916	0.003784	0.000916	2.172556
128	9400	179	0.015000	1 	 8 	6	0.000366	0.001404	0.000366	1.067187
128	9400	180	0.015000	1 	 0 	0	0.000000	0.000000	0.000000	0.000000
128	9400	181	0.015000	1 	 142 	1725	0.105286	0.155640	0.105286	20.191199
128	9400	182	0.015000	1 	 7 	6	0.000366	0.001282	0.000366	1.130388
128	9400	183	0.015000	1 	 7 	6	0.000366	0.001343	0.000366	1.013794
128	9400	184	0.015000	1 	 3 	6	0.000366	0.000671	0.000366	1.105542
128	9400	185	0.015000	1 	 193 	4908	0.299561	0.371948	0.299561	33.596712
128	9400	186	0.015000	1 	 0 	0	0.000000	0.000000	0.000000	0.000000
128	9400	187	0.015000	1 	 9 	4	0.000244	0.001160	0.000244	0.829156
128	9400	188	0.015000	1 	 8 	6	0.000366	0.001343	0.000366	1.536591
128	9400	189	0.015000	1 	 11 	10	0.000610	0.002258	0.000610	1.330413
128	9400	190	0.015000	1 	 9 	4	0.000244	0.000977	0.000244	0.935414
128	9400	191	0.015000	1 	 168 	7131	0.435242	0.484985	0.011169	7.805762
128	9400	192	0.015000	1 	 2 	4	0.000244	0.000427	0.000244	0.866025
128	9400	193	0.015000	1 	 15 	6	0.000366	0.002502	0.000366	1.384437
128	9400	194	0.015000	1 	 127 	6160	0.375977	0.406128	0.001587	3.054970
128	9400	195	0.015000	1 	 113 	8287	0.505798	0.538818	0.002380	3.627458
128	9400	196	0.015000	1 	 11 	8	0.000488	0.002747	0.000488	1.500000
128	9400	197	0.015000	1 	 3 	5	0.000305	0.000427	0.000305	0.894427
128	9400	198	0.015000	1 	 0 	0	0.000000	0.000000	0.000000	0.000000
128	9400	199	0.015000	1 	 3 	7	0.000427	0.000549	0.000427	1.261680
128	9400	200	0.015000	1 	 163 	3138	0.191528	0.243896	0.191528	26.045662
128	9400	201	0.015000	1 	 44 	17	0.001038	0.009705	0.001038	2.959940
128	9400	202	0.015000	1 	 92 	18	0.001099	0.017456	0.001099	2.105255
128	9400	203	0.015000	1 	 15 	8	0.000488	0.002869	0.000488	1.745530
128	9400	204	0.015000	1 	 82 	10503	0.641052	0.662537	0.002014	3.123577
128	9400	205	0.015000	1 	 19 	14	0.000854	0.004944	0.000854	2.206206
128	9400	206	0.015000	1 	 15 	11	0.000671	0.003723	0.000671	1.671343
128	9400	207	0.015000	1 	 0 	0	0.000000	0.000000	0.000000	0.000000
128	9400	208	0.015000	1 	 3 	5	0.000305	0.000488	0.000305	1.019804
128	9400	209	0.015000	1 	 106 	10387	0.633972	0.661133	0.002930	3.506690
128	9400	210	0.015000	1 	 104 	11114	0.678345	0.702332	0.002136	2.916526
128	9400	211	0.015000	1 	 8 	12	0.000732	0.002258	0.000732	1.699673
128	9400	212	0.015000	1 	 1 	3	0.000183	0.000183	0.000183	0.666667
128	9400	213	0.015000	1 	 0 	0	0.000000	0.000000	0.000000	0.000000
128	9400	214	0.015000	1 	 8 	6	0.000366	0.001709	0.000366	1.067187
128	9400	215	0.015000	1 	 18 	10	0.000610	0.002747	0.000610	1.711724
128	9400	216	0.015000	1 	 183 	3236	0.197510	0.251709	0.197510	27.775152
128	9400	217	0.015000	1 	 37 	9	0.000549	0.006897	0.000549	1.954340
128	9400	218	0.015000	1 	 7 	10	0.000610	0.001587	0.000610	1.603122
128	9400	219	0.015000	1 	 165 	3167	0.193298	0.233643	0.193298	26.342436
128	9400	220	0.015000	1 	 0 	0	0.000000	0.000000	0.000000	0.000000
128	9400	221	0.015000	1 	 138 	6404	0.390869	0.430847	0.004333	5.863250
128	9400	222	0.015000	1 	 0 	0	0.000000	0.000000	0.000000	0.000000
128	9400	223	0.015000	1 	 110 	10915	0.666199	0.700989	0.003540	4.040659
128	9400	224	0.015000	1 	 26 	12	0.000732	0.004578	0.000732	1.777561
128	9400	225	0.015000	1 	 149 	1202	0.073364	0.118469	0.073364	17.885147
128	9400	226	0.015000	1 	 4 	5	0.000305	0.000793	0.000305	1.058301
128	9400	227	0.015000	1 	 174 	2087	0.127380	0.179810	0.127380	24.529467
128	9400	228	0.015000	1 	 0 	0	0.000000	0.000000	0.000000	0.000000
128	9400	229	0.015000	1 	 2 	1	0.000061	0.000122	0.000061	0.000000
128	9400	230	0.015000	1 	 10 	5	0.000305	0.001465	0.000305	1.095445
128	9400	231	0.015000	1 	 138 	3727	0.227478	0.272217	0.227478	27.667423
128	9400	232	0.015000	1 	 1 	17	0.001038	0.001038	0.001038	2.193100
128	9400	233	0.015000	1 	 2 	5	0.000305	0.000366	0.000305	1.058301
128	9400	234	0.015000	1 	 5 	2	0.000122	0.000427	0.000122	0.500000
128	9400	235	0.015000	1 	 10 	11	0.000671	0.002258	0.000671	1.995863
128	9400	236	0.015000	1 	 17 	10	0.000610	0.004211	0.000610	1.655295
128	9400	237	0.015000	1 	 4 	3	0.000183	0.000427	0.000183	0.816497
128	9400	238	0.015000	1 	 18 	16	0.000977	0.005371	0.000977	2.259528
128	9400	239	0.015000	1 	 164 	5523	0.337097	0.388245	0.337097	33.091403
128	9400	240	0.015000	1 	 158 	21	0.001282	0.042297	0.001282	2.761084
128	9400	241	0.015000	1 	 2 	3	0.000183	0.000305	0.000183	0.666667
128	9400	242	0.015000	1 	 136 	7571	0.462097	0.496521	0.001709	2.652252
128	9400	243	0.015000	1 	 22 	8	0.000488	0.003540	0.000488	1.243734
128	9400	244	0.015000	1 	 1 	4	0.000244	0.000244	0.000244	0.935414
128	9400	245	0.015000	1 	 65 	11	0.000671	0.011597	0.000671	1.671343
128	9400	246	0.015000	1 	 146 	2947	0.179871	0.227478	0.179871	25.158575
128	9400	247	0.015000	1 	 0 	0	0.000000	0.000000	0.000000	0.000000
128	9400	248	0.015000	1 	 108 	21	0.001282	0.025330	0.001282	2.684464
128	9400	249	0.015000	1 	 8 	5	0.000305	0.001099	0.000305	0.894427
128	9400	250	0.015000	1 	 15 	14819	0.904480	0.906738	0.000366	0.971825
128	9400	251	0.015000	1 	 0 	0	0.000000	0.000000	0.000000	0.000000
128	9400	252	0.015000	1 	 150 	1665	0.101624	0.147339	0.101624	19.669730
128	9400	253	0.015000	1 	 119 	6321	0.385803	0.423279	0.003357	4.049251
128	9400	254	0.015000	1 	 13 	9	0.000549	0.002380	0.000549	1.498971
128	9400	255	0.015000	1 	 7 	4	0.000244	0.001160	0.000244	0.935414
128	9400	256	0.015000	1 	 39 	14	0.000854	0.006104	0.000854	1.943067
128	9400	257	0.015000	1 	 157 	4238	0.258667	0.306946	0.258667	30.029247
128	9400	258	0.015000	1 	 9 	6	0.000366	0.001404	0.000366	0.957427
128	9400	259	0.015000	1 	 162 	1190	0.072632	0.118713	0.072632	18.605654
128	9400	260	0.015000	1 	 105 	7065	0.431213	0.464722	0.002014	3.641411
128	9400	261	0.015000	1 	 17 	5	0.000305	0.002625	0.000305	0.894427
128	9400	262	0.015000	1 	 118 	37	0.002258	0.031128	0.002258	3.174267
128	9400	263	0.015000	1 	 7 	7	0.000427	0.001587	0.000427	1.277753
128	9400	264	0.015000	1 	 192 	2245	0.137024	0.203064	0.137024	27.770354
128	9400	265	0.015000	1 	 133 	107	0.006531	0.057068	0.006531	6.694290
128	9400	266	0.015000	1 	 1 	16150	0.985718	0.985718	0.000000	0.000000
128	9400	267	0.015000	1 	 134 	7206	0.439819	0.477905	0.003113	3.922941
128	9400	268	0.015000	1 	 22 	17	0.001038	0.004272	0.001038	2.012074
128	9400	269	0.015000	1 	 0 	0	0.000000	0.000000	0.000000	0.000000
128	9400	270	0.015000	1 	 17 	13	0.000793	0.003601	0.000793	1.807283
128	9400	271	0.015000	1 	 7 	13	0.000793	0.001892	0.000793	1.546135
128	9400	272	0.015000	1 	 158 	1264	0.077148	0.129089	0.077148	19.261398
128	9400	273	0.015000	1 	 125 	42	0.002563	0.037964	0.002563	3.836881
128	9400	274	0.015000	1 	 9 	11	0.000671	0.002380	0.000671	1.384686
128	9400	275	0.015000	1 	 151 	1224	0.074707	0.125366	0.074707	17.958055
128	9400	276	0.015000	1 	 57 	25	0.001526	0.013733	0.001526	2.826730
128	9400	277	0.015000	1 	 12 	3	0.000183	0.001282	0.000183	0.666667
128	9400	278	0.015000	1 	 0 	0	0.000000	0.000000	0.000000	0.000000
128	9400	279	0.015000	1 	 0 	0	0.000000	0.000000	0.000000	0.000000
128	9400	280	0.015000	1 	 9 	7	0.000427	0.001648	0.000427	1.590790
128	9400	281	0.015000	1 	 3 	2	0.000122	0.000244	0.000122	0.500000
128	9400	282	0.015000	1 	 7 	4	0.000244	0.000916	0.000244	0.866025
128	9400	283	0.015000	1 	 2 	2	0.000122	0.000183	0.000122	0.500000
128	9400	284	0.015000	1 	 93 	9208	0.562012	0.581909	0.002197	3.503856
128	9400	285	0.015000	1 	 125 	7822	0.477417	0.511719	0.004944	5.028588
128	9400	286	0.015000	1 	 6 	10	0.000610	0.001953	0.000610	1.624808
128	9400	287	0.015000	1 	 1 	8	0.000488	0.000488	0.000488	1.515544
128	9400	288	0.015000	1 	 0 	0	0.000000	0.000000	0.000000	0.000000
128	9400	289	0.015000	1 	 0 	0	0.000000	0.000000	0.000000	0.000000
128	9400	290	0.015000	1 	 1 	2	0.000122	0.000122	0.000122	0.500000
128	9400	291	0.015000	1 	 18 	17	0.001038	0.005310	0.001038	2.395209
128	9400	292	0.015000	1 	 107 	6678	0.407593	0.436768	0.002563	3.334099
128	9400	293	0.015000	1 	 7 	12	0.000732	0.001831	0.000732	1.576741
128	9400	294	0.015000	1 	 0 	0	0.000000	0.000000	0.000000	0.000000
128	9400	295	0.015000	1 	 41 	12413	0.757629	0.768433	0.001709	2.584046
128	9400	296	0.015000	1 	 26 	11	0.000671	0.006836	0.000671	1.720081
128	9400	297	0.015000	1 	 25 	11	0.000671	0.003906	0.000671	1.795311
128	9400	298	0.015000	1 	 151 	2229	0.136047	0.183594	0.136047	22.714060
128	9400	299	0.015000	1 	 15 	6	0.000366	0.002869	0.000366	1.178511
128	9400	300	0.015000	1 	 9 	8	0.000488	0.001831	0.000488	1.243734
128	9400	301	0.015000	1 	 6 	15	0.000916	0.002319	0.000916	1.895023
128	9400	302	0.015000	1 	 6 	5	0.000305	0.001038	0.000305	0.979796
128	9400	303	0.015000	1 	 153 	3391	0.206970	0.254639	0.206970	26.870466
128	9400	304	0.015000	1 	 4 	6	0.000366	0.000671	0.000366	1.213352
128	9400	305	0.015000	1 	 24 	14	0.000854	0.006226	0.000854	1.743794
128	9400	306	0.015000	1 	 13 	13	0.000793	0.002563	0.000793	1.921538
128	9400	307	0.015000	1 	 3 	4	0.000244	0.000549	0.000244	0.935414
128	9400	308	0.015000	1 	 10 	13	0.000793	0.001831	0.000793	2.109432
128	9400	309	0.015000	1 	 93 	21	0.001282	0.021301	0.001282	2.518863
128	9400	310	0.015000	1 	 137 	5751	0.351013	0.385803	0.003052	4.269614
128	9400	311	0.015000	1 	 8 	7	0.000427	0.001160	0.000427	1.324803
128	9400	312	0.015000	1 	 11 	13	0.000793	0.002625	0.000793	2.095360
128	9400	313	0.015000	1 	 128 	369	0.022522	0.069702	0.022522	10.556750
128	9400	314	0.015000	1 	 16 	25	0.001526	0.003601	0.001526	3.333227
128	9400	315	0.015000	1 	 6 	7	0.000427	0.001648	0.000427	1.293626
128	9400	316	0.015000	1 	 8 	7	0.000427	0.001099	0.000427	1.106567
128	9400	317	0.015000	1 	 6 	9	0.000549	0.001465	0.000549	1.885618
128	9400	318	0.015000	1 	 138 	821	0.050110	0.093689	0.050110	15.867191
128	9400	319	0.015000	1 	 28 	13518	0.825073	0.829346	0.000610	1.431782
128	9400	320	0.015000	1 	 151 	1207	0.073669	0.117737	0.073669	17.991773
128	9400	321	0.015000	1 	 5 	9	0.000549	0.001160	0.000549	1.852592
128	9400	322	0.015000	1 	 1 	3	0.000183	0.000183	0.000183	0.666667
128	9400	323	0.015000	1 	 0 	0	0.000000	0.000000	0.000000	0.000000
128	9400	324	0.015000	1 	 5 	14	0.000854	0.001282	0.000854	2.080031
128	9400	325	0.015000	1 	 1 	8	0.000488	0.000488	0.000488	1.322876
128	9400	326	0.015000	1 	 73 	12595	0.768738	0.789124	0.002258	3.097632
128	9400	327	0.015000	1 	 53 	28	0.001709	0.012817	0.001709	2.981020
128	9400	328	0.015000	1 	 31 	7	0.000427	0.004333	0.000427	1.124858
128	9400	329	0.015000	1 	 122 	105	0.006409	0.053894	0.006409	6.621685
128	9400	330	0.015000	1 	 0 	0	0.000000	0.000000	0.000000	0.000000
128	9400	331	0.015000	1 	 43 	12757	0.778625	0.788330	0.001038	2.135545
128	9400	332	0.015000	1 	 47 	19	0.001160	0.013550	0.001160	2.422197
128	9400	333	0.015000	1 	 121 	9090	0.554810	0.593628	0.002991	3.986232
128	9400	334	0.015000	1 	 125 	7462	0.455444	0.493103	0.003479	4.137897
128	9400	335	0.015000	1 	 101 	9150	0.558472	0.583496	0.004150	5.156693
128	9400	336	0.015000	1 	 18 	9	0.000549	0.003296	0.000549	1.649242
128	9400	337	0.015000	1 	 109 	121	0.007385	0.043396	0.007385	6.166862
128	9400	338	0.015000	1 	 1 	4	0.000244	0.000244	0.000244	0.866025
128	9400	339	0.015000	1 	 168 	972	0.059326	0.102600	0.059326	17.620494
128	9400	340	0.015000	1 	 34 	14274	0.871216	0.877258	0.000793	1.915369
128	9400	341	0.015000	1 	 0 	0	0.000000	0.000000	0.000000	0.000000
128	9400	342	0.015000	1 	 21 	10	0.000610	0.004150	0.000610	1.732051
128	9400	343	0.015000	1 	 9 	8	0.000488	0.001526	0.000488	1.452369
128	9400	344	0.015000	1 	 166 	3317	0.202454	0.264404	0.202454	31.720555
128	9400	345	0.015000	1 	 176 	2174	0.132690	0.193665	0.132690	21.744342
128	9400	346	0.015000	1 	 0 	0	0.000000	0.000000	0.000000	0.000000
128	9400	347	0.015000	1 	 2 	6	0.000366	0.000427	0.000366	1.067187
128	9400	348	0.015000	1 	 1 	4	0.000244	0.000244	0.000244	0.866025
128	9400	349	0.015000	1 	 166 	2665	0.162659	0.208557	0.162659	25.073039
128	9400	350	0.015000	1 	 108 	8251	0.503601	0.534058	0.001953	2.755499
128	9400	351	0.015000	1 	 20 	9	0.000549	0.003723	0.000549	1.490712
128	9400	352	0.015000	1 	 0 	0	0.000000	0.000000	0.000000	0.000000
128	9400	353	0.015000	1 	 168 	34	0.002075	0.044861	0.002075	2.936025
128	9400	354	0.015000	1 	 1 	3	0.000183	0.000183	0.000183	0.666667
128	9400	355	0.015000	1 	 204 	2622	0.160034	0.228638	0.160034	24.203014
128	9400	356	0.015000	1 	 114 	8459	0.516296	0.542480	0.001160	2.613623
128	9400	357	0.015000	1 	 126 	8179	0.499207	0.531494	0.003113	3.550049
128	9400	358	0.015000	1 	 7 	10	0.000610	0.001465	0.000610	1.910497
128	9400	359	0.015000	1 	 72 	19	0.001160	0.016968	0.001160	2.332476
128	9400	360	0.015000	1 	 70 	11843	0.722839	0.738831	0.001648	2.294503
128	9400	361	0.015000	1 	 0 	0	0.000000	0.000000	0.000000	0.000000
128	9400	362	0.015000	1 	 141 	4249	0.259338	0.293518	0.259338	29.924718
128	9400	363	0.015000	1 	 157 	2706	0.165161	0.208679	0.165161	24.879625
128	9400	364	0.015000	1 	 11 	12	0.000732	0.003418	0.000732	1.611590
128	9400	365	0.015000	1 	 33 	15	0.000916	0.007141	0.000916	2.538591
128	9400	366	0.015000	1 	 9 	16	0.000977	0.002136	0.000977	1.836054
128	9400	367	0.015000	1 	 2 	7	0.000427	0.000610	0.000427	1.399708
128	9400	368	0.015000	1 	 2 	6	0.000366	0.000427	0.000366	1.118034
128	9400	369	0.015000	1 	 6 	11	0.000671	0.001099	0.000671	1.636364
128	9400	370	0.015000	1 	 1 	5	0.000305	0.000305	0.000305	0.894427
128	9400	371	0.015000	1 	 0 	0	0.000000	0.000000	0.000000	0.000000
128	9400	372	0.015000	1 	 59 	12313	0.751526	0.769043	0.002380	3.690348
128	9400	373	0.015000	1 	 29 	17	0.001038	0.006592	0.001038	1.863880
128	9400	374	0.015000	1 	 12 	5	0.000305	0.001892	0.000305	1.095445
128	9400	375	0.015000	1 	 20 	6	0.000366	0.003174	0.000366	1.301708
128	9400	376	0.015000	1 	 1 	3	0.000183	0.000183	0.000183	0.666667
128	9400	377	0.015000	1 	 12 	11	0.000671	0.002991	0.000671	1.915573
128	9400	378	0.015000	1 	 6 	5	0.000305	0.000854	0.000305	1.232883
128	9400	379	0.015000	1 	 1 	2	0.000122	0.000122	0.000122	0.500000
128	9400	380	0.015000	1 	 14 	7	0.000427	0.002380	0.000427	1.385051
128	9400	381	0.015000	1 	 153 	4513	0.275452	0.308655	0.275452	30.342676
128	9400	382	0.015000	1 	 122 	182	0.011108	0.046936	0.011108	8.948078
128	9400	383	0.015000	1 	 0 	0	0.000000	0.000000	0.000000	0.000000
128	9400	384	0.015000	1 	 1 	2	0.000122	0.000122	0.000122	0.500000
128	9400	385	0.015000	1 	 176 	5735	0.350037	0.394592	0.350037	33.485748
128	9400	386	0.015000	1 	 3 	7	0.000427	0.000671	0.000427	1.142857
128	9400	387	0.015000	1 	 6 	14	0.000854	0.001770	0.000854	1.885768
128	9400	388	0.015000	1 	 12 	7	0.000427	0.001953	0.000427	1.087968
128	9400	389	0.015000	1 	 92 	9201	0.561584	0.588196	0.002075	3.354102
128	9400	390	0.015000	1 	 0 	0	0.000000	0.000000	0.000000	0.000000
128	9400	391	0.015000	1 	 13 	6	0.000366	0.002136	0.000366	1.343710
128	9400	392	0.015000	1 	 10 	13	0.000793	0.002563	0.000793	1.692308
128	9400	393	0.015000	1 	 0 	0	0.000000	0.000000	0.000000	0.000000
128	9400	394	0.015000	1 	 23 	6	0.000366	0.003479	0.000366	1.013794
128	9400	395	0.015000	1 	 16 	12	0.000732	0.003845	0.000732	1.905766
128	9400	396	0.015000	1 	 11 	7	0.000427	0.001648	0.000427	0.971825
128	9400	397	0.015000	1 	 44 	8	0.000488	0.006897	0.000488	1.391941
128	9400	398	0.015000	1 	 23 	10	0.000610	0.004150	0.000610	2.077029
128	9400	399	0.015000	1 	 2 	1	0.000061	0.000122	0.000061	0.000000
128	9400	400	0.015000	1 	 108 	11402	0.695923	0.723999	0.002075	2.923624
128	9400	401	0.015000	1 	 171 	5008	0.305664	0.358154	0.007141	6.851770
128	9400	402	0.015000	1 	 2 	6	0.000366	0.000610	0.000366	1.067187
128	9400	403	0.015000	1 	 165 	6468	0.394775	0.435486	0.003113	3.318884
128	9400	404	0.015000	1 	 22 	5	0.000305	0.003174	0.000305	0.894427
128	9400	405	0.015000	1 	 0 	0	0.000000	0.000000	0.000000	0.000000
128	9400	406	0.015000	1 	 7 	9	0.000549	0.001343	0.000549	1.507184
128	9400	407	0.015000	1 	 14 	8	0.000488	0.002686	0.000488	1.561249
128	9400	408	0.015000	1 	 0 	0	0.000000	0.000000	0.000000	0.000000
128	9400	409	0.015000	1 	 79 	34	0.002075	0.020935	0.002075	3.482159
128	9400	410	0.015000	1 	 56 	15	0.000916	0.011230	0.000916	1.970899
128	9400	411	0.015000	1 	 133 	6773	0.413391	0.455322	0.004333	5.118473
128	9400	412	0.015000	1 	 5 	6	0.000366	0.000977	0.000366	1.201850
128	9400	413	0.015000	1 	 3 	15430	0.941772	0.942200	0.000366	1.213352
128	9400	414	0.015000	1 	 2 	11	0.000671	0.000732	0.000671	1.532027
128	9400	415	0.015000	1 	 151 	3872	0.236328	0.273438	0.236328	28.454728
128	9400	416	0.015000	1 	 1 	2	0.000122	0.000122	0.000122	0.500000
128	9400	417	0.015000	1 	 109 	5245	0.320129	0.351257	0.001953	3.025768
128	9400	418	0.015000	1 	 4 	4	0.000244	0.000488	0.000244	0.707107
128	9400	419	0.015000	1 	 4 	2	0.000122	0.000427	0.000122	0.500000
128	9400	420	0.015000	1 	 0 	0	0.000000	0.000000	0.000000	0.000000
128	9400	421	0.015000	1 	 24 	8	0.000488	0.004700	0.000488	1.322876
128	9400	422	0.015000	1 	 151 	1602	0.097778	0.143127	0.097778	19.669008
128	9400	423	0.015000	1 	 8 	6	0.000366	0.001526	0.000366	1.424001
128	9400	424	0.015000	1 	 52 	24	0.001465	0.011658	0.001465	3.095416
128	9400	425	0.015000	1 	 30 	10	0.000610	0.006287	0.000610	1.923538
128	9400	426	0.015000	1 	 7 	8	0.000488	0.001526	0.000488	1.473728
128	9400	427	0.015000	1 	 19 	10	0.000610	0.003906	0.000610	1.655295
128	9400	428	0.015000	1 	 0 	0	0.000000	0.000000	0.000000	0.000000
128	9400	429	0.015000	1 	 74 	12067	0.736511	0.751404	0.001160	1.959422
128	9400	430	0.015000	1 	 0 	0	0.000000	0.000000	0.000000	0.000000
128	9400	431	0.015000	1 	 175 	5116	0.312256	0.366394	0.312256	31.568144
128	9400	432	0.015000	1 	 44 	23	0.001404	0.010437	0.001404	2.365473
128	9400	433	0.015000	1 	 9 	8	0.000488	0.001587	0.000488	1.311011
128	9400	434	0.015000	1 	 141 	3997	0.243958	0.282593	0.243958	29.565525
128	9400	435	0.015000	1 	 122 	108	0.006592	0.059631	0.006592	5.713841
128	9400	436	0.015000	1 	 22 	8	0.000488	0.003845	0.000488	1.243734
128	9400	437	0.015000	1 	 1 	1	0.000061	0.000061	0.000061	0.000000
128	9400	438	0.015000	1 	 0 	0	0.000000	0.000000	0.000000	0.000000
128	9400	439	0.015000	1 	 1 	16	0.000977	0.000977	0.000977	2.037730
128	9400	440	0.015000	1 	 124 	2628	0.160400	0.204956	0.160400	24.007616
128	9400	441	0.015000	1 	 186 	4469	0.272766	0.336609	0.272766	30.572168
128	9400	442	0.015000	1 	 1 	16134	0.984741	0.984741	0.000000	0.000000
128	9400	443	0.015000	1 	 140 	5658	0.345337	0.388428	0.007385	6.659978
128	9400	444	0.015000	1 	 32 	23	0.001404	0.009766	0.001404	2.711733
128	9400	445	0.015000	1 	 174 	3095	0.188904	0.258789	0.188904	25.634593
128	9400	446	0.015000	1 	 166 	239	0.014587	0.067749	0.014587	8.234037
128	9400	447	0.015000	1 	 2 	3	0.000183	0.000244	0.000183	0.816497
128	9400	448	0.015000	1 	 7 	10	0.000610	0.001648	0.000610	1.489966
128	9400	449	0.015000	1 	 0 	0	0.000000	0.000000	0.000000	0.000000
128	9400	450	0.015000	1 	 1 	7	0.000427	0.000427	0.000427	1.293626
128	9400	451	0.015000	1 	 171 	4522	0.276001	0.329346	0.276001	30.309123
128	9400	452	0.015000	1 	 14 	11	0.000671	0.002441	0.000671	1.384686
128	9400	453	0.015000	1 	 1 	2	0.000122	0.000122	0.000122	0.500000
128	9400	454	0.015000	1 	 165 	3853	0.235168	0.281738	0.235168	28.101601
128	9400	455	0.015000	1 	 6 	3	0.000183	0.000610	0.000183	0.816497
128	9400	456	0.015000	1 	 12 	5	0.000305	0.001587	0.000305	1.131371
128	9400	457	0.015000	1 	 0 	0	0.000000	0.000000	0.000000	0.000000
128	9400	458	0.015000	1 	 0 	0	0.000000	0.000000	0.000000	0.000000
128	9400	459	0.015000	1 	 201 	2333	0.142395	0.208496	0.142395	23.104923
128	9400	460	0.015000	1 	 25 	9	0.000549	0.004333	0.000549	1.422916
128	9400	461	0.015000	1 	 24 	18	0.001099	0.004944	0.001099	1.813870
128	9400	462	0.015000	1 	 177 	1461	0.089172	0.140076	0.089172	18.502590
128	9400	463	0.015000	1 	 0 	0	0.000000	0.000000	0.000000	0.000000
128	9400	464	0.015000	1 	 4 	8	0.000488	0.000732	0.000488	1.457738
128	9400	465	0.015000	1 	 7 	5	0.000305	0.000916	0.000305	0.979796
128	9400	466	0.015000	1 	 140 	136	0.008301	0.059814	0.008301	6.282592
128	9400	467	0.015000	1 	 163 	813	0.049622	0.103455	0.049622	15.966345
128	9400	468	0.015000	1 	 181 	517	0.031555	0.101135	0.031555	13.213146
128	9400	469	0.015000	1 	 111 	7113	0.434143	0.467529	0.003235	4.198018
128	9400	470	0.015000	1 	 29 	27	0.001648	0.005676	0.001648	2.687164
128	9400	471	0.015000	1 	 8 	11	0.000671	0.001648	0.000671	1.885131
128	9400	472	0.015000	1 	 17 	10	0.000610	0.004150	0.000610	1.746425
128	9400	473	0.015000	1 	 174 	6862	0.418823	0.469177	0.003479	4.087983
128	9400	474	0.015000	1 	 150 	686	0.041870	0.090515	0.041870	14.636544
128	9400	475	0.015000	1 	 5 	5	0.000305	0.000793	0.000305	1.131371
128	9400	476	0.015000	1 	 5 	3	0.000183	0.000488	0.000183	0.816497
128	9400	477	0.015000	1 	 5 	6	0.000366	0.001038	0.000366	1.105542
128	9400	478	0.015000	1 	 0 	0	0.000000	0.000000	0.000000	0.000000
128	9400	479	0.015000	1 	 21 	20	0.001221	0.006470	0.001221	2.531304
128	9400	480	0.015000	1 	 10 	12	0.000732	0.001892	0.000732	1.868972
128	9400	481	0.015000	1 	 139 	4929	0.300842	0.343262	0.300842	32.547257
128	9400	482	0.015000	1 	 8 	5	0.000305	0.000977	0.000305	0.894427
128	9400	483	0.015000	1 	 111 	10440	0.637207	0.664856	0.002808	4.468753
128	9400	484	0.015000	1 	 27 	10	0.000610	0.005432	0.000610	1.431782
128	9400	485	0.015000	1 	 4 	6	0.000366	0.000671	0.000366	1.247219
128	9400	486	0.015000	1 	 0 	0	0.000000	0.000000	0.000000	0.000000
128	9400	487	0.015000	1 	 197 	4196	0.256104	0.304810	0.256104	29.166416
128	9400	488	0.015000	1 	 39 	17	0.001038	0.010315	0.001038	2.499827
128	9400	489	0.015000	1 	 118 	1844	0.112549	0.158142	0.112549	20.455748
128	9400	490	0.015000	1 	 3 	5	0.000305	0.000427	0.000305	1.232883
128	9400	491	0.015000	1 	 181 	120	0.007324	0.071106	0.007324	7.169689
128	9400	492	0.015000	1 	 56 	19	0.001160	0.012573	0.001160	2.458520
128	9400	493	0.015000	1 	 18 	10	0.000610	0.002930	0.000610	1.691153
128	9400	494	0.015000	1 	 14 	7	0.000427	0.002258	0.000427	1.124858
128	9400	495	0.015000	1 	 193 	4866	0.296997	0.364502	0.296997	31.604644
128	9400	496	0.015000	1 	 4 	3	0.000183	0.000488	0.000183	0.666667
128	9400	497	0.015000	1 	 181 	2994	0.182739	0.231262	0.182739	26.500360
128	9400	498	0.015000	1 	 1 	16140	0.985107	0.985107	0.000000	0.000000
128	9400	499	0.015000	1 	 66 	19	0.001160	0.014587	0.001160	2.649413
128	9400	500	0.015000	1 	 115 	2042	0.124634	0.153870	0.124634	22.111445
128	9400	501	0.015000	1 	 1 	5	0.000305	0.000305	0.000305	0.894427
128	9400	502	0.015000	1 	 7 	9	0.000549	0.001465	0.000549	1.670366
128	9400	503	0.015000	1 	 47 	16	0.000977	0.009644	0.000977	1.862458
128	9400	504	0.015000	1 	 27 	13	0.000793	0.006165	0.000793	1.587674
128	9400	505	0.015000	1 	 4 	4	0.000244	0.000549	0.000244	1.118034
128	9400	506	0.015000	1 	 4 	4	0.000244	0.000610	0.000244	0.707107
128	9400	507	0.015000	1 	 2 	14	0.000854	0.001038	0.000854	1.966557
128	9400	508	0.015000	1 	 18 	6	0.000366	0.002502	0.000366	0.957427
128	9400	509	0.015000	1 	 193 	5884	0.359131	0.415527	0.359131	34.134513
128	9400	510	0.015000	1 	 0 	0	0.000000	0.000000	0.000000	0.000000
128	9400	511	0.015000	1 	 7 	12	0.000732	0.002075	0.000732	1.674979
128	9400	512	0.015000	1 	 1 	2	0.000122	0.000122	0.000122	0.500000
128	9400	513	0.015000	1 	 4 	4	0.000244	0.000671	0.000244	1.118034
128	9400	514	0.015000	1 	 0 	0	0.000000	0.000000	0.000000	0.000000
128	9400	515	0.015000	1 	 2 	3	0.000183	0.000366	0.000183	0.666667
128	9400	516	0.015000	1 	 172 	2837	0.173157	0.232056	0.173157	25.217025
128	9400	517	0.015000	1 	 188 	1361	0.083069	0.144104	0.083069	19.887128
128	9400	518	0.015000	1 	 5 	7	0.000427	0.001160	0.000427	1.142857
128	9400	519	0.015000	1 	 3 	6	0.000366	0.000549	0.000366	1.118034
128	9400	520	0.015000	1 	 13 	13	0.000793	0.003235	0.000793	1.790838
128	9400	521	0.015000	1 	 129 	326	0.019897	0.064392	0.019897	12.499142
128	9400	522	0.015000	1 	 9 	6	0.000366	0.001343	0.000366	1.080123
128	9400	523	0.015000	1 	 6 	9	0.000549	0.001099	0.000549	1.295767
128	9400	524	0.015000	1 	 95 	10013	0.611145	0.645935	0.004028	4.787519
128	9400	525	0.015000	1 	 134 	9023	0.550720	0.582764	0.003296	4.259259
128	9400	526	0.015000	1 	 0 	0	0.000000	0.000000	0.000000	0.000000
128	9400	527	0.015000	1 	 12 	15	0.000916	0.002625	0.000916	1.880898
128	9400	528	0.015000	1 	 4 	6	0.000366	0.000916	0.000366	0.957427
128	9400	529	0.015000	1 	 3 	7	0.000427	0.000610	0.000427	1.340119
128	9400	530	0.015000	1 	 62 	11775	0.718689	0.735413	0.001404	2.955882
128	9400	531	0.015000	1 	 157 	1592	0.097168	0.151917	0.097168	20.924362
128	9400	532	0.015000	1 	 1 	1	0.000061	0.000061	0.000061	0.000000
128	9400	533	0.015000	1 	 170 	957	0.058411	0.118225	0.058411	17.228731
128	9400	534	0.015000	1 	 4 	5	0.000305	0.000793	0.000305	1.131371
128	9400	535	0.015000	1 	 6 	9	0.000549	0.001465	0.000549	1.507184
128	9400	536	0.015000	1 	 0 	0	0.000000	0.000000	0.000000	0.000000
128	9400	537	0.015000	1 	 28 	6	0.000366	0.003784	0.000366	1.424001
128	9400	538	0.015000	1 	 7 	5	0.000305	0.001282	0.000305	1.058301
128	9400	539	0.015000	1 	 4 	7	0.000427	0.000793	0.000427	1.277753
128	9400	540	0.015000	1 	 21 	13	0.000793	0.004639	0.000793	1.760850
128	9400	541	0.015000	1 	 1 	16155	0.986023	0.986023	0.000000	0.000000
128	9400	542	0.015000	1 	 6 	15	0.000916	0.001587	0.000916	2.024297
128	9400	543	0.015000	1 	 6 	4	0.000244	0.000916	0.000244	0.935414
128	9400	544	0.015000	1 	 162 	1283	0.078308	0.124268	0.078308	18.361091
128	9400	545	0.015000	1 	 16 	15	0.000916	0.003662	0.000916	2.597435
128	9400	546	0.015000	1 	 4 	4	0.000244	0.000427	0.000244	0.707107
128	9400	547	0.015000	1 	 0 	0	0.000000	0.000000	0.000000	0.000000
128	9400	548	0.015000	1 	 17 	11	0.000671	0.005249	0.000671	1.700753
128	9400	549	0.015000	1 	 20 	12	0.000732	0.003906	0.000732	1.759893
128	9400	550	0.015000	1 	 6 	12	0.000732	0.001770	0.000732	1.596437
128	9400	551	0.015000	1 	 4 	13	0.000793	0.001038	0.000793	1.884223
128	9400	552	0.015000	1 	 0 	0	0.000000	0.000000	0.000000	0.000000
128	9400	553	0.015000	1 	 8 	7	0.000427	0.001709	0.000427	1.142857
128	9400	554	0.015000	1 	 6 	6	0.000366	0.001587	0.000366	1.166667
128	9400	555	0.015000	1 	 15 	4	0.000244	0.001709	0.000244	0.866025
128	9400	556	0.015000	1 	 9 	7	0.000427	0.001892	0.000427	1.228904
128	9400	557	0.015000	1 	 99 	9246	0.564331	0.604248	0.004333	4.521851
128	9400	558	0.015000	1 	 116 	918	0.056030	0.100464	0.056030	17.219367
128	9400	559	0.015000	1 	 77 	37	0.002258	0.020508	0.002258	3.375025
128	9400	560	0.015000	1 	 14 	13	0.000793	0.003113	0.000793	1.649816
128	9400	561	0.015000	1 	 88 	21	0.001282	0.018311	0.001282	2.249717
128	9400	562	0.015000	1 	 0 	0	0.000000	0.000000	0.000000	0.000000
128	9400	563	0.015000	1 	 3 	3	0.000183	0.000488	0.000183	0.666667
128	9400	564	0.015000	1 	 141 	3304	0.201660	0.249878	0.201660	26.590170
128	9400	565	0.015000	1 	 142 	1100	0.067139	0.113220	0.067139	16.866801
128	9400	566	0.015000	1 	 164 	2925	0.178528	0.223816	0.178528	26.504184
128	9400	567	0.015000	1 	 27 	7	0.000427	0.003967	0.000427	1.228904
128	9400	568	0.015000	1 	 0 	0	0.000000	0.000000	0.000000	0.000000
128	9400	569	0.015000	1 	 2 	4	0.000244	0.000305	0.000244	0.935414
128	9400	570	0.015000	1 	 4 	16	0.000977	0.001282	0.000977	1.899836
128	9400	571	0.015000	1 	 7 	5	0.000305	0.001221	0.000305	1.095445
128	9400	572	0.015000	1 	 44 	11	0.000671	0.006470	0.000671	1.734435
128	9400	573	0.015000	1 	 11 	8	0.000488	0.002258	0.000488	1.446980
128	9400	574	0.015000	1 	 3 	2	0.000122	0.000305	0.000122	0.500000
128	9400	575	0.015000	1 	 161 	1457	0.088928	0.146606	0.088928	19.978744
128	9400	576	0.015000	1 	 2 	3	0.000183	0.000244	0.000183	0.666667
128	9400	577	0.015000	1 	 90 	8988	0.548584	0.576904	0.002991	3.681737
128	9400	578	0.015000	1 	 6 	3	0.000183	0.000610	0.000183	0.666667
128	9400	579	0.015000	1 	 4 	8	0.000488	0.000916	0.000488	1.192424
128	9400	580	0.015000	1 	 67 	15	0.000916	0.011963	0.000916	1.808427
128	9400	581	0.015000	1 	 19 	8	0.000488	0.003174	0.000488	1.430690
128	9400	582	0.015000	1 	 170 	3075	0.187683	0.234497	0.187683	26.820384
128	9400	583	0.015000	1 	 70 	11797	0.720032	0.737854	0.002808	3.414151
128	9400	584	0.015000	1 	 9 	5	0.000305	0.001709	0.000305	1.131371
128	9400	585	0.015000	1 	 174 	4114	0.251099	0.304749	0.251099	29.347038
128	9400	586	0.015000	1 	 8 	11	0.000671	0.002563	0.000671	1.790701
128	9400	587	0.015000	1 	 2 	6	0.000366	0.000671	0.000366	0.971825
128	9400	588	0.015000	1 	 14 	15	0.000916	0.003418	0.000916	2.272541
128	9400	589	0.015000	1 	 13 	14	0.000854	0.002686	0.000854	2.057837
128	9400	590	0.015000	1 	 10 	6	0.000366	0.001404	0.000366	1.067187
128	9400	591	0.015000	1 	 155 	31	0.001892	0.040405	0.001892	2.601928
128	9400	592	0.015000	1 	 3 	3	0.000183	0.000427	0.000183	0.816497
128	9400	593	0.015000	1 	 0 	0	0.000000	0.000000	0.000000	0.000000
128	9400	594	0.015000	1 	 2 	6	0.000366	0.000488	0.000366	1.067187
128	9400	595	0.015000	1 	 63 	19	0.001160	0.012329	0.001160	2.132716
128	9400	596	0.015000	1 	 105 	8952	0.546387	0.574585	0.001587	2.430088
128	9400	597	0.015000	1 	 8 	3	0.000183	0.000977	0.000183	1.131371
128	9400	598	0.015000	1 	 34 	25	0.001526	0.009949	0.001526	2.373858
128	9400	599	0.015000	1 	 19 	7	0.000427	0.002686	0.000427	1.106567
128	9400	600	0.015000	1 	 24 	16	0.000977	0.003906	0.000977	1.726403
128	9400	601	0.015000	1 	 9 	8	0.000488	0.001526	0.000488	1.357848
128	9400	602	0.015000	1 	 25 	10	0.000610	0.003967	0.000610	1.469694
128	9400	603	0.015000	1 	 8 	3	0.000183	0.000916	0.000183	0.666667
128	9400	604	0.015000	1 	 205 	171	0.010437	0.078369	0.010437	8.317447
128	9400	605	0.015000	1 	 3 	12	0.000732	0.000977	0.000732	1.795055
128	9400	606	0.015000	1 	 7 	11	0.000671	0.001343	0.000671	1.579832
128	9400	607	0.015000	1 	 26 	6	0.000366	0.003357	0.000366	0.957427
128	9400	608	0.015000	1 	 34 	18	0.001099	0.009460	0.001099	2.370081
128	9400	609	0.015000	1 	 90 	7594	0.463501	0.487305	0.002319	3.629862
128	9400	610	0.015000	1 	 5 	26	0.001587	0.001831	0.001587	2.174693
128	9400	611	0.015000	1 	 0 	0	0.000000	0.000000	0.000000	0.000000
128	9400	612	0.015000	1 	 157 	130	0.007935	0.061523	0.007935	8.188865
128	9400	613	0.015000	1 	 44 	10	0.000610	0.008423	0.000610	1.389244
128	9400	614	0.015000	1 	 4 	26	0.001587	0.002014	0.001587	2.639594
128	9400	615	0.015000	1 	 10 	6	0.000366	0.001282	0.000366	1.213352
128	9400	616	0.015000	1 	 0 	0	0.000000	0.000000	0.000000	0.000000
128	9400	617	0.015000	1 	 56 	12039	0.734802	0.753235	0.001953	3.363842
128	9400	618	0.015000	1 	 112 	9834	0.600220	0.627014	0.001343	2.332398
128	9400	619	0.015000	1 	 110 	18	0.001099	0.023315	0.001099	2.161675
128	9400	620	0.015000	1 	 121 	6942	0.423706	0.460938	0.002625	3.710742
128	9400	621	0.015000	1 	 175 	2353	0.143616	0.206238	0.143616	23.181123
128	9400	622	0.015000	1 	 184 	2466	0.150513	0.204834	0.150513	23.644904
128	9400	623	0.015000	1 	 29 	13585	0.829163	0.836548	0.000793	2.095360
128	9400	624	0.015000	1 	 1 	4	0.000244	0.000244	0.000244	0.935414
128	9400	625	0.015000	1 	 0 	0	0.000000	0.000000	0.000000	0.000000
128	9400	626	0.015000	1 	 7 	6	0.000366	0.001160	0.000366	0.957427
128	9400	627	0.015000	1 	 98 	8674	0.529419	0.556885	0.002319	2.907746
128	9400	628	0.015000	1 	 137 	2536	0.154785	0.195068	0.154785	24.037254
128	9400	629	0.015000	1 	 0 	0	0.000000	0.000000	0.000000	0.000000
128	9400	630	0.015000	1 	 7 	6	0.000366	0.001221	0.000366	0.957427
128	9400	631	0.015000	1 	 3 	1	0.000061	0.000183	0.000061	0.000000
128	9400	632	0.015000	1 	 37 	8	0.000488	0.005737	0.000488	1.192424
128	9400	633	0.015000	1 	 199 	142	0.008667	0.076782	0.008667	6.857137
128	9400	634	0.015000	1 	 0 	0	0.000000	0.000000	0.000000	0.000000
128	9400	635	0.015000	1 	 4 	7	0.000427	0.000977	0.000427	1.293626
128	9400	636	0.015000	1 	 1 	2	0.000122	0.000122	0.000122	0.500000
128	9400	637	0.015000	1 	 146 	4900	0.299072	0.354553	0.299072	31.103282
128	9400	638	0.015000	1 	 12 	7	0.000427	0.001953	0.000427	1.525297
128	9400	639	0.015000	1 	 2 	2	0.000122	0.000244	0.000122	0.500000
128	9400	640	0.015000	1 	 2 	2	0.000122	0.000244	0.000122	0.500000
128	9400	641	0.015000	1 	 153 	237	0.014465	0.090820	0.014465	8.534295
128	9400	642	0.015000	1 	 26 	10	0.000610	0.005554	0.000610	1.962142
128	9400	643	0.015000	1 	 0 	0	0.000000	0.000000	0.000000	0.000000
128	9400	644	0.015000	1 	 8 	9	0.000549	0.001221	0.000549	1.431567
128	9400	645	0.015000	1 	 10 	6	0.000366	0.001587	0.000366	1.067187
128	9400	646	0.015000	1 	 16 	7	0.000427	0.003113	0.000427	1.396645
128	9400	647	0.015000	1 	 185 	1045	0.063782	0.126221	0.063782	16.914108
128	9400	648	0.015000	1 	 101 	2146	0.130981	0.163696	0.130981	22.432771
128	9400	649	0.015000	1 	 0 	0	0.000000	0.000000	0.000000	0.000000
128	9400	650	0.015000	1 	 137 	1710	0.104370	0.143555	0.104370	20.360994
128	9400	651	0.015000	1 	 146 	1753	0.106995	0.152222	0.106995	21.055069
128	9400	652	0.015000	1 	 2 	1	0.000061	0.000122	0.000061	0.000000
128	9400	653	0.015000	1 	 0 	0	0.000000	0.000000	0.000000	0.000000
128	9400	654	0.015000	1 	 7 	15	0.000916	0.001770	0.000916	1.871423
128	9400	655	0.015000	1 	 8 	12	0.000732	0.001892	0.000732	1.639360
128	9400	656	0.015000	1 	 110 	34	0.002075	0.026306	0.002075	3.208445
128	9400	657	0.015000	1 	 128 	380	0.023193	0.076294	0.023193	10.904878
128	9400	658	0.015000	1 	 151 	649	0.039612	0.093689	0.039612	13.978848
128	9400	659	0.015000	1 	 7 	7	0.000427	0.001160	0.000427	1.178030
128	9400	660	0.015000	1 	 0 	0	0.000000	0.000000	0.000000	0.000000
128	9400	661	0.015000	1 	 0 	0	0.000000	0.000000	0.000000	0.000000
128	9400	662	0.015000	1 	 7 	7	0.000427	0.001038	0.000427	1.470804
128	9400	663	0.015000	1 	 3 	3	0.000183	0.000366	0.000183	0.816497
128	9400	664	0.015000	1 	 0 	0	0.000000	0.000000	0.000000	0.000000
128	9400	665	0.015000	1 	 147 	1230	0.075073	0.124939	0.075073	18.470749
128	9400	666	0.015000	1 	 43 	12	0.000732	0.008423	0.000732	1.594261
128	9400	667	0.015000	1 	 105 	6645	0.405579	0.445129	0.003540	4.381923
128	9400	668	0.015000	1 	 74 	11565	0.705872	0.722229	0.002319	3.156250
128	9400	669	0.015000	1 	 176 	2178	0.132935	0.191101	0.132935	22.440326
128	9400	670	0.015000	1 	 94 	16	0.000977	0.019104	0.000977	2.249132
128	9400	671	0.015000	1 	 9 	6	0.000366	0.001160	0.000366	1.178511
128	9400	672	0.015000	1 	 16 	11	0.000671	0.003845	0.000671	1.691007
128	9400	673	0.015000	1 	 35 	12	0.000732	0.006287	0.000732	2.587362
128	9400	674	0.015000	1 	 149 	1015	0.061951	0.116882	0.061951	16.450523
128	9400	675	0.015000	1 	 54 	29	0.001770	0.014221	0.001770	2.978720
128	9400	676	0.015000	1 	 57 	45	0.002747	0.013428	0.002747	3.554027
128	9400	677	0.015000	1 	 128 	119	0.007263	0.050049	0.007263	6.555122
128	9400	678	0.015000	1 	 11 	6	0.000366	0.001892	0.000366	0.957427
128	9400	679	0.015000	1 	 0 	0	0.000000	0.000000	0.000000	0.000000
128	9400	680	0.015000	1 	 16 	13	0.000793	0.003296	0.000793	2.041000
128	9400	681	0.015000	1 	 15 	7	0.000427	0.002258	0.000427	1.245400
128	9400	682	0.015000	1 	 130 	4033	0.246155	0.280640	0.246155	29.119080
128	9400	683	0.015000	1 	 7 	4	0.000244	0.000977	0.000244	1.118034
128	9400	684	0.015000	1 	 0 	0	0.000000	0.000000	0.000000	0.000000
128	9400	685	0.015000	1 	 26 	10	0.000610	0.004822	0.000610	1.456022
128	9400	686	0.015000	1 	 4 	9	0.000549	0.001038	0.000549	1.507184
128	9400	687	0.015000	1 	 148 	8842	0.539673	0.573730	0.002441	4.494650
128	9400	688	0.015000	1 	 2 	4	0.000244	0.000305	0.000244	0.829156
128	9400	689	0.015000	1 	 1 	2	0.000122	0.000122	0.000122	0.500000
128	9400	690	0.015000	1 	 208 	4194	0.255981	0.319763	0.255981	29.196672
128	9400	691	0.015000	1 	 156 	4515	0.275574	0.324829	0.275574	29.916787
128	9400	692	0.015000	1 	 140 	5761	0.351624	0.390381	0.351624	34.362057
128	9400	693	0.015000	1 	 0 	0	0.000000	0.000000	0.000000	0.000000
128	9400	694	0.015000	1 	 7 	3	0.000183	0.000610	0.000183	0.666667
128	9400	695	0.015000	1 	 23 	8	0.000488	0.003479	0.000488	1.391941
128	9400	696	0.015000	1 	 6 	8	0.000488	0.001282	0.000488	1.530931
128	9400	697	0.015000	1 	 149 	3436	0.209717	0.249207	0.209717	27.349841
128	9400	698	0.015000	1 	 70 	14	0.000854	0.013794	0.000854	1.865366
128	9400	699	0.015000	1 	 56 	16	0.000977	0.012512	0.000977	2.331007
128	9400	700	0.015000	1 	 7 	6	0.000366	0.001465	0.000366	1.013794
128	9400	701	0.015000	1 	 7 	4	0.000244	0.000793	0.000244	0.935414
128	9400	702	0.015000	1 	 14 	8	0.000488	0.002747	0.000488	1.391941
128	9400	703	0.015000	1 	 8 	9	0.000549	0.002014	0.000549	1.594744
128	9400	704	0.015000	1 	 6 	4	0.000244	0.001038	0.000244	0.707107
128	9400	705	0.015000	1 	 71 	23	0.001404	0.015015	0.001404	3.089711
128	9400	706	0.015000	1 	 195 	3753	0.229065	0.299927	0.229065	28.349561
128	9400	707	0.015000	1 	 7 	7	0.000427	0.001587	0.000427	1.178030
128	9400	708	0.015000	1 	 233 	2603	0.158875	0.220825	0.158875	26.149841
128	9400	709	0.015000	1 	 19 	7	0.000427	0.003418	0.000427	1.245400
128	9400	710	0.015000	1 	 146 	2123	0.129578	0.182800	0.129578	24.524280
128	9400	711	0.015000	1 	 79 	16	0.000977	0.015442	0.000977	2.266433
128	9400	712	0.015000	1 	 18 	7	0.000427	0.003113	0.000427	1.385051
128	9400	713	0.015000	1 	 11 	9	0.000549	0.002441	0.000549	1.457209
128	9400	714	0.015000	1 	 0 	0	0.000000	0.000000	0.000000	0.000000
128	9400	715	0.015000	1 	 152 	28	0.001709	0.036926	0.001709	2.643581
128	9400	716	0.015000	1 	 30 	6	0.000366	0.004272	0.000366	1.166667
128	9400	717	0.015000	1 	 24 	8	0.000488	0.004517	0.000488	1.403122
128	9400	718	0.015000	1 	 128 	136	0.008301	0.045227	0.008301	6.831749
128	9400	719	0.015000	1 	 7 	13	0.000793	0.001831	0.000793	2.014739
128	9400	720	0.015000	1 	 0 	0	0.000000	0.000000	0.000000	0.000000
128	9400	721	0.015000	1 	 22 	21	0.001282	0.005615	0.001282	2.659003
128	9400	722	0.015000	1 	 6 	8	0.000488	0.001343	0.000488	1.430690
128	9400	723	0.015000	1 	 1 	1	0.000061	0.000061	0.000061	0.000000
128	9400	724	0.015000	1 	 14 	10	0.000610	0.002808	0.000610	1.673320
128	9400	725	0.015000	1 	 11 	5	0.000305	0.001587	0.000305	1.095445
128	9400	726	0.015000	1 	 128 	43	0.002625	0.029541	0.002625	3.787058
128	9400	727	0.015000	1 	 6 	9	0.000549	0.001404	0.000549	1.735611
128	9400	728	0.015000	1 	 8 	8	0.000488	0.001465	0.000488	1.357848
128	9400	729	0.015000	1 	 4 	9	0.000549	0.001099	0.000549	1.333333
128	9400	730	0.015000	1 	 0 	0	0.000000	0.000000	0.000000	0.000000
128	9400	731	0.015000	1 	 169 	2730	0.166626	0.213806	0.166626	24.439351
128	9400	732	0.015000	1 	 13 	6	0.000366	0.001709	0.000366	1.080123
128	9400	733	0.015000	1 	 0 	0	0.000000	0.000000	0.000000	0.000000
128	9400	734	0.015000	1 	 13 	12	0.000732	0.002808	0.000732	1.846543
128	9400	735	0.015000	1 	 0 	0	0.000000	0.000000	0.000000	0.000000
128	9400	736	0.015000	1 	 62 	25	0.001526	0.017761	0.001526	2.243569
128	9400	737	0.015000	1 	 1 	12	0.000732	0.000732	0.000732	1.647810
128	9400	738	0.015000	1 	 6 	8	0.000488	0.001343	0.000488	1.452369
128	9400	739	0.015000	1 	 6 	8	0.000488	0.001282	0.000488	1.489547
128	9400	740	0.015000	1 	 2 	5	0.000305	0.000366	0.000305	1.019804
128	9400	741	0.015000	1 	 1 	16111	0.983337	0.983337	0.000000	0.000000
128	9400	742	0.015000	1 	 4 	1	0.000061	0.000244	0.000061	0.000000
128	9400	743	0.015000	1 	 56 	28	0.001709	0.012268	0.001709	3.213492
128	9400	744	0.015000	1 	 7 	10	0.000610	0.001892	0.000610	1.552417
128	9400	745	0.015000	1 	 7 	12	0.000732	0.002136	0.000732	1.740051
128	9400	746	0.015000	1 	 23 	11	0.000671	0.005188	0.000671	1.911254
128	9400	747	0.015000	1 	 137 	6386	0.389771	0.424072	0.003540	4.434287
128	9400	748	0.015000	1 	 1 	16134	0.984741	0.984741	0.000000	0.000000
128	9400	749	0.015000	1 	 3 	3	0.000183	0.000366	0.000183	0.666667
128	9400	750	0.015000	1 	 5 	1	0.000061	0.000305	0.000061	0.000000
128	9400	751	0.015000	1 	 170 	2134	0.130249	0.182800	0.130249	22.377365
128	9400	752	0.015000	1 	 14 	11	0.000671	0.002625	0.000671	1.408358
128	9400	753	0.015000	1 	 47 	11920	0.727539	0.739380	0.001770	3.271685
128	9400	754	0.015000	1 	 19 	13	0.000793	0.003845	0.000793	1.726919
128	9400	755	0.015000	1 	 0 	0	0.000000	0.000000	0.000000	0.000000
128	9400	756	0.015000	1 	 13 	8	0.000488	0.002258	0.000488	1.386317
128	9400	757	0.015000	1 	 6 	12	0.000732	0.001465	0.000732	1.615893
128	9400	758	0.015000	1 	 17 	8	0.000488	0.002808	0.000488	1.494783
128	9400	759	0.015000	1 	 5 	5	0.000305	0.000793	0.000305	0.894427
128	9400	760	0.015000	1 	 17 	11	0.000671	0.003479	0.000671	1.579832
128	9400	761	0.015000	1 	 4 	5	0.000305	0.000732	0.000305	0.894427
128	9400	762	0.015000	1 	 147 	2636	0.160889	0.194519	0.160889	24.186337
128	9400	763	0.015000	1 	 11 	14	0.000854	0.003723	0.000854	2.177107
128	9400	764	0.015000	1 	 24 	11	0.000671	0.005493	0.000671	2.032789
128	9400	765	0.015000	1 	 38 	16	0.000977	0.007812	0.000977	1.967510
128	9400	766	0.015000	1 	 1 	1	0.000061	0.000061	0.000061	0.000000
128	9400	767	0.015000	1 	 109 	7659	0.467468	0.498596	0.002563	3.773190
128	9400	768	0.015000	1 	 146 	2808	0.171387	0.216370	0.171387	24.962027
128	9400	769	0.015000	1 	 17 	11	0.000671	0.003357	0.000671	1.867513
128	9400	770	0.015000	1 	 14 	4	0.000244	0.001831	0.000244	0.829156
128	9400	771	0.015000	1 	 3 	5	0.000305	0.000671	0.000305	1.232883
128	9400	772	0.015000	1 	 21 	16	0.000977	0.004517	0.000977	1.894688
128	9400	773	0.015000	1 	 0 	0	0.000000	0.000000	0.000000	0.000000
128	9400	774	0.015000	1 	 26 	12	0.000732	0.006470	0.000732	1.545603
128	9400	775	0.015000	1 	 6 	6	0.000366	0.000977	0.000366	1.166667
128	9400	776	0.015000	1 	 0 	0	0.000000	0.000000	0.000000	0.000000
128	9400	777	0.015000	1 	 84 	10525	0.642395	0.663208	0.001831	2.783683
128	9400	778	0.015000	1 	 87 	41	0.002502	0.023438	0.002502	3.944891
128	9400	779	0.015000	1 	 10 	11	0.000671	0.002686	0.000671	1.553455
128	9400	780	0.015000	1 	 0 	0	0.000000	0.000000	0.000000	0.000000
128	9400	781	0.015000	1 	 9 	9	0.000549	0.002014	0.000549	1.342561
128	9400	782	0.015000	1 	 34 	9	0.000549	0.006104	0.000549	1.490712
128	9400	783	0.015000	1 	 137 	25	0.001526	0.032593	0.001526	3.034205
128	9400	784	0.015000	1 	 0 	0	0.000000	0.000000	0.000000	0.000000
128	9400	785	0.015000	1 	 0 	0	0.000000	0.000000	0.000000	0.000000
128	9400	786	0.015000	1 	 0 	0	0.000000	0.000000	0.000000	0.000000
128	9400	787	0.015000	1 	 3 	3	0.000183	0.000366	0.000183	0.666667
128	9400	788	0.015000	1 	 4 	5	0.000305	0.000549	0.000305	1.131371
128	9400	789	0.015000	1 	 0 	0	0.000000	0.000000	0.000000	0.000000
128	9400	790	0.015000	1 	 0 	0	0.000000	0.000000	0.000000	0.000000
128	9400	791	0.015000	1 	 93 	25	0.001526	0.018555	0.001526	3.077661
128	9400	792	0.015000	1 	 8 	4	0.000244	0.000916	0.000244	0.829156
128	9400	793	0.015000	1 	 142 	4457	0.272034	0.311157	0.003540	3.924904
128	9400	794	0.015000	1 	 1 	16133	0.984680	0.984680	0.000000	0.000000
128	9400	795	0.015000	1 	 6 	8	0.000488	0.001709	0.000488	1.262438
128	9400	796	0.015000	1 	 4 	11	0.000671	0.001465	0.000671	1.748671
128	9400	797	0.015000	1 	 183 	3987	0.243347	0.290771	0.243347	29.474829
128	9400	798	0.015000	1 	 0 	0	0.000000	0.000000	0.000000	0.000000
128	9400	799	0.015000	1 	 61 	13	0.000793	0.011169	0.000793	1.656974
128	9400	800	0.015000	1 	 85 	9904	0.604492	0.629456	0.003967	4.816094
128	9400	801	0.015000	1 	 1 	3	0.000183	0.000183	0.000183	0.816497
128	9400	802	0.015000	1 	 30 	13	0.000793	0.006104	0.000793	1.881080
128	9400	803	0.015000	1 	 60 	15	0.000916	0.011902	0.000916	1.955050
128	9400	804	0.015000	1 	 0 	0	0.000000	0.000000	0.000000	0.000000
128	9400	805	0.015000	1 	 7 	5	0.000305	0.000854	0.000305	1.131371
128	9400	806	0.015000	1 	 58 	24	0.001465	0.015869	0.001465	2.953341
128	9400	807	0.015000	1 	 0 	0	0.000000	0.000000	0.000000	0.000000
128	9400	808	0.015000	1 	 12 	8	0.000488	0.002502	0.000488	1.224745
128	9400	809	0.015000	1 	 1 	16114	0.983521	0.983521	0.000000	0.000000
128	9400	810	0.015000	1 	 129 	52	0.003174	0.035095	0.003174	4.200724
128	9400	811	0.015000	1 	 169 	4736	0.289062	0.336792	0.289062	31.578037
128	9400	812	0.015000	1 	 3 	9	0.000549	0.000671	0.000549	1.692394
128	9400	813	0.015000	1 	 3 	6	0.000366	0.000671	0.000366	1.213352
128	9400	814	0.015000	1 	 195 	3035	0.185242	0.246643	0.185242	26.020996
128	9400	815	0.015000	1 	 95 	11445	0.698547	0.719666	0.002197	3.558918
128	9400	816	0.015000	1 	 235 	656	0.040039	0.112793	0.040039	16.260536
128	9400	817	0.015000	1 	 0 	0	0.000000	0.000000	0.000000	0.000000
128	9400	818	0.015000	1 	 2 	10	0.000610	0.000671	0.000610	1.421267
128	9400	819	0.015000	1 	 7 	7	0.000427	0.001160	0.000427	1.293626
128	9400	820	0.015000	1 	 0 	0	0.000000	0.000000	0.000000	0.000000
128	9400	821	0.015000	1 	 148 	5211	0.318054	0.372681	0.318054	32.115104
128	9400	822	0.015000	1 	 20 	5	0.000305	0.002380	0.000305	0.894427
128	9400	823	0.015000	1 	 3 	3	0.000183	0.000366	0.000183	0.666667
128	9400	824	0.015000	1 	 34 	14155	0.863953	0.870056	0.000916	1.449138
128	9400	825	0.015000	1 	 36 	30	0.001831	0.008240	0.001831	2.546675
128	9400	826	0.015000	1 	 53 	15	0.000916	0.009216	0.000916	1.768867
128	9400	827	0.015000	1 	 137 	3978	0.242798	0.279785	0.242798	28.669122
128	9400	828	0.015000	1 	 0 	0	0.000000	0.000000	0.000000	0.000000
128	9400	829	0.015000	1 	 103 	32	0.001953	0.029358	0.001953	3.338635
128	9400	830	0.015000	1 	 143 	1469	0.089661	0.133911	0.089661	18.704926
128	9400	831	0.015000	1 	 0 	0	0.000000	0.000000	0.000000	0.000000
128	9400	832	0.015000	1 	 12 	12	0.000732	0.002380	0.000732	1.740051
128	9400	833	0.015000	1 	 14 	4	0.000244	0.001648	0.000244	0.935414
128	9400	834	0.015000	1 	 180 	1301	0.079407	0.137817	0.079407	18.514634
128	9400	835	0.015000	1 	 4 	2	0.000122	0.000305	0.000122	0.500000
128	9400	836	0.015000	1 	 163 	2295	0.140076	0.197876	0.140076	23.114913
128	9400	837	0.015000	1 	 1 	16128	0.984375	0.984375	0.000000	0.000000
128	9400	838	0.015000	1 	 30 	34	0.002075	0.006958	0.002075	3.323139
128	9400	839	0.015000	1 	 0 	0	0.000000	0.000000	0.000000	0.000000
128	9400	840	0.015000	1 	 2 	2	0.000122	0.000244	0.000122	0.500000
128	9400	841	0.015000	1 	 180 	5669	0.346008	0.396118	0.346008	33.423217
128	9400	842	0.015000	1 	 138 	661	0.040344	0.090515	0.040344	14.444182
128	9400	843	0.015000	1 	 5 	5	0.000305	0.000977	0.000305	0.979796
128	9400	844	0.015000	1 	 0 	0	0.000000	0.000000	0.000000	0.000000
128	9400	845	0.015000	1 	 101 	10795	0.658875	0.690979	0.003601	4.779541
128	9400	846	0.015000	1 	 14 	8	0.000488	0.003540	0.000488	1.311011
128	9400	847	0.015000	1 	 30 	8	0.000488	0.005432	0.000488	1.103970
128	9400	848	0.015000	1 	 97 	9825	0.599670	0.625549	0.001953	3.001790
128	9400	849	0.015000	1 	 2 	11	0.000671	0.000977	0.000671	1.542778
128	9400	850	0.015000	1 	 113 	8730	0.532837	0.565369	0.003845	3.878541
128	9400	851	0.015000	1 	 143 	3542	0.216187	0.260010	0.216187	27.274573
128	9400	852	0.015000	1 	 1 	16137	0.984924	0.984924	0.000000	0.000000
128	9400	853	0.015000	1 	 103 	8244	0.503174	0.531433	0.001892	3.071469
128	9400	854	0.015000	1 	 1 	16154	0.985962	0.985962	0.000000	0.000000
128	9400	855	0.015000	1 	 4 	13	0.000793	0.001160	0.000793	1.667653
128	9400	856	0.015000	1 	 3 	2	0.000122	0.000244	0.000122	0.500000
128	9400	857	0.015000	1 	 8 	5	0.000305	0.001221	0.000305	0.979796
128	9400	858	0.015000	1 	 144 	2835	0.173035	0.220886	0.173035	24.969559
128	9400	859	0.015000	1 	 1 	4	0.000244	0.000244	0.000244	0.829156
128	9400	860	0.015000	1 	 109 	25	0.001526	0.023499	0.001526	2.554995
128	9400	861	0.015000	1 	 12 	15	0.000916	0.002686	0.000916	2.030873
128	9400	862	0.015000	1 	 2 	3	0.000183	0.000244	0.000183	0.666667
128	9400	863	0.015000	1 	 146 	3687	0.225037	0.264771	0.225037	28.112660
128	9400	864	0.015000	1 	 62 	27	0.001648	0.014221	0.001648	3.866425
128	9400	865	0.015000	1 	 53 	16	0.000977	0.010620	0.000977	2.235194
128	9400	866	0.015000	1 	 150 	2871	0.175232	0.214294	0.175232	25.476345
128	9400	867	0.015000	1 	 4 	4	0.000244	0.000610	0.000244	0.707107
128	9400	868	0.015000	1 	 7 	4	0.000244	0.000671	0.000244	0.829156
128	9400	869	0.015000	1 	 23 	7	0.000427	0.003296	0.000427	1.142857
128	9400	870	0.015000	1 	 23 	10	0.000610	0.004456	0.000610	1.431782
128	9400	871	0.015000	1 	 161 	3974	0.242554	0.291748	0.004883	4.754176
128	9400	872	0.015000	1 	 3 	3	0.000183	0.000366	0.000183	0.666667
128	9400	873	0.015000	1 	 8 	21	0.001282	0.002747	0.001282	2.603852
128	9400	874	0.015000	1 	 8 	9	0.000549	0.001221	0.000549	1.571348
128	9400	875	0.015000	1 	 10 	16	0.000977	0.003540	0.000977	1.870829
128	9400	876	0.015000	1 	 0 	0	0.000000	0.000000	0.000000	0.000000
128	9400	877	0.015000	1 	 157 	602	0.036743	0.082825	0.036743	13.470089
128	9400	878	0.015000	1 	 189 	791	0.048279	0.110840	0.048279	14.668953
128	9400	879	0.015000	1 	 12 	6	0.000366	0.002747	0.000366	1.245400
128	9400	880	0.015000	1 	 126 	36	0.002197	0.031372	0.002197	3.205296
128	9400	881	0.015000	1 	 151 	3823	0.233337	0.281555	0.233337	28.001628
128	9400	882	0.015000	1 	 116 	7329	0.447327	0.481384	0.003357	4.011389
128	9400	883	0.015000	1 	 30 	18	0.001099	0.005676	0.001099	1.807051
128	9400	884	0.015000	1 	 7 	6	0.000366	0.001221	0.000366	1.013794
128	9400	885	0.015000	1 	 48 	20	0.001221	0.011230	0.001221	2.652829
128	9400	886	0.015000	1 	 16 	8	0.000488	0.004150	0.000488	1.391941
128	9400	887	0.015000	1 	 161 	1137	0.069397	0.106934	0.069397	18.579696
128	9400	888	0.015000	1 	 146 	61	0.003723	0.041809	0.003723	4.748159
128	9400	889	0.015000	1 	 9 	11	0.000671	0.002136	0.000671	1.493789
128	9400	890	0.015000	1 	 1 	4	0.000244	0.000244	0.000244	0.935414
128	9400	891	0.015000	1 	 239 	24	0.001465	0.057495	0.001465	2.812114
128	9400	892	0.015000	1 	 0 	0	0.000000	0.000000	0.000000	0.000000
128	9400	893	0.015000	1 	 6 	2	0.000122	0.000427	0.000122	0.500000
128	9400	894	0.015000	1 	 3 	9	0.000549	0.000732	0.000549	1.314684
128	9400	895	0.015000	1 	 3 	15668	0.956299	0.956482	0.000122	0.500000
128	9400	896	0.015000	1 	 115 	88	0.005371	0.038147	0.005371	5.080588
128	9400	897	0.015000	1 	 6 	10	0.000610	0.002014	0.000610	1.374773
128	9400	898	0.015000	1 	 4 	3	0.000183	0.000549	0.000183	0.816497
128	9400	899	0.015000	1 	 7 	16	0.000977	0.001892	0.000977	2.350199
128	9400	900	0.015000	1 	 10 	7	0.000427	0.001831	0.000427	1.142857
128	9400	901	0.015000	1 	 139 	3068	0.187256	0.230103	0.187256	25.532327
128	9400	902	0.015000	1 	 10 	7	0.000427	0.001526	0.000427	1.470804
128	9400	903	0.015000	1 	 172 	229	0.013977	0.076294	0.013977	9.450644
128	9400	904	0.015000	1 	 22 	14	0.000854	0.005066	0.000854	1.907290
128	9400	905	0.015000	1 	 2 	14	0.000854	0.001038	0.000854	2.126125
128	9400	906	0.015000	1 	 4 	7	0.000427	0.000977	0.000427	1.293626
128	9400	907	0.015000	1 	 11 	4	0.000244	0.001465	0.000244	0.935414
128	9400	908	0.015000	1 	 87 	18	0.001099	0.019043	0.001099	2.194972
128	9400	909	0.015000	1 	 8 	7	0.000427	0.001404	0.000427	1.399708
128	9400	910	0.015000	1 	 0 	0	0.000000	0.000000	0.000000	0.000000
128	9400	911	0.015000	1 	 4 	4	0.000244	0.000732	0.000244	0.935414
128	9400	912	0.015000	1 	 26 	27	0.001648	0.007324	0.001648	2.497186
128	9400	913	0.015000	1 	 0 	0	0.000000	0.000000	0.000000	0.000000
128	9400	914	0.015000	1 	 13 	7	0.000427	0.001892	0.000427	1.212183
128	9400	915	0.015000	1 	 16 	13	0.000793	0.003540	0.000793	2.084033
128	9400	916	0.015000	1 	 2 	5	0.000305	0.000366	0.000305	0.894427
128	9400	917	0.015000	1 	 4 	3	0.000183	0.000488	0.000183	0.666667
128	9400	918	0.015000	1 	 0 	0	0.000000	0.000000	0.000000	0.000000
128	9400	919	0.015000	1 	 111 	6204	0.378662	0.404602	0.002502	3.885788
128	9400	920	0.015000	1 	 8 	7	0.000427	0.001404	0.000427	1.212183
128	9400	921	0.015000	1 	 7 	4	0.000244	0.000977	0.000244	0.935414
128	9400	922	0.015000	1 	 9 	8	0.000488	0.001770	0.000488	1.758906
128	9400	923	0.015000	1 	 50 	14	0.000854	0.009888	0.000854	1.940440
128	9400	924	0.015000	1 	 9 	11	0.000671	0.001892	0.000671	1.626231
128	9400	925	0.015000	1 	 13 	7	0.000427	0.001709	0.000427	1.142857
128	9400	926	0.015000	1 	 4 	6	0.000366	0.000610	0.000366	1.067187
128	9400	927	0.015000	1 	 35 	9	0.000549	0.007080	0.000549	1.405457
128	9400	928	0.015000	1 	 23 	9	0.000549	0.004517	0.000549	1.523479
128	9400	929	0.015000	1 	 14 	11	0.000671	0.002930	0.000671	1.845253
128	9400	930	0.015000	1 	 37 	14	0.000854	0.007568	0.000854	2.403229
128	9400	931	0.015000	1 	 42 	11	0.000671	0.008118	0.000671	1.600620
128	9400	932	0.015000	1 	 0 	0	0.000000	0.000000	0.000000	0.000000
128	9400	933	0.015000	1 	 74 	23	0.001404	0.017700	0.001404	2.723037
128	9400	934	0.015000	1 	 172 	108	0.006592	0.056396	0.006592	6.101100
128	9400	935	0.015000	1 	 0 	0	0.000000	0.000000	0.000000	0.000000
128	9400	936	0.015000	1 	 169 	3830	0.233765	0.272400	0.233765	28.601637
128	9400	937	0.015000	1 	 0 	0	0.000000	0.000000	0.000000	0.000000
128	9400	938	0.015000	1 	 1 	16172	0.987061	0.987061	0.000000	0.000000
128	9400	939	0.015000	1 	 14 	5	0.000305	0.002197	0.000305	0.979796
128	9400	940	0.015000	1 	 1 	1	0.000061	0.000061	0.000061	0.000000
128	9400	941	0.015000	1 	 132 	7837	0.478333	0.516541	0.004272	5.047004
128	9400	942	0.015000	1 	 0 	0	0.000000	0.000000	0.000000	0.000000
128	9400	943	0.015000	1 	 141 	66	0.004028	0.051697	0.004028	5.105274
128	9400	944	0.015000	1 	 0 	0	0.000000	0.000000	0.000000	0.000000
128	9400	945	0.015000	1 	 52 	17	0.001038	0.012085	0.001038	2.218201
128	9400	946	0.015000	1 	 153 	1215	0.074158	0.123474	0.074158	18.412424
128	9400	947	0.015000	1 	 3 	3	0.000183	0.000305	0.000183	0.816497
128	9400	948	0.015000	1 	 96 	9880	0.603027	0.627441	0.003845	5.922642
128	9400	949	0.015000	1 	 0 	0	0.000000	0.000000	0.000000	0.000000
128	9400	950	0.015000	1 	 135 	6180	0.377197	0.416382	0.004089	5.517101
128	9400	951	0.015000	1 	 1 	3	0.000183	0.000183	0.000183	0.816497
128	9400	952	0.015000	1 	 4 	6	0.000366	0.000671	0.000366	0.971825
128	9400	953	0.015000	1 	 15 	23	0.001404	0.005005	0.001404	2.224626
128	9400	954	0.015000	1 	 5 	4	0.000244	0.000610	0.000244	0.829156
128	9400	955	0.015000	1 	 8 	6	0.000366	0.001648	0.000366	1.067187
128	9400	956	0.015000	1 	 178 	1527	0.093201	0.140381	0.093201	19.924923
128	9400	957	0.015000	1 	 3 	7	0.000427	0.000549	0.000427	1.340119
128	9400	958	0.015000	1 	 93 	33	0.002014	0.022888	0.002014	3.245114
128	9400	959	0.015000	1 	 8 	4	0.000244	0.001221	0.000244	1.118034
128	9400	960	0.015000	1 	 5 	3	0.000183	0.000732	0.000183	0.666667
128	9400	961	0.015000	1 	 7 	7	0.000427	0.001282	0.000427	1.277753
128	9400	962	0.015000	1 	 5 	7	0.000427	0.001221	0.000427	1.160577
128	9400	963	0.015000	1 	 143 	7734	0.472046	0.504517	0.001953	2.806765
128	9400	964	0.015000	1 	 8 	7	0.000427	0.001770	0.000427	1.277753
128	9400	965	0.015000	1 	 6 	8	0.000488	0.000916	0.000488	1.299038
128	9400	966	0.015000	1 	 173 	3382	0.206421	0.259888	0.206421	27.818921
128	9400	967	0.015000	1 	 8 	7	0.000427	0.001099	0.000427	1.385051
128	9400	968	0.015000	1 	 2 	3	0.000183	0.000366	0.000183	0.666667
128	9400	969	0.015000	1 	 18 	12	0.000732	0.004333	0.000732	1.570120
128	9400	970	0.015000	1 	 10 	4	0.000244	0.001160	0.000244	0.935414
128	9400	971	0.015000	1 	 20 	10	0.000610	0.003540	0.000610	1.536229
128	9400	972	0.015000	1 	 4 	5	0.000305	0.000916	0.000305	0.979796
128	9400	973	0.015000	1 	 5 	5	0.000305	0.000854	0.000305	0.894427
128	9400	974	0.015000	1 	 136 	8873	0.541565	0.574463	0.002075	3.490100
128	9400	975	0.015000	1 	 97 	24	0.001465	0.025818	0.001465	3.298779
128	9400	976	0.015000	1 	 36 	11	0.000671	0.007385	0.000671	1.553455
128	9400	977	0.015000	1 	 143 	910	0.055542	0.104492	0.055542	18.214006
128	9400	978	0.015000	1 	 0 	0	0.000000	0.000000	0.000000	0.000000
128	9400	979	0.015000	1 	 1 	1	0.000061	0.000061	0.000061	0.000000
128	9400	980	0.015000	1 	 160 	2286	0.139526	0.189392	0.139526	23.405803
128	9400	981	0.015000	1 	 0 	0	0.000000	0.000000	0.000000	0.000000
128	9400	982	0.015000	1 	 3 	18	0.001099	0.001221	0.001099	2.293980
128	9400	983	0.015000	1 	 144 	165	0.010071	0.065491	0.010071	7.097412
128	9400	984	0.015000	1 	 134 	9412	0.574463	0.615479	0.002625	3.642487
128	9400	985	0.015000	1 	 20 	8	0.000488	0.003174	0.000488	1.473728
128	9400	986	0.015000	1 	 235 	2766	0.168823	0.243896	0.168823	25.510012
128	9400	987	0.015000	1 	 24 	6	0.000366	0.004089	0.000366	1.384437
128	9400	988	0.015000	1 	 4 	9	0.000549	0.000916	0.000549	1.812167
128	9400	989	0.015000	1 	 1 	16080	0.981445	0.981445	0.000000	0.000000
128	9400	990	0.015000	1 	 5 	2	0.000122	0.000427	0.000122	0.500000
128	9400	991	0.015000	1 	 1 	16125	0.984192	0.984192	0.000000	0.000000
128	9400	992	0.015000	1 	 185 	4375	0.267029	0.325928	0.267029	31.462747
128	9400	993	0.015000	1 	 1 	11	0.000671	0.000671	0.000671	1.631305
128	9400	994	0.015000	1 	 5 	4	0.000244	0.000793	0.000244	0.935414
128	9400	995	0.015000	1 	 196 	701	0.042786	0.121582	0.042786	15.593764
128	9400	996	0.015000	1 	 12 	15259	0.931335	0.932800	0.000366	1.067187
128	9400	997	0.015000	1 	 4 	8	0.000488	0.000916	0.000488	1.211920
128	9400	998	0.015000	1 	 39 	16	0.000977	0.008362	0.000977	2.473295
128	9400	999	0.015000	1 	 1 	16108	0.983154	0.983154	0.000000	0.000000
128	9400	1000	0.015000	1 	 1 	4	0.000244	0.000244	0.000244	1.118034
