128	9400	1	0.015000	0 	 108 	7086	0.432495	0.461975	0.002930	5.477027
128	9400	2	0.015000	0 	 140 	1223	0.074646	0.117981	0.074646	18.183890
128	9400	3	0.015000	0 	 96 	24	0.001465	0.022583	0.001465	3.068093
128	9400	4	0.015000	0 	 206 	5135	0.313416	0.372131	0.313416	32.249734
128	9400	5	0.015000	0 	 25 	13	0.000793	0.005737	0.000793	1.858930
128	9400	6	0.015000	0 	 3 	5	0.000305	0.000488	0.000305	1.058301
128	9400	7	0.015000	0 	 125 	119	0.007263	0.047791	0.007263	8.803491
128	9400	8	0.015000	0 	 8 	4	0.000244	0.000977	0.000244	0.707107
128	9400	9	0.015000	0 	 1 	4	0.000244	0.000244	0.000244	0.935414
128	9400	10	0.015000	0 	 57 	12362	0.754517	0.764465	0.000793	1.656974
128	9400	11	0.015000	0 	 1 	12	0.000732	0.000732	0.000732	1.998263
128	9400	12	0.015000	0 	 0 	0	0.000000	0.000000	0.000000	0.000000
128	9400	13	0.015000	0 	 24 	25	0.001526	0.004578	0.001526	2.619924
128	9400	14	0.015000	0 	 2 	1	0.000061	0.000122	0.000061	0.000000
128	9400	15	0.015000	0 	 0 	0	0.000000	0.000000	0.000000	0.000000
128	9400	16	0.015000	0 	 8 	13	0.000793	0.002014	0.000793	1.976190
128	9400	17	0.015000	0 	 111 	9923	0.605652	0.638245	0.002441	3.530515
128	9400	18	0.015000	0 	 3 	15	0.000916	0.001526	0.000916	1.842703
128	9400	19	0.015000	0 	 8 	9	0.000549	0.001343	0.000549	1.414214
128	9400	20	0.015000	0 	 0 	0	0.000000	0.000000	0.000000	0.000000
128	9400	21	0.015000	0 	 153 	5791	0.353455	0.392944	0.353455	33.783031
128	9400	22	0.015000	0 	 3 	8	0.000488	0.001038	0.000488	1.192424
128	9400	23	0.015000	0 	 88 	18	0.001099	0.019592	0.001099	2.887906
128	9400	24	0.015000	0 	 28 	9	0.000549	0.004272	0.000549	1.324042
128	9400	25	0.015000	0 	 179 	4639	0.283142	0.335144	0.283142	30.565751
128	9400	26	0.015000	0 	 103 	9159	0.559021	0.591492	0.004456	6.069251
128	9400	27	0.015000	0 	 7 	6	0.000366	0.001343	0.000366	1.067187
128	9400	28	0.015000	0 	 202 	1213	0.074036	0.122559	0.074036	18.514753
128	9400	29	0.015000	0 	 152 	1335	0.081482	0.123291	0.081482	18.752210
128	9400	30	0.015000	0 	 92 	6509	0.397278	0.419312	0.001648	2.685121
128	9400	31	0.015000	0 	 168 	1797	0.109680	0.159302	0.109680	21.419926
128	9400	32	0.015000	0 	 0 	0	0.000000	0.000000	0.000000	0.000000
128	9400	33	0.015000	0 	 1 	16096	0.982422	0.982422	0.000000	0.000000
128	9400	34	0.015000	0 	 2 	6	0.000366	0.000427	0.000366	1.384437
128	9400	35	0.015000	0 	 148 	5349	0.326477	0.364380	0.326477	32.457966
128	9400	36	0.015000	0 	 2 	6	0.000366	0.000610	0.000366	1.067187
128	9400	37	0.015000	0 	 60 	15	0.000916	0.013123	0.000916	1.897367
128	9400	38	0.015000	0 	 134 	3923	0.239441	0.278320	0.239441	29.006207
128	9400	39	0.015000	0 	 0 	0	0.000000	0.000000	0.000000	0.000000
128	9400	40	0.015000	0 	 16 	8	0.000488	0.002380	0.000488	1.316957
128	9400	41	0.015000	0 	 0 	0	0.000000	0.000000	0.000000	0.000000
128	9400	42	0.015000	0 	 6 	5	0.000305	0.000793	0.000305	0.979796
128	9400	43	0.015000	0 	 41 	12	0.000732	0.008484	0.000732	1.559024
128	9400	44	0.015000	0 	 7 	9	0.000549	0.001465	0.000549	1.482407
128	9400	45	0.015000	0 	 3 	4	0.000244	0.000549	0.000244	0.829156
128	9400	46	0.015000	0 	 60 	12966	0.791382	0.808105	0.001831	2.987567
128	9400	47	0.015000	0 	 1 	16145	0.985413	0.985413	0.000000	0.000000
128	9400	48	0.015000	0 	 186 	3397	0.207336	0.263000	0.207336	27.400437
128	9400	49	0.015000	0 	 2 	2	0.000122	0.000183	0.000122	0.500000
128	9400	50	0.015000	0 	 27 	7	0.000427	0.004089	0.000427	1.551826
128	9400	51	0.015000	0 	 5 	15263	0.931580	0.933655	0.001831	3.048861
128	9400	52	0.015000	0 	 4 	4	0.000244	0.000610	0.000244	1.118034
128	9400	53	0.015000	0 	 12 	16	0.000977	0.003174	0.000977	2.097245
128	9400	54	0.015000	0 	 116 	36	0.002197	0.030273	0.002197	3.251543
128	9400	55	0.015000	0 	 13 	12	0.000732	0.002625	0.000732	2.132747
128	9400	56	0.015000	0 	 139 	1492	0.091064	0.134827	0.091064	19.828749
128	9400	57	0.015000	0 	 16 	13	0.000793	0.002869	0.000793	1.887361
128	9400	58	0.015000	0 	 146 	1084	0.066162	0.112000	0.066162	16.483717
128	9400	59	0.015000	0 	 154 	37	0.002258	0.037048	0.002258	3.727183
128	9400	60	0.015000	0 	 6 	4	0.000244	0.000854	0.000244	0.866025
128	9400	61	0.015000	0 	 12 	11	0.000671	0.001953	0.000671	1.471492
128	9400	62	0.015000	0 	 27 	13	0.000793	0.006165	0.000793	2.197363
128	9400	63	0.015000	0 	 13 	8	0.000488	0.002686	0.000488	1.322876
128	9400	64	0.015000	0 	 12 	18	0.001099	0.002563	0.001099	2.893693
128	9400	65	0.015000	0 	 3 	2	0.000122	0.000305	0.000122	0.500000
128	9400	66	0.015000	0 	 7 	7	0.000427	0.001282	0.000427	1.228904
128	9400	67	0.015000	0 	 0 	0	0.000000	0.000000	0.000000	0.000000
128	9400	68	0.015000	0 	 6 	9	0.000549	0.001709	0.000549	1.756821
128	9400	69	0.015000	0 	 18 	14538	0.887329	0.890503	0.000732	1.911224
128	9400	70	0.015000	0 	 149 	1560	0.095215	0.139343	0.095215	19.922977
128	9400	71	0.015000	0 	 9 	11	0.000671	0.001526	0.000671	1.767475
128	9400	72	0.015000	0 	 168 	4109	0.250793	0.297974	0.250793	30.191026
128	9400	73	0.015000	0 	 12 	9	0.000549	0.002319	0.000549	1.498971
128	9400	74	0.015000	0 	 190 	2220	0.135498	0.193787	0.135498	22.234029
128	9400	75	0.015000	0 	 133 	7338	0.447876	0.483582	0.002563	3.535213
128	9400	76	0.015000	0 	 110 	8604	0.525146	0.551758	0.003967	4.408169
128	9400	77	0.015000	0 	 0 	0	0.000000	0.000000	0.000000	0.000000
128	9400	78	0.015000	0 	 24 	15	0.000916	0.006409	0.000916	2.293953
128	9400	79	0.015000	0 	 24 	22	0.001343	0.006042	0.001343	2.646142
128	9400	80	0.015000	0 	 121 	1299	0.079285	0.130188	0.079285	18.710214
128	9400	81	0.015000	0 	 6 	18	0.001099	0.001587	0.001099	2.352435
128	9400	82	0.015000	0 	 80 	25	0.001526	0.018433	0.001526	3.392698
128	9400	83	0.015000	0 	 2 	6	0.000366	0.000427	0.000366	1.013794
128	9400	84	0.015000	0 	 150 	4037	0.246399	0.292114	0.246399	29.181430
128	9400	85	0.015000	0 	 7 	12	0.000732	0.001587	0.000732	1.885618
128	9400	86	0.015000	0 	 92 	20	0.001221	0.021973	0.001221	3.316625
128	9400	87	0.015000	0 	 131 	59	0.003601	0.058350	0.003601	5.452888
128	9400	88	0.015000	0 	 1 	3	0.000183	0.000183	0.000183	0.666667
128	9400	89	0.015000	0 	 202 	4374	0.266968	0.321838	0.266968	30.014706
128	9400	90	0.015000	0 	 143 	2932	0.178955	0.218018	0.178955	25.486563
128	9400	91	0.015000	0 	 0 	0	0.000000	0.000000	0.000000	0.000000
128	9400	92	0.015000	0 	 13 	9	0.000549	0.002441	0.000549	1.555556
128	9400	93	0.015000	0 	 1 	6	0.000366	0.000366	0.000366	0.971825
128	9400	94	0.015000	0 	 14 	10	0.000610	0.002991	0.000610	1.345362
128	9400	95	0.015000	0 	 1 	7	0.000427	0.000427	0.000427	1.470804
128	9400	96	0.015000	0 	 40 	16	0.000977	0.007446	0.000977	2.184820
128	9400	97	0.015000	0 	 0 	0	0.000000	0.000000	0.000000	0.000000
128	9400	98	0.015000	0 	 7 	15495	0.945740	0.946472	0.000305	0.979796
128	9400	99	0.015000	0 	 0 	0	0.000000	0.000000	0.000000	0.000000
128	9400	100	0.015000	0 	 33 	12	0.000732	0.007568	0.000732	2.481879
128	9400	101	0.015000	0 	 103 	10293	0.628235	0.657532	0.002747	4.549861
128	9400	102	0.015000	0 	 162 	2506	0.152954	0.205872	0.152954	24.222993
128	9400	103	0.015000	0 	 40 	11	0.000671	0.007874	0.000671	1.991718
128	9400	104	0.015000	0 	 62 	19	0.001160	0.011353	0.001160	2.196699
128	9400	105	0.015000	0 	 26 	9	0.000549	0.005737	0.000549	1.879059
128	9400	106	0.015000	0 	 1 	5	0.000305	0.000305	0.000305	0.894427
128	9400	107	0.015000	0 	 0 	0	0.000000	0.000000	0.000000	0.000000
128	9400	108	0.015000	0 	 4 	3	0.000183	0.000488	0.000183	0.816497
128	9400	109	0.015000	0 	 0 	0	0.000000	0.000000	0.000000	0.000000
128	9400	110	0.015000	0 	 0 	0	0.000000	0.000000	0.000000	0.000000
128	9400	111	0.015000	0 	 3 	4	0.000244	0.000427	0.000244	0.935414
128	9400	112	0.015000	0 	 0 	0	0.000000	0.000000	0.000000	0.000000
128	9400	113	0.015000	0 	 0 	0	0.000000	0.000000	0.000000	0.000000
128	9400	114	0.015000	0 	 5 	4	0.000244	0.000549	0.000244	0.829156
128	9400	115	0.015000	0 	 13 	6	0.000366	0.001831	0.000366	1.247219
128	9400	116	0.015000	0 	 10 	4	0.000244	0.000977	0.000244	0.935414
128	9400	117	0.015000	0 	 89 	12	0.000732	0.017273	0.000732	1.728037
128	9400	118	0.015000	0 	 201 	2883	0.175964	0.225586	0.175964	25.527387
128	9400	119	0.015000	0 	 8 	7	0.000427	0.001099	0.000427	1.142857
128	9400	120	0.015000	0 	 159 	2126	0.129761	0.176086	0.129761	22.676043
128	9400	121	0.015000	0 	 0 	0	0.000000	0.000000	0.000000	0.000000
128	9400	122	0.015000	0 	 168 	136	0.008301	0.065063	0.008301	6.763045
128	9400	123	0.015000	0 	 14 	6	0.000366	0.002502	0.000366	0.957427
128	9400	124	0.015000	0 	 31 	12	0.000732	0.006348	0.000732	1.536591
128	9400	125	0.015000	0 	 7 	8	0.000488	0.001953	0.000488	1.403122
128	9400	126	0.015000	0 	 4 	4	0.000244	0.000427	0.000244	0.866025
128	9400	127	0.015000	0 	 4 	12	0.000732	0.001038	0.000732	1.896634
128	9400	128	0.015000	0 	 4 	9	0.000549	0.001099	0.000549	1.351725
128	9400	129	0.015000	0 	 4 	15	0.000916	0.001587	0.000916	1.828175
128	9400	130	0.015000	0 	 69 	23	0.001404	0.017639	0.001404	3.059585
128	9400	131	0.015000	0 	 43 	10	0.000610	0.007446	0.000610	1.374773
128	9400	132	0.015000	0 	 31 	15	0.000916	0.006042	0.000916	2.131249
128	9400	133	0.015000	0 	 24 	21	0.001282	0.005554	0.001282	2.542161
128	9400	134	0.015000	0 	 0 	0	0.000000	0.000000	0.000000	0.000000
128	9400	135	0.015000	0 	 1 	6	0.000366	0.000366	0.000366	1.290994
128	9400	136	0.015000	0 	 0 	0	0.000000	0.000000	0.000000	0.000000
128	9400	137	0.015000	0 	 0 	0	0.000000	0.000000	0.000000	0.000000
128	9400	138	0.015000	0 	 141 	2569	0.156799	0.204163	0.156799	24.187861
128	9400	139	0.015000	0 	 0 	0	0.000000	0.000000	0.000000	0.000000
128	9400	140	0.015000	0 	 178 	2070	0.126343	0.187256	0.126343	22.152821
128	9400	141	0.015000	0 	 7 	11	0.000671	0.002319	0.000671	1.710444
128	9400	142	0.015000	0 	 183 	4038	0.246460	0.298767	0.246460	29.501279
128	9400	143	0.015000	0 	 5 	4	0.000244	0.000916	0.000244	0.829156
128	9400	144	0.015000	0 	 1 	7	0.000427	0.000427	0.000427	1.277753
128	9400	145	0.015000	0 	 0 	0	0.000000	0.000000	0.000000	0.000000
128	9400	146	0.015000	0 	 13 	7	0.000427	0.002441	0.000427	1.293626
128	9400	147	0.015000	0 	 161 	709	0.043274	0.105286	0.043274	16.128438
128	9400	148	0.015000	0 	 175 	4229	0.258118	0.316528	0.258118	29.098751
128	9400	149	0.015000	0 	 6 	8	0.000488	0.001160	0.000488	1.457738
128	9400	150	0.015000	0 	 19 	14669	0.895325	0.901489	0.002258	3.497260
128	9400	151	0.015000	0 	 29 	10	0.000610	0.006714	0.000610	1.459452
128	9400	152	0.015000	0 	 6 	3	0.000183	0.000610	0.000183	0.666667
128	9400	153	0.015000	0 	 27 	9	0.000549	0.005066	0.000549	1.571348
128	9400	154	0.015000	0 	 5 	4	0.000244	0.000671	0.000244	0.829156
128	9400	155	0.015000	0 	 3 	5	0.000305	0.000549	0.000305	0.894427
128	9400	156	0.015000	0 	 123 	154	0.009399	0.058472	0.009399	8.061099
128	9400	157	0.015000	0 	 132 	5134	0.313354	0.353394	0.003967	4.252838
128	9400	158	0.015000	0 	 0 	0	0.000000	0.000000	0.000000	0.000000
128	9400	159	0.015000	0 	 1 	4	0.000244	0.000244	0.000244	0.707107
128	9400	160	0.015000	0 	 0 	0	0.000000	0.000000	0.000000	0.000000
128	9400	161	0.015000	0 	 6 	5	0.000305	0.000854	0.000305	0.894427
128	9400	162	0.015000	0 	 0 	0	0.000000	0.000000	0.000000	0.000000
128	9400	163	0.015000	0 	 87 	11821	0.721497	0.747131	0.002991	4.080006
128	9400	164	0.015000	0 	 2 	15	0.000916	0.001160	0.000916	2.120796
128	9400	165	0.015000	0 	 87 	70	0.004272	0.033081	0.004272	5.419730
128	9400	166	0.015000	0 	 0 	0	0.000000	0.000000	0.000000	0.000000
128	9400	167	0.015000	0 	 16 	11	0.000671	0.003601	0.000671	1.521200
128	9400	168	0.015000	0 	 135 	3075	0.187683	0.226868	0.187683	26.226058
128	9400	169	0.015000	0 	 1 	16127	0.984314	0.984314	0.000000	0.000000
128	9400	170	0.015000	0 	 1 	1	0.000061	0.000061	0.000061	0.000000
128	9400	171	0.015000	0 	 74 	23	0.001404	0.016052	0.001404	2.600712
128	9400	172	0.015000	0 	 166 	1902	0.116089	0.165405	0.116089	20.878272
128	9400	173	0.015000	0 	 14 	16	0.000977	0.002502	0.000977	1.886424
128	9400	174	0.015000	0 	 168 	175	0.010681	0.062866	0.010681	8.192692
128	9400	175	0.015000	0 	 0 	0	0.000000	0.000000	0.000000	0.000000
128	9400	176	0.015000	0 	 72 	43	0.002625	0.018982	0.002625	3.900881
128	9400	177	0.015000	0 	 6 	4	0.000244	0.000854	0.000244	0.935414
128	9400	178	0.015000	0 	 11 	12	0.000732	0.002502	0.000732	1.431297
128	9400	179	0.015000	0 	 153 	981	0.059875	0.111633	0.059875	16.541681
128	9400	180	0.015000	0 	 3 	4	0.000244	0.000488	0.000244	1.118034
128	9400	181	0.015000	0 	 8 	12	0.000732	0.001770	0.000732	1.628735
128	9400	182	0.015000	0 	 7 	10	0.000610	0.001526	0.000610	1.552417
128	9400	183	0.015000	0 	 146 	1409	0.085999	0.126587	0.085999	18.396978
128	9400	184	0.015000	0 	 66 	15	0.000916	0.013306	0.000916	1.835453
128	9400	185	0.015000	0 	 6 	4	0.000244	0.000977	0.000244	1.118034
128	9400	186	0.015000	0 	 3 	2	0.000122	0.000305	0.000122	0.500000
128	9400	187	0.015000	0 	 325 	2992	0.182617	0.327332	0.182617	24.927923
128	9400	188	0.015000	0 	 1 	1	0.000061	0.000061	0.000061	0.000000
128	9400	189	0.015000	0 	 184 	4437	0.270813	0.324219	0.270813	30.330609
128	9400	190	0.015000	0 	 2 	3	0.000183	0.000366	0.000183	0.816497
128	9400	191	0.015000	0 	 5 	10	0.000610	0.000916	0.000610	1.555635
128	9400	192	0.015000	0 	 0 	0	0.000000	0.000000	0.000000	0.000000
128	9400	193	0.015000	0 	 85 	20	0.001221	0.018066	0.001221	2.457910
128	9400	194	0.015000	0 	 7 	7	0.000427	0.001160	0.000427	1.106567
128	9400	195	0.015000	0 	 149 	5533	0.337708	0.380493	0.337708	33.381415
128	9400	196	0.015000	0 	 153 	4463	0.272400	0.318970	0.272400	30.653512
128	9400	197	0.015000	0 	 3 	5	0.000305	0.000488	0.000305	0.979796
128	9400	198	0.015000	0 	 45 	10	0.000610	0.007996	0.000610	1.552417
128	9400	199	0.015000	0 	 154 	4282	0.261353	0.313782	0.261353	29.817244
128	9400	200	0.015000	0 	 7 	6	0.000366	0.000916	0.000366	0.957427
128	9400	201	0.015000	0 	 12 	11	0.000671	0.002258	0.000671	1.898238
128	9400	202	0.015000	0 	 4 	6	0.000366	0.000854	0.000366	0.971825
128	9400	203	0.015000	0 	 0 	0	0.000000	0.000000	0.000000	0.000000
128	9400	204	0.015000	0 	 0 	0	0.000000	0.000000	0.000000	0.000000
128	9400	205	0.015000	0 	 7 	5	0.000305	0.001404	0.000305	1.058301
128	9400	206	0.015000	0 	 0 	0	0.000000	0.000000	0.000000	0.000000
128	9400	207	0.015000	0 	 151 	859	0.052429	0.098877	0.052429	16.204247
128	9400	208	0.015000	0 	 40 	12	0.000732	0.007874	0.000732	1.846543
128	9400	209	0.015000	0 	 2 	7	0.000427	0.000488	0.000427	1.470804
128	9400	210	0.015000	0 	 2 	3	0.000183	0.000305	0.000183	0.666667
128	9400	211	0.015000	0 	 0 	0	0.000000	0.000000	0.000000	0.000000
128	9400	212	0.015000	0 	 160 	3694	0.225464	0.272888	0.225464	27.065172
128	9400	213	0.015000	0 	 0 	0	0.000000	0.000000	0.000000	0.000000
128	9400	214	0.015000	0 	 0 	0	0.000000	0.000000	0.000000	0.000000
128	9400	215	0.015000	0 	 0 	0	0.000000	0.000000	0.000000	0.000000
128	9400	216	0.015000	0 	 162 	2415	0.147400	0.195007	0.147400	23.915153
128	9400	217	0.015000	0 	 2 	2	0.000122	0.000244	0.000122	0.500000
128	9400	218	0.015000	0 	 9 	11	0.000671	0.001709	0.000671	1.748671
128	9400	219	0.015000	0 	 0 	0	0.000000	0.000000	0.000000	0.000000
128	9400	220	0.015000	0 	 29 	16	0.000977	0.006653	0.000977	2.311655
128	9400	221	0.015000	0 	 29 	11	0.000671	0.004639	0.000671	1.558766
128	9400	222	0.015000	0 	 0 	0	0.000000	0.000000	0.000000	0.000000
128	9400	223	0.015000	0 	 15 	16	0.000977	0.003845	0.000977	2.149673
128	9400	224	0.015000	0 	 6 	3	0.000183	0.000732	0.000183	0.666667
128	9400	225	0.015000	0 	 191 	2376	0.145020	0.204285	0.145020	23.249215
128	9400	226	0.015000	0 	 11 	15	0.000916	0.003174	0.000916	1.793817
128	9400	227	0.015000	0 	 0 	0	0.000000	0.000000	0.000000	0.000000
128	9400	228	0.015000	0 	 0 	0	0.000000	0.000000	0.000000	0.000000
128	9400	229	0.015000	0 	 5 	8	0.000488	0.001282	0.000488	1.357848
128	9400	230	0.015000	0 	 66 	27	0.001648	0.016418	0.001648	2.784929
128	9400	231	0.015000	0 	 115 	9682	0.590942	0.621155	0.001831	2.474312
128	9400	232	0.015000	0 	 4 	2	0.000122	0.000366	0.000122	0.500000
128	9400	233	0.015000	0 	 8 	8	0.000488	0.001587	0.000488	1.785357
128	9400	234	0.015000	0 	 65 	22	0.001343	0.016846	0.001343	2.360575
128	9400	235	0.015000	0 	 107 	10424	0.636230	0.665283	0.001953	3.012182
128	9400	236	0.015000	0 	 15 	26	0.001587	0.003967	0.001587	3.486660
128	9400	237	0.015000	0 	 65 	32	0.001953	0.020508	0.001953	4.106374
128	9400	238	0.015000	0 	 6 	13	0.000793	0.001343	0.000793	1.685300
128	9400	239	0.015000	0 	 16 	14728	0.898926	0.903015	0.001343	3.106245
128	9400	240	0.015000	0 	 142 	567	0.034607	0.086365	0.034607	13.021302
128	9400	241	0.015000	0 	 0 	0	0.000000	0.000000	0.000000	0.000000
128	9400	242	0.015000	0 	 0 	0	0.000000	0.000000	0.000000	0.000000
128	9400	243	0.015000	0 	 154 	2474	0.151001	0.201965	0.151001	23.274413
128	9400	244	0.015000	0 	 3 	7	0.000427	0.000671	0.000427	1.124858
128	9400	245	0.015000	0 	 7 	5	0.000305	0.000916	0.000305	0.979796
128	9400	246	0.015000	0 	 154 	2208	0.134766	0.187561	0.134766	22.506825
128	9400	247	0.015000	0 	 17 	12	0.000732	0.003967	0.000732	2.032718
128	9400	248	0.015000	0 	 3 	7	0.000427	0.000671	0.000427	1.324803
128	9400	249	0.015000	0 	 0 	0	0.000000	0.000000	0.000000	0.000000
128	9400	250	0.015000	0 	 132 	4521	0.275940	0.308105	0.275940	30.199254
128	9400	251	0.015000	0 	 44 	19	0.001160	0.009583	0.001160	2.204252
128	9400	252	0.015000	0 	 0 	0	0.000000	0.000000	0.000000	0.000000
128	9400	253	0.015000	0 	 7 	3	0.000183	0.000977	0.000183	0.666667
128	9400	254	0.015000	0 	 67 	10860	0.662842	0.681091	0.002014	2.688956
128	9400	255	0.015000	0 	 136 	7084	0.432373	0.472290	0.002319	3.131776
128	9400	256	0.015000	0 	 95 	9256	0.564941	0.599609	0.006958	6.648139
128	9400	257	0.015000	0 	 0 	0	0.000000	0.000000	0.000000	0.000000
128	9400	258	0.015000	0 	 3 	4	0.000244	0.000488	0.000244	1.232883
128	9400	259	0.015000	0 	 0 	0	0.000000	0.000000	0.000000	0.000000
128	9400	260	0.015000	0 	 8 	7	0.000427	0.001587	0.000427	1.228904
128	9400	261	0.015000	0 	 0 	0	0.000000	0.000000	0.000000	0.000000
128	9400	262	0.015000	0 	 15 	11	0.000671	0.002869	0.000671	2.048987
128	9400	263	0.015000	0 	 153 	4893	0.298645	0.346680	0.298645	30.929650
128	9400	264	0.015000	0 	 0 	0	0.000000	0.000000	0.000000	0.000000
128	9400	265	0.015000	0 	 14 	11	0.000671	0.003113	0.000671	1.748671
128	9400	266	0.015000	0 	 0 	0	0.000000	0.000000	0.000000	0.000000
128	9400	267	0.015000	0 	 143 	3753	0.229065	0.271301	0.229065	28.116161
128	9400	268	0.015000	0 	 156 	2722	0.166138	0.208130	0.166138	24.065121
128	9400	269	0.015000	0 	 126 	50	0.003052	0.037842	0.003052	5.376579
128	9400	270	0.015000	0 	 0 	0	0.000000	0.000000	0.000000	0.000000
128	9400	271	0.015000	0 	 209 	4858	0.296509	0.350464	0.296509	31.547314
128	9400	272	0.015000	0 	 28 	9	0.000549	0.005127	0.000549	1.531561
128	9400	273	0.015000	0 	 179 	4274	0.260864	0.309204	0.260864	31.204713
128	9400	274	0.015000	0 	 0 	0	0.000000	0.000000	0.000000	0.000000
128	9400	275	0.015000	0 	 2 	2	0.000122	0.000244	0.000122	0.500000
128	9400	276	0.015000	0 	 101 	44	0.002686	0.035278	0.002686	3.722766
128	9400	277	0.015000	0 	 17 	10	0.000610	0.002258	0.000610	1.688194
128	9400	278	0.015000	0 	 158 	3742	0.228394	0.291443	0.228394	27.557574
128	9400	279	0.015000	0 	 52 	20	0.001221	0.013550	0.001221	2.106537
128	9400	280	0.015000	0 	 0 	0	0.000000	0.000000	0.000000	0.000000
128	9400	281	0.015000	0 	 166 	5816	0.354980	0.401428	0.002136	3.330502
128	9400	282	0.015000	0 	 40 	13660	0.833740	0.842163	0.001038	1.878673
128	9400	283	0.015000	0 	 1 	16138	0.984985	0.984985	0.000000	0.000000
128	9400	284	0.015000	0 	 150 	4305	0.262756	0.309143	0.262756	29.963760
128	9400	285	0.015000	0 	 151 	718	0.043823	0.096497	0.043823	15.950188
128	9400	286	0.015000	0 	 0 	0	0.000000	0.000000	0.000000	0.000000
128	9400	287	0.015000	0 	 14 	10	0.000610	0.002991	0.000610	1.552417
128	9400	288	0.015000	0 	 29 	18	0.001099	0.007874	0.001099	2.249829
128	9400	289	0.015000	0 	 8 	8	0.000488	0.002014	0.000488	1.489547
128	9400	290	0.015000	0 	 194 	4304	0.262695	0.315918	0.262695	29.901733
128	9400	291	0.015000	0 	 2 	3	0.000183	0.000244	0.000183	0.816497
128	9400	292	0.015000	0 	 106 	8833	0.539124	0.569824	0.003113	4.354178
128	9400	293	0.015000	0 	 1 	16137	0.984924	0.984924	0.000000	0.000000
128	9400	294	0.015000	0 	 23 	14	0.000854	0.005249	0.000854	2.060315
128	9400	295	0.015000	0 	 0 	0	0.000000	0.000000	0.000000	0.000000
128	9400	296	0.015000	0 	 115 	9295	0.567322	0.599121	0.002991	3.686598
128	9400	297	0.015000	0 	 27 	12	0.000732	0.005798	0.000732	2.079997
128	9400	298	0.015000	0 	 189 	4977	0.303772	0.357788	0.303772	31.408887
128	9400	299	0.015000	0 	 13 	6	0.000366	0.001953	0.000366	1.201850
128	9400	300	0.015000	0 	 14 	5	0.000305	0.001892	0.000305	0.979796
128	9400	301	0.015000	0 	 1 	16139	0.985046	0.985046	0.000000	0.000000
128	9400	302	0.015000	0 	 123 	5143	0.313904	0.344360	0.002747	3.738356
128	9400	303	0.015000	0 	 42 	14	0.000854	0.008179	0.000854	1.733523
128	9400	304	0.015000	0 	 6 	6	0.000366	0.001221	0.000366	1.201850
128	9400	305	0.015000	0 	 118 	8283	0.505554	0.538513	0.002808	4.258318
128	9400	306	0.015000	0 	 0 	0	0.000000	0.000000	0.000000	0.000000
128	9400	307	0.015000	0 	 9 	13	0.000793	0.002747	0.000793	1.595111
128	9400	308	0.015000	0 	 2 	6	0.000366	0.000427	0.000366	1.213352
128	9400	309	0.015000	0 	 0 	0	0.000000	0.000000	0.000000	0.000000
128	9400	310	0.015000	0 	 135 	1094	0.066772	0.111694	0.066772	17.404026
128	9400	311	0.015000	0 	 17 	8	0.000488	0.002930	0.000488	1.802776
128	9400	312	0.015000	0 	 0 	0	0.000000	0.000000	0.000000	0.000000
128	9400	313	0.015000	0 	 4 	11	0.000671	0.001404	0.000671	2.230517
128	9400	314	0.015000	0 	 12 	7	0.000427	0.001831	0.000427	1.470804
128	9400	315	0.015000	0 	 16 	4	0.000244	0.002136	0.000244	0.866025
128	9400	316	0.015000	0 	 12 	7	0.000427	0.002197	0.000427	1.030158
128	9400	317	0.015000	0 	 143 	2328	0.142090	0.185608	0.142090	22.939780
128	9400	318	0.015000	0 	 22 	12	0.000732	0.004883	0.000732	1.679120
128	9400	319	0.015000	0 	 23 	12	0.000732	0.005859	0.000732	1.996525
128	9400	320	0.015000	0 	 148 	2614	0.159546	0.207825	0.159546	23.912525
128	9400	321	0.015000	0 	 3 	7	0.000427	0.000549	0.000427	1.340119
128	9400	322	0.015000	0 	 12 	10	0.000610	0.002747	0.000610	1.673320
128	9400	323	0.015000	0 	 48 	10	0.000610	0.009460	0.000610	1.500000
128	9400	324	0.015000	0 	 130 	7214	0.440308	0.486389	0.002502	3.083027
128	9400	325	0.015000	0 	 124 	8759	0.534607	0.576660	0.003235	3.482755
128	9400	326	0.015000	0 	 0 	0	0.000000	0.000000	0.000000	0.000000
128	9400	327	0.015000	0 	 113 	8283	0.505554	0.533325	0.002136	3.646637
128	9400	328	0.015000	0 	 164 	3157	0.192688	0.252380	0.192688	25.834308
128	9400	329	0.015000	0 	 10 	4	0.000244	0.001038	0.000244	0.935414
128	9400	330	0.015000	0 	 18 	6	0.000366	0.003052	0.000366	1.424001
128	9400	331	0.015000	0 	 29 	13	0.000793	0.005981	0.000793	1.952089
128	9400	332	0.015000	0 	 162 	1397	0.085266	0.136047	0.085266	19.569601
128	9400	333	0.015000	0 	 0 	0	0.000000	0.000000	0.000000	0.000000
128	9400	334	0.015000	0 	 5 	3	0.000183	0.000732	0.000183	0.666667
128	9400	335	0.015000	0 	 166 	1582	0.096558	0.142700	0.096558	19.844486
128	9400	336	0.015000	0 	 27 	26	0.001587	0.008301	0.001587	3.294697
128	9400	337	0.015000	0 	 26 	8	0.000488	0.004089	0.000488	1.293010
128	9400	338	0.015000	0 	 14 	5	0.000305	0.002380	0.000305	1.232883
128	9400	339	0.015000	0 	 17 	10	0.000610	0.002869	0.000610	1.284523
128	9400	340	0.015000	0 	 9 	6	0.000366	0.001526	0.000366	1.130388
128	9400	341	0.015000	0 	 0 	0	0.000000	0.000000	0.000000	0.000000
128	9400	342	0.015000	0 	 35 	9	0.000549	0.006958	0.000549	1.422916
128	9400	343	0.015000	0 	 173 	100	0.006104	0.066223	0.006104	6.814793
128	9400	344	0.015000	0 	 32 	8	0.000488	0.005859	0.000488	1.662959
128	9400	345	0.015000	0 	 150 	3459	0.211121	0.259399	0.211121	28.033380
128	9400	346	0.015000	0 	 141 	4370	0.266724	0.306458	0.266724	29.851593
128	9400	347	0.015000	0 	 4 	4	0.000244	0.000549	0.000244	0.866025
128	9400	348	0.015000	0 	 160 	2313	0.141174	0.193848	0.141174	23.347454
128	9400	349	0.015000	0 	 4 	7	0.000427	0.001343	0.000427	1.142857
128	9400	350	0.015000	0 	 27 	12	0.000732	0.006104	0.000732	2.053114
128	9400	351	0.015000	0 	 89 	31	0.001892	0.022583	0.001892	2.988009
128	9400	352	0.015000	0 	 11 	4	0.000244	0.001526	0.000244	0.829156
128	9400	353	0.015000	0 	 0 	0	0.000000	0.000000	0.000000	0.000000
128	9400	354	0.015000	0 	 130 	3573	0.218079	0.258240	0.218079	27.554611
128	9400	355	0.015000	0 	 169 	4388	0.267822	0.316833	0.267822	29.927458
128	9400	356	0.015000	0 	 185 	4406	0.268921	0.331787	0.268921	30.475885
128	9400	357	0.015000	0 	 1 	15946	0.973267	0.973267	0.000000	0.000000
128	9400	358	0.015000	0 	 1 	10	0.000610	0.000610	0.000610	1.697056
128	9400	359	0.015000	0 	 145 	2990	0.182495	0.224854	0.182495	25.983085
128	9400	360	0.015000	0 	 121 	40	0.002441	0.035217	0.002441	5.713307
128	9400	361	0.015000	0 	 82 	26	0.001587	0.017944	0.001587	2.786538
128	9400	362	0.015000	0 	 0 	0	0.000000	0.000000	0.000000	0.000000
128	9400	363	0.015000	0 	 42 	13	0.000793	0.008423	0.000793	1.855744
128	9400	364	0.015000	0 	 7 	6	0.000366	0.001404	0.000366	1.067187
128	9400	365	0.015000	0 	 102 	37	0.002258	0.024475	0.002258	4.012217
128	9400	366	0.015000	0 	 148 	830	0.050659	0.112610	0.050659	15.346907
128	9400	367	0.015000	0 	 174 	4226	0.257935	0.306763	0.257935	30.292417
128	9400	368	0.015000	0 	 0 	0	0.000000	0.000000	0.000000	0.000000
128	9400	369	0.015000	0 	 162 	1935	0.118103	0.168579	0.118103	21.706320
128	9400	370	0.015000	0 	 17 	9	0.000549	0.002747	0.000549	1.735611
128	9400	371	0.015000	0 	 0 	0	0.000000	0.000000	0.000000	0.000000
128	9400	372	0.015000	0 	 10 	8	0.000488	0.001831	0.000488	1.103970
128	9400	373	0.015000	0 	 4 	7	0.000427	0.000854	0.000427	1.124858
128	9400	374	0.015000	0 	 0 	0	0.000000	0.000000	0.000000	0.000000
128	9400	375	0.015000	0 	 8 	16	0.000977	0.001465	0.000977	2.301494
128	9400	376	0.015000	0 	 14 	10	0.000610	0.003174	0.000610	1.542725
128	9400	377	0.015000	0 	 171 	1780	0.108643	0.161072	0.108643	20.970944
128	9400	378	0.015000	0 	 12 	8	0.000488	0.002441	0.000488	1.473728
128	9400	379	0.015000	0 	 8 	8	0.000488	0.001770	0.000488	1.311011
128	9400	380	0.015000	0 	 140 	6618	0.403931	0.445496	0.003723	4.158725
128	9400	381	0.015000	0 	 27 	8	0.000488	0.004517	0.000488	1.530931
128	9400	382	0.015000	0 	 6 	11	0.000671	0.001465	0.000671	1.564059
128	9400	383	0.015000	0 	 182 	776	0.047363	0.116760	0.047363	14.458800
128	9400	384	0.015000	0 	 152 	3118	0.190308	0.239258	0.190308	25.743224
128	9400	385	0.015000	0 	 37 	13722	0.837524	0.842712	0.000793	1.764207
128	9400	386	0.015000	0 	 0 	0	0.000000	0.000000	0.000000	0.000000
128	9400	387	0.015000	0 	 35 	10	0.000610	0.006714	0.000610	1.431782
128	9400	388	0.015000	0 	 9 	5	0.000305	0.001099	0.000305	0.894427
128	9400	389	0.015000	0 	 1 	16144	0.985352	0.985352	0.000000	0.000000
128	9400	390	0.015000	0 	 4 	5	0.000305	0.000671	0.000305	0.894427
128	9400	391	0.015000	0 	 0 	0	0.000000	0.000000	0.000000	0.000000
128	9400	392	0.015000	0 	 135 	7883	0.481140	0.514832	0.002075	3.322618
128	9400	393	0.015000	0 	 1 	2	0.000122	0.000122	0.000122	0.500000
128	9400	394	0.015000	0 	 0 	0	0.000000	0.000000	0.000000	0.000000
128	9400	395	0.015000	0 	 192 	787	0.048035	0.097046	0.048035	15.458006
128	9400	396	0.015000	0 	 13 	9	0.000549	0.002014	0.000549	1.422916
128	9400	397	0.015000	0 	 13 	24	0.001465	0.002808	0.001465	2.427776
128	9400	398	0.015000	0 	 5 	5	0.000305	0.000916	0.000305	0.894427
128	9400	399	0.015000	0 	 33 	11	0.000671	0.005920	0.000671	1.863082
128	9400	400	0.015000	0 	 11 	19	0.001160	0.004089	0.001160	2.687820
128	9400	401	0.015000	0 	 5 	5	0.000305	0.001221	0.000305	0.894427
128	9400	402	0.015000	0 	 168 	4608	0.281250	0.330383	0.281250	30.715826
128	9400	403	0.015000	0 	 110 	8635	0.527039	0.559326	0.005798	5.489269
128	9400	404	0.015000	0 	 130 	4367	0.266541	0.306213	0.266541	29.863619
128	9400	405	0.015000	0 	 8 	8	0.000488	0.001770	0.000488	1.732051
128	9400	406	0.015000	0 	 21 	15	0.000916	0.005981	0.000916	2.368309
128	9400	407	0.015000	0 	 0 	0	0.000000	0.000000	0.000000	0.000000
128	9400	408	0.015000	0 	 6 	7	0.000427	0.001099	0.000427	1.399708
128	9400	409	0.015000	0 	 171 	258	0.015747	0.075195	0.015747	9.766372
128	9400	410	0.015000	0 	 62 	12	0.000732	0.013855	0.000732	1.509231
128	9400	411	0.015000	0 	 1 	8	0.000488	0.000488	0.000488	1.758906
128	9400	412	0.015000	0 	 37 	14	0.000854	0.006836	0.000854	1.673625
128	9400	413	0.015000	0 	 31 	23	0.001404	0.006592	0.001404	2.628188
128	9400	414	0.015000	0 	 163 	3841	0.234436	0.285461	0.234436	30.194645
128	9400	415	0.015000	0 	 45 	10	0.000610	0.008301	0.000610	1.476482
128	9400	416	0.015000	0 	 181 	1614	0.098511	0.147278	0.098511	22.049702
128	9400	417	0.015000	0 	 106 	9404	0.573975	0.608582	0.003174	3.841536
128	9400	418	0.015000	0 	 159 	2679	0.163513	0.204834	0.163513	24.305617
128	9400	419	0.015000	0 	 6 	6	0.000366	0.000977	0.000366	1.384437
128	9400	420	0.015000	0 	 1 	11	0.000671	0.000671	0.000671	1.408358
128	9400	421	0.015000	0 	 5 	8	0.000488	0.001221	0.000488	1.316957
128	9400	422	0.015000	0 	 15 	7	0.000427	0.002869	0.000427	1.178030
128	9400	423	0.015000	0 	 0 	0	0.000000	0.000000	0.000000	0.000000
128	9400	424	0.015000	0 	 1 	2	0.000122	0.000122	0.000122	0.500000
128	9400	425	0.015000	0 	 2 	2	0.000122	0.000183	0.000122	0.500000
128	9400	426	0.015000	0 	 123 	32	0.001953	0.031555	0.001953	3.578910
128	9400	427	0.015000	0 	 90 	21	0.001282	0.021179	0.001282	2.308419
128	9400	428	0.015000	0 	 10 	8	0.000488	0.001587	0.000488	1.262438
128	9400	429	0.015000	0 	 2 	4	0.000244	0.000427	0.000244	0.707107
128	9400	430	0.015000	0 	 0 	0	0.000000	0.000000	0.000000	0.000000
128	9400	431	0.015000	0 	 186 	4018	0.245239	0.293823	0.245239	29.525695
128	9400	432	0.015000	0 	 9 	11	0.000671	0.001648	0.000671	1.753391
128	9400	433	0.015000	0 	 156 	2580	0.157471	0.201721	0.157471	25.003820
128	9400	434	0.015000	0 	 75 	13	0.000793	0.015686	0.000793	1.961161
128	9400	435	0.015000	0 	 157 	325	0.019836	0.076843	0.019836	10.495917
128	9400	436	0.015000	0 	 159 	775	0.047302	0.094604	0.047302	15.826186
128	9400	437	0.015000	0 	 97 	29	0.001770	0.021912	0.001770	2.993056
128	9400	438	0.015000	0 	 16 	6	0.000366	0.002502	0.000366	1.301708
128	9400	439	0.015000	0 	 55 	12	0.000732	0.010193	0.000732	1.596437
128	9400	440	0.015000	0 	 15 	13	0.000793	0.003845	0.000793	2.103815
128	9400	441	0.015000	0 	 16 	8	0.000488	0.003784	0.000488	1.452369
128	9400	442	0.015000	0 	 47 	12	0.000732	0.007996	0.000732	1.721998
128	9400	443	0.015000	0 	 32 	12	0.000732	0.007751	0.000732	1.816208
128	9400	444	0.015000	0 	 4 	5	0.000305	0.000488	0.000305	1.019804
128	9400	445	0.015000	0 	 55 	16	0.000977	0.011597	0.000977	2.027159
128	9400	446	0.015000	0 	 3 	8	0.000488	0.000793	0.000488	1.452369
128	9400	447	0.015000	0 	 0 	0	0.000000	0.000000	0.000000	0.000000
128	9400	448	0.015000	0 	 13 	14	0.000854	0.003235	0.000854	1.971739
128	9400	449	0.015000	0 	 14 	22	0.001343	0.003601	0.001343	2.341240
128	9400	450	0.015000	0 	 12 	6	0.000366	0.001892	0.000366	1.118034
128	9400	451	0.015000	0 	 20 	12	0.000732	0.003845	0.000732	1.543355
128	9400	452	0.015000	0 	 2 	2	0.000122	0.000183	0.000122	0.500000
128	9400	453	0.015000	0 	 109 	1136	0.069336	0.106201	0.069336	17.331856
128	9400	454	0.015000	0 	 3 	7	0.000427	0.000732	0.000427	1.142857
128	9400	455	0.015000	0 	 150 	2234	0.136353	0.184631	0.136353	22.901010
128	9400	456	0.015000	0 	 35 	14	0.000854	0.007263	0.000854	1.911298
128	9400	457	0.015000	0 	 11 	5	0.000305	0.001831	0.000305	0.894427
128	9400	458	0.015000	0 	 169 	3882	0.236938	0.287903	0.236938	28.371036
128	9400	459	0.015000	0 	 46 	13399	0.817810	0.829834	0.001343	2.223559
128	9400	460	0.015000	0 	 5 	9	0.000549	0.001709	0.000549	1.196703
128	9400	461	0.015000	0 	 21 	17	0.001038	0.003967	0.001038	2.193100
128	9400	462	0.015000	0 	 136 	2257	0.137756	0.173584	0.137756	23.577236
128	9400	463	0.015000	0 	 1 	16040	0.979004	0.979004	0.000000	0.000000
128	9400	464	0.015000	0 	 13 	8	0.000488	0.003113	0.000488	1.103970
128	9400	465	0.015000	0 	 167 	504	0.030762	0.091980	0.030762	13.235520
128	9400	466	0.015000	0 	 20 	12	0.000732	0.003235	0.000732	1.448179
128	9400	467	0.015000	0 	 0 	0	0.000000	0.000000	0.000000	0.000000
128	9400	468	0.015000	0 	 17 	10	0.000610	0.003601	0.000610	1.445683
128	9400	469	0.015000	0 	 2 	5	0.000305	0.000549	0.000305	1.095445
128	9400	470	0.015000	0 	 146 	57	0.003479	0.043823	0.003479	5.159983
128	9400	471	0.015000	0 	 175 	2612	0.159424	0.202942	0.159424	25.479805
128	9400	472	0.015000	0 	 21 	8	0.000488	0.003601	0.000488	1.430690
128	9400	473	0.015000	0 	 0 	0	0.000000	0.000000	0.000000	0.000000
128	9400	474	0.015000	0 	 0 	0	0.000000	0.000000	0.000000	0.000000
128	9400	475	0.015000	0 	 7 	6	0.000366	0.001221	0.000366	1.258306
128	9400	476	0.015000	0 	 16 	7	0.000427	0.002563	0.000427	1.124858
128	9400	477	0.015000	0 	 48 	14	0.000854	0.008423	0.000854	2.246312
128	9400	478	0.015000	0 	 0 	0	0.000000	0.000000	0.000000	0.000000
128	9400	479	0.015000	0 	 133 	7861	0.479797	0.516541	0.002258	3.414189
128	9400	480	0.015000	0 	 8 	6	0.000366	0.001221	0.000366	1.343710
128	9400	481	0.015000	0 	 0 	0	0.000000	0.000000	0.000000	0.000000
128	9400	482	0.015000	0 	 170 	3011	0.183777	0.228027	0.183777	26.293302
128	9400	483	0.015000	0 	 7 	4	0.000244	0.001038	0.000244	0.866025
128	9400	484	0.015000	0 	 120 	2846	0.173706	0.209961	0.173706	25.213398
128	9400	485	0.015000	0 	 3 	8	0.000488	0.000854	0.000488	1.403122
128	9400	486	0.015000	0 	 2 	4	0.000244	0.000427	0.000244	0.829156
128	9400	487	0.015000	0 	 24 	11	0.000671	0.005493	0.000671	1.569334
128	9400	488	0.015000	0 	 1 	4	0.000244	0.000244	0.000244	0.707107
128	9400	489	0.015000	0 	 48 	9	0.000549	0.009460	0.000549	1.898238
128	9400	490	0.015000	0 	 79 	10406	0.635132	0.652222	0.001343	2.941580
128	9400	491	0.015000	0 	 155 	2233	0.136292	0.185852	0.136292	22.267625
128	9400	492	0.015000	0 	 7 	7	0.000427	0.001160	0.000427	1.178030
128	9400	493	0.015000	0 	 7 	12	0.000732	0.002014	0.000732	2.390665
128	9400	494	0.015000	0 	 2 	2	0.000122	0.000183	0.000122	0.500000
128	9400	495	0.015000	0 	 3 	8	0.000488	0.000732	0.000488	1.634587
128	9400	496	0.015000	0 	 161 	3195	0.195007	0.244507	0.195007	26.207130
128	9400	497	0.015000	0 	 0 	0	0.000000	0.000000	0.000000	0.000000
128	9400	498	0.015000	0 	 6 	3	0.000183	0.000610	0.000183	0.666667
128	9400	499	0.015000	0 	 159 	1370	0.083618	0.131104	0.083618	19.315523
128	9400	500	0.015000	0 	 0 	0	0.000000	0.000000	0.000000	0.000000
128	9400	501	0.015000	0 	 19 	16	0.000977	0.004761	0.000977	2.262983
128	9400	502	0.015000	0 	 0 	0	0.000000	0.000000	0.000000	0.000000
128	9400	503	0.015000	0 	 3 	4	0.000244	0.000610	0.000244	0.935414
128	9400	504	0.015000	0 	 36 	13	0.000793	0.008362	0.000793	1.868455
128	9400	505	0.015000	0 	 79 	11162	0.681274	0.701233	0.003601	4.626591
128	9400	506	0.015000	0 	 2 	2	0.000122	0.000183	0.000122	0.500000
128	9400	507	0.015000	0 	 0 	0	0.000000	0.000000	0.000000	0.000000
128	9400	508	0.015000	0 	 20 	6	0.000366	0.002319	0.000366	1.054093
128	9400	509	0.015000	0 	 3 	9	0.000549	0.000732	0.000549	1.594744
128	9400	510	0.015000	0 	 187 	2838	0.173218	0.226135	0.173218	24.800062
128	9400	511	0.015000	0 	 163 	2620	0.159912	0.201965	0.159912	25.526167
128	9400	512	0.015000	0 	 10 	3	0.000183	0.001160	0.000183	0.666667
128	9400	513	0.015000	0 	 2 	3	0.000183	0.000305	0.000183	0.666667
128	9400	514	0.015000	0 	 1 	2	0.000122	0.000122	0.000122	0.500000
128	9400	515	0.015000	0 	 141 	344	0.020996	0.061523	0.020996	11.061622
128	9400	516	0.015000	0 	 144 	2569	0.156799	0.203613	0.156799	24.880773
128	9400	517	0.015000	0 	 107 	7865	0.480042	0.510620	0.003113	3.581532
128	9400	518	0.015000	0 	 53 	12857	0.784729	0.798828	0.002075	3.483649
128	9400	519	0.015000	0 	 9 	15	0.000916	0.002991	0.000916	2.231093
128	9400	520	0.015000	0 	 12 	12	0.000732	0.002930	0.000732	1.541104
128	9400	521	0.015000	0 	 1 	16144	0.985352	0.985352	0.000000	0.000000
128	9400	522	0.015000	0 	 135 	410	0.025024	0.086792	0.025024	12.813561
128	9400	523	0.015000	0 	 4 	6	0.000366	0.000854	0.000366	1.424001
128	9400	524	0.015000	0 	 76 	9508	0.580322	0.605652	0.001831	3.563550
128	9400	525	0.015000	0 	 73 	33	0.002014	0.019714	0.002014	2.923575
128	9400	526	0.015000	0 	 9 	11	0.000671	0.002197	0.000671	1.515757
128	9400	527	0.015000	0 	 28 	17	0.001038	0.007874	0.001038	2.287320
128	9400	528	0.015000	0 	 0 	0	0.000000	0.000000	0.000000	0.000000
128	9400	529	0.015000	0 	 14 	14	0.000854	0.003113	0.000854	1.892520
128	9400	530	0.015000	0 	 6 	16	0.000977	0.001953	0.000977	2.204399
128	9400	531	0.015000	0 	 122 	142	0.008667	0.056519	0.008667	9.403674
128	9400	532	0.015000	0 	 92 	35	0.002136	0.023926	0.002136	3.947616
128	9400	533	0.015000	0 	 2 	8	0.000488	0.000610	0.000488	1.430690
128	9400	534	0.015000	0 	 1 	6	0.000366	0.000366	0.000366	1.384437
128	9400	535	0.015000	0 	 0 	0	0.000000	0.000000	0.000000	0.000000
128	9400	536	0.015000	0 	 3 	14	0.000854	0.001038	0.000854	1.943067
128	9400	537	0.015000	0 	 179 	3025	0.184631	0.237305	0.184631	25.442604
128	9400	538	0.015000	0 	 95 	9492	0.579346	0.606934	0.003601	4.242505
128	9400	539	0.015000	0 	 1 	3	0.000183	0.000183	0.000183	0.666667
128	9400	540	0.015000	0 	 95 	9868	0.602295	0.630676	0.003479	4.853089
128	9400	541	0.015000	0 	 0 	0	0.000000	0.000000	0.000000	0.000000
128	9400	542	0.015000	0 	 165 	3292	0.200928	0.258057	0.200928	26.720168
128	9400	543	0.015000	0 	 166 	1854	0.113159	0.164246	0.113159	21.970315
128	9400	544	0.015000	0 	 167 	4034	0.246216	0.317017	0.246216	28.740598
128	9400	545	0.015000	0 	 167 	1058	0.064575	0.122498	0.064575	16.917133
128	9400	546	0.015000	0 	 99 	41	0.002502	0.029114	0.002502	3.848716
128	9400	547	0.015000	0 	 1 	1	0.000061	0.000061	0.000061	0.000000
128	9400	548	0.015000	0 	 136 	6009	0.366760	0.414001	0.005005	5.581530
128	9400	549	0.015000	0 	 8 	9	0.000549	0.001648	0.000549	1.369870
128	9400	550	0.015000	0 	 141 	51	0.003113	0.042480	0.003113	5.496215
128	9400	551	0.015000	0 	 0 	0	0.000000	0.000000	0.000000	0.000000
128	9400	552	0.015000	0 	 0 	0	0.000000	0.000000	0.000000	0.000000
128	9400	553	0.015000	0 	 37 	15	0.000916	0.005920	0.000916	1.961859
128	9400	554	0.015000	0 	 22 	14	0.000854	0.005188	0.000854	2.454691
128	9400	555	0.015000	0 	 154 	2533	0.154602	0.196594	0.154602	24.105394
128	9400	556	0.015000	0 	 173 	4335	0.264587	0.318054	0.264587	30.170587
128	9400	557	0.015000	0 	 25 	13	0.000793	0.006409	0.000793	1.988130
128	9400	558	0.015000	0 	 82 	8375	0.511169	0.537109	0.003357	3.685128
128	9400	559	0.015000	0 	 0 	0	0.000000	0.000000	0.000000	0.000000
128	9400	560	0.015000	0 	 6 	5	0.000305	0.000854	0.000305	1.095445
128	9400	561	0.015000	0 	 146 	101	0.006165	0.046997	0.006165	5.755942
128	9400	562	0.015000	0 	 105 	20	0.001221	0.023132	0.001221	2.460691
128	9400	563	0.015000	0 	 167 	6850	0.418091	0.461121	0.418091	36.596304
128	9400	564	0.015000	0 	 109 	1463	0.089294	0.133484	0.089294	18.995830
128	9400	565	0.015000	0 	 16 	8	0.000488	0.002991	0.000488	1.386317
128	9400	566	0.015000	0 	 7 	8	0.000488	0.001221	0.000488	1.479020
128	9400	567	0.015000	0 	 0 	0	0.000000	0.000000	0.000000	0.000000
128	9400	568	0.015000	0 	 3 	4	0.000244	0.000549	0.000244	0.829156
128	9400	569	0.015000	0 	 80 	10740	0.655518	0.673706	0.003967	5.092517
128	9400	570	0.015000	0 	 10 	10	0.000610	0.002258	0.000610	1.516575
128	9400	571	0.015000	0 	 23 	11	0.000671	0.005249	0.000671	1.616035
128	9400	572	0.015000	0 	 8 	12	0.000732	0.001526	0.000732	1.578941
128	9400	573	0.015000	0 	 1 	5	0.000305	0.000305	0.000305	1.131371
128	9400	574	0.015000	0 	 103 	8177	0.499084	0.528687	0.002136	3.247605
128	9400	575	0.015000	0 	 59 	22	0.001343	0.012390	0.001343	2.466721
128	9400	576	0.015000	0 	 148 	62	0.003784	0.052734	0.003784	4.560154
128	9400	577	0.015000	0 	 185 	1610	0.098267	0.148193	0.098267	20.505052
128	9400	578	0.015000	0 	 10 	6	0.000366	0.001465	0.000366	1.130388
128	9400	579	0.015000	0 	 10 	9	0.000549	0.002014	0.000549	1.555556
128	9400	580	0.015000	0 	 13 	14	0.000854	0.003540	0.000854	1.611502
128	9400	581	0.015000	0 	 0 	0	0.000000	0.000000	0.000000	0.000000
128	9400	582	0.015000	0 	 27 	13	0.000793	0.005737	0.000793	1.642627
128	9400	583	0.015000	0 	 19 	14	0.000854	0.004822	0.000854	1.630387
128	9400	584	0.015000	0 	 0 	0	0.000000	0.000000	0.000000	0.000000
128	9400	585	0.015000	0 	 0 	0	0.000000	0.000000	0.000000	0.000000
128	9400	586	0.015000	0 	 5 	8	0.000488	0.001404	0.000488	1.243734
128	9400	587	0.015000	0 	 18 	12	0.000732	0.003540	0.000732	2.179449
128	9400	588	0.015000	0 	 1 	3	0.000183	0.000183	0.000183	0.816497
128	9400	589	0.015000	0 	 147 	3354	0.204712	0.257019	0.204712	26.862821
128	9400	590	0.015000	0 	 129 	1639	0.100037	0.135925	0.100037	20.618905
128	9400	591	0.015000	0 	 4 	5	0.000305	0.000854	0.000305	1.232883
128	9400	592	0.015000	0 	 0 	0	0.000000	0.000000	0.000000	0.000000
128	9400	593	0.015000	0 	 0 	0	0.000000	0.000000	0.000000	0.000000
128	9400	594	0.015000	0 	 2 	4	0.000244	0.000366	0.000244	0.829156
128	9400	595	0.015000	0 	 19 	12	0.000732	0.004211	0.000732	1.563472
128	9400	596	0.015000	0 	 0 	0	0.000000	0.000000	0.000000	0.000000
128	9400	597	0.015000	0 	 122 	1767	0.107849	0.143127	0.107849	21.347881
128	9400	598	0.015000	0 	 2 	2	0.000122	0.000183	0.000122	0.500000
128	9400	599	0.015000	0 	 0 	0	0.000000	0.000000	0.000000	0.000000
128	9400	600	0.015000	0 	 149 	6456	0.394043	0.443665	0.003357	3.691223
128	9400	601	0.015000	0 	 0 	0	0.000000	0.000000	0.000000	0.000000
128	9400	602	0.015000	0 	 3 	12	0.000732	0.001038	0.000732	2.147350
128	9400	603	0.015000	0 	 11 	6	0.000366	0.002136	0.000366	1.118034
128	9400	604	0.015000	0 	 4 	6	0.000366	0.000732	0.000366	0.957427
128	9400	605	0.015000	0 	 45 	16	0.000977	0.009521	0.000977	2.224684
128	9400	606	0.015000	0 	 0 	0	0.000000	0.000000	0.000000	0.000000
128	9400	607	0.015000	0 	 4 	3	0.000183	0.000427	0.000183	0.816497
128	9400	608	0.015000	0 	 139 	1488	0.090820	0.131104	0.090820	19.658439
128	9400	609	0.015000	0 	 43 	21	0.001282	0.011475	0.001282	3.026733
128	9400	610	0.015000	0 	 8 	11	0.000671	0.002014	0.000671	1.786080
128	9400	611	0.015000	0 	 104 	8597	0.524719	0.555542	0.002380	3.725633
128	9400	612	0.015000	0 	 0 	0	0.000000	0.000000	0.000000	0.000000
128	9400	613	0.015000	0 	 5 	22	0.001343	0.001892	0.001343	2.262249
128	9400	614	0.015000	0 	 15 	9	0.000549	0.002136	0.000549	1.422916
128	9400	615	0.015000	0 	 163 	2198	0.134155	0.186707	0.134155	23.950699
128	9400	616	0.015000	0 	 4 	5	0.000305	0.000610	0.000305	0.894427
128	9400	617	0.015000	0 	 21 	13	0.000793	0.004639	0.000793	1.591397
128	9400	618	0.015000	0 	 0 	0	0.000000	0.000000	0.000000	0.000000
128	9400	619	0.015000	0 	 1 	2	0.000122	0.000122	0.000122	0.500000
128	9400	620	0.015000	0 	 0 	0	0.000000	0.000000	0.000000	0.000000
128	9400	621	0.015000	0 	 9 	8	0.000488	0.001892	0.000488	1.414214
128	9400	622	0.015000	0 	 42 	28	0.001709	0.010437	0.001709	2.698734
128	9400	623	0.015000	0 	 184 	1901	0.116028	0.171204	0.116028	21.244162
128	9400	624	0.015000	0 	 21 	23	0.001404	0.004639	0.001404	2.475590
128	9400	625	0.015000	0 	 0 	0	0.000000	0.000000	0.000000	0.000000
128	9400	626	0.015000	0 	 8 	3	0.000183	0.000977	0.000183	0.666667
128	9400	627	0.015000	0 	 0 	0	0.000000	0.000000	0.000000	0.000000
128	9400	628	0.015000	0 	 5 	12	0.000732	0.001099	0.000732	1.927506
128	9400	629	0.015000	0 	 124 	2125	0.129700	0.168579	0.129700	22.874639
128	9400	630	0.015000	0 	 145 	68	0.004150	0.053101	0.004150	5.007736
128	9400	631	0.015000	0 	 0 	0	0.000000	0.000000	0.000000	0.000000
128	9400	632	0.015000	0 	 192 	716	0.043701	0.112549	0.043701	14.777580
128	9400	633	0.015000	0 	 86 	11506	0.702271	0.716553	0.001099	2.778333
128	9400	634	0.015000	0 	 33 	13562	0.827759	0.836365	0.001160	2.773040
128	9400	635	0.015000	0 	 27 	10	0.000610	0.005493	0.000610	1.360147
128	9400	636	0.015000	0 	 36 	11	0.000671	0.006470	0.000671	1.431638
128	9400	637	0.015000	0 	 9 	8	0.000488	0.002502	0.000488	1.828592
128	9400	638	0.015000	0 	 7 	2	0.000122	0.000610	0.000122	0.500000
128	9400	639	0.015000	0 	 1 	1	0.000061	0.000061	0.000061	0.000000
128	9400	640	0.015000	0 	 0 	0	0.000000	0.000000	0.000000	0.000000
128	9400	641	0.015000	0 	 200 	1811	0.110535	0.167908	0.110535	21.044212
128	9400	642	0.015000	0 	 5 	6	0.000366	0.000793	0.000366	1.166667
128	9400	643	0.015000	0 	 189 	145	0.008850	0.075928	0.008850	6.908114
128	9400	644	0.015000	0 	 124 	2161	0.131897	0.162292	0.131897	22.408937
128	9400	645	0.015000	0 	 212 	4224	0.257812	0.315796	0.257812	29.660104
128	9400	646	0.015000	0 	 0 	0	0.000000	0.000000	0.000000	0.000000
128	9400	647	0.015000	0 	 29 	7	0.000427	0.004456	0.000427	1.142857
128	9400	648	0.015000	0 	 89 	95	0.005798	0.026672	0.005798	6.262318
128	9400	649	0.015000	0 	 6 	7	0.000427	0.001343	0.000427	1.212183
128	9400	650	0.015000	0 	 142 	1196	0.072998	0.119507	0.072998	18.141278
128	9400	651	0.015000	0 	 81 	11593	0.707581	0.729675	0.002747	3.982803
128	9400	652	0.015000	0 	 41 	16	0.000977	0.009155	0.000977	1.849831
128	9400	653	0.015000	0 	 109 	11473	0.700256	0.730408	0.003540	5.933064
128	9400	654	0.015000	0 	 0 	0	0.000000	0.000000	0.000000	0.000000
128	9400	655	0.015000	0 	 9 	4	0.000244	0.001465	0.000244	0.829156
128	9400	656	0.015000	0 	 2 	3	0.000183	0.000366	0.000183	0.666667
128	9400	657	0.015000	0 	 0 	0	0.000000	0.000000	0.000000	0.000000
128	9400	658	0.015000	0 	 156 	97	0.005920	0.055176	0.005920	6.203325
128	9400	659	0.015000	0 	 3 	5	0.000305	0.000549	0.000305	1.019804
128	9400	660	0.015000	0 	 6 	2	0.000122	0.000549	0.000122	0.500000
128	9400	661	0.015000	0 	 11 	3	0.000183	0.001099	0.000183	0.816497
128	9400	662	0.015000	0 	 6 	8	0.000488	0.000977	0.000488	1.311011
128	9400	663	0.015000	0 	 102 	10038	0.612671	0.646484	0.002075	2.902838
128	9400	664	0.015000	0 	 1 	2	0.000122	0.000122	0.000122	0.500000
128	9400	665	0.015000	0 	 9 	4	0.000244	0.001343	0.000244	0.707107
128	9400	666	0.015000	0 	 5 	4	0.000244	0.000854	0.000244	0.829156
128	9400	667	0.015000	0 	 40 	12951	0.790466	0.799316	0.001709	2.707699
128	9400	668	0.015000	0 	 12 	10	0.000610	0.003845	0.000610	1.913113
128	9400	669	0.015000	0 	 0 	0	0.000000	0.000000	0.000000	0.000000
128	9400	670	0.015000	0 	 97 	8944	0.545898	0.564758	0.001099	2.352435
128	9400	671	0.015000	0 	 6 	15	0.000916	0.001709	0.000916	2.137496
128	9400	672	0.015000	0 	 45 	12912	0.788086	0.797668	0.001465	2.153808
128	9400	673	0.015000	0 	 124 	811	0.049500	0.098938	0.049500	15.292636
128	9400	674	0.015000	0 	 157 	1115	0.068054	0.117554	0.068054	17.715590
128	9400	675	0.015000	0 	 8 	10	0.000610	0.002380	0.000610	1.496663
128	9400	676	0.015000	0 	 21 	8	0.000488	0.003662	0.000488	1.172604
128	9400	677	0.015000	0 	 1 	5	0.000305	0.000305	0.000305	1.131371
128	9400	678	0.015000	0 	 3 	3	0.000183	0.000366	0.000183	0.666667
128	9400	679	0.015000	0 	 145 	3643	0.222351	0.260315	0.222351	27.695024
128	9400	680	0.015000	0 	 93 	9914	0.605103	0.627991	0.001282	2.434633
128	9400	681	0.015000	0 	 28 	11	0.000671	0.005798	0.000671	1.504813
128	9400	682	0.015000	0 	 14 	9	0.000549	0.002258	0.000549	2.012308
128	9400	683	0.015000	0 	 85 	10781	0.658020	0.680176	0.002014	3.128705
128	9400	684	0.015000	0 	 16 	22	0.001343	0.004517	0.001343	2.381489
128	9400	685	0.015000	0 	 10 	7	0.000427	0.002380	0.000427	1.385051
128	9400	686	0.015000	0 	 15 	9	0.000549	0.002380	0.000549	1.405457
128	9400	687	0.015000	0 	 176 	2149	0.131165	0.189819	0.131165	22.482116
128	9400	688	0.015000	0 	 104 	8068	0.492432	0.518921	0.002319	3.328921
128	9400	689	0.015000	0 	 143 	6739	0.411316	0.450195	0.001770	2.385549
128	9400	690	0.015000	0 	 7 	10	0.000610	0.001587	0.000610	1.542725
128	9400	691	0.015000	0 	 1 	7	0.000427	0.000427	0.000427	1.030158
128	9400	692	0.015000	0 	 2 	4	0.000244	0.000366	0.000244	0.829156
128	9400	693	0.015000	0 	 143 	2593	0.158264	0.208069	0.158264	23.761022
128	9400	694	0.015000	0 	 2 	9	0.000549	0.000671	0.000549	1.351725
128	9400	695	0.015000	0 	 1 	16148	0.985596	0.985596	0.000000	0.000000
128	9400	696	0.015000	0 	 45 	10	0.000610	0.009033	0.000610	1.757840
128	9400	697	0.015000	0 	 101 	27	0.001648	0.022278	0.001648	2.780986
128	9400	698	0.015000	0 	 34 	13	0.000793	0.006897	0.000793	1.716609
128	9400	699	0.015000	0 	 0 	0	0.000000	0.000000	0.000000	0.000000
128	9400	700	0.015000	0 	 9 	9	0.000549	0.002197	0.000549	1.422916
128	9400	701	0.015000	0 	 142 	8131	0.496277	0.537903	0.004272	4.412182
128	9400	702	0.015000	0 	 6 	5	0.000305	0.000793	0.000305	1.058301
128	9400	703	0.015000	0 	 191 	4450	0.271606	0.336304	0.271606	29.821360
128	9400	704	0.015000	0 	 138 	5480	0.334473	0.375854	0.334473	32.932953
128	9400	705	0.015000	0 	 17 	14	0.000854	0.003540	0.000854	1.846121
128	9400	706	0.015000	0 	 81 	16	0.000977	0.016724	0.000977	1.823244
128	9400	707	0.015000	0 	 4 	6	0.000366	0.000671	0.000366	0.957427
128	9400	708	0.015000	0 	 0 	0	0.000000	0.000000	0.000000	0.000000
128	9400	709	0.015000	0 	 164 	76	0.004639	0.052979	0.004639	4.913500
128	9400	710	0.015000	0 	 1 	1	0.000061	0.000061	0.000061	0.000000
128	9400	711	0.015000	0 	 10 	13	0.000793	0.001892	0.000793	2.032284
128	9400	712	0.015000	0 	 70 	16	0.000977	0.015930	0.000977	1.849831
128	9400	713	0.015000	0 	 5 	2	0.000122	0.000488	0.000122	0.500000
128	9400	714	0.015000	0 	 128 	207	0.012634	0.060059	0.012634	9.782235
128	9400	715	0.015000	0 	 22 	8	0.000488	0.003784	0.000488	1.648863
128	9400	716	0.015000	0 	 32 	14	0.000854	0.007202	0.000854	1.560024
128	9400	717	0.015000	0 	 24 	10	0.000610	0.005676	0.000610	1.723369
128	9400	718	0.015000	0 	 14 	16	0.000977	0.003052	0.000977	2.235194
128	9400	719	0.015000	0 	 30 	14	0.000854	0.006226	0.000854	1.935174
128	9400	720	0.015000	0 	 0 	0	0.000000	0.000000	0.000000	0.000000
128	9400	721	0.015000	0 	 11 	13	0.000793	0.002014	0.000793	1.902972
128	9400	722	0.015000	0 	 1 	4	0.000244	0.000244	0.000244	0.935414
128	9400	723	0.015000	0 	 47 	10	0.000610	0.009338	0.000610	1.652271
128	9400	724	0.015000	0 	 5 	7	0.000427	0.000977	0.000427	1.030158
128	9400	725	0.015000	0 	 16 	10	0.000610	0.003052	0.000610	1.417745
128	9400	726	0.015000	0 	 21 	11	0.000671	0.003967	0.000671	1.553455
128	9400	727	0.015000	0 	 106 	7482	0.456665	0.483704	0.002930	3.937831
128	9400	728	0.015000	0 	 202 	225	0.013733	0.075317	0.013733	10.222902
128	9400	729	0.015000	0 	 93 	10448	0.637695	0.656982	0.001465	2.621360
128	9400	730	0.015000	0 	 0 	0	0.000000	0.000000	0.000000	0.000000
128	9400	731	0.015000	0 	 20 	9	0.000549	0.004211	0.000549	1.632993
128	9400	732	0.015000	0 	 8 	4	0.000244	0.001099	0.000244	0.829156
128	9400	733	0.015000	0 	 2 	2	0.000122	0.000183	0.000122	0.500000
128	9400	734	0.015000	0 	 0 	0	0.000000	0.000000	0.000000	0.000000
128	9400	735	0.015000	0 	 0 	0	0.000000	0.000000	0.000000	0.000000
128	9400	736	0.015000	0 	 4 	5	0.000305	0.000610	0.000305	0.894427
128	9400	737	0.015000	0 	 20 	5	0.000305	0.002380	0.000305	0.979796
128	9400	738	0.015000	0 	 0 	0	0.000000	0.000000	0.000000	0.000000
128	9400	739	0.015000	0 	 0 	0	0.000000	0.000000	0.000000	0.000000
128	9400	740	0.015000	0 	 109 	7709	0.470520	0.494873	0.002075	3.928095
128	9400	741	0.015000	0 	 15 	7	0.000427	0.002075	0.000427	1.340119
128	9400	742	0.015000	0 	 9 	4	0.000244	0.001282	0.000244	0.866025
128	9400	743	0.015000	0 	 1 	6	0.000366	0.000366	0.000366	1.213352
128	9400	744	0.015000	0 	 0 	0	0.000000	0.000000	0.000000	0.000000
128	9400	745	0.015000	0 	 26 	11	0.000671	0.004639	0.000671	1.799908
128	9400	746	0.015000	0 	 65 	13	0.000793	0.013428	0.000793	2.020604
128	9400	747	0.015000	0 	 0 	0	0.000000	0.000000	0.000000	0.000000
128	9400	748	0.015000	0 	 3 	5	0.000305	0.000488	0.000305	0.894427
128	9400	749	0.015000	0 	 71 	7563	0.461609	0.482910	0.001709	3.241944
128	9400	750	0.015000	0 	 117 	8740	0.533447	0.562622	0.001953	2.798402
128	9400	751	0.015000	0 	 6 	5	0.000305	0.001221	0.000305	0.894427
128	9400	752	0.015000	0 	 38 	10	0.000610	0.007996	0.000610	1.788854
128	9400	753	0.015000	0 	 15 	10	0.000610	0.002930	0.000610	1.688194
128	9400	754	0.015000	0 	 13 	21	0.001282	0.004028	0.001282	2.417810
128	9400	755	0.015000	0 	 155 	25	0.001526	0.039551	0.001526	3.141974
128	9400	756	0.015000	0 	 22 	12	0.000732	0.005066	0.000732	1.761865
128	9400	757	0.015000	0 	 28 	13908	0.848877	0.855103	0.000854	1.913966
128	9400	758	0.015000	0 	 129 	81	0.004944	0.049377	0.004944	5.383509
128	9400	759	0.015000	0 	 1 	4	0.000244	0.000244	0.000244	0.866025
128	9400	760	0.015000	0 	 170 	218	0.013306	0.080139	0.013306	8.126149
128	9400	761	0.015000	0 	 92 	16	0.000977	0.017822	0.000977	2.191960
128	9400	762	0.015000	0 	 3 	6	0.000366	0.000488	0.000366	1.118034
128	9400	763	0.015000	0 	 10 	9	0.000549	0.002136	0.000549	1.699673
128	9400	764	0.015000	0 	 3 	5	0.000305	0.000793	0.000305	1.019804
128	9400	765	0.015000	0 	 122 	8532	0.520752	0.554626	0.001831	3.308239
128	9400	766	0.015000	0 	 190 	6769	0.413147	0.451965	0.001404	2.369465
128	9400	767	0.015000	0 	 17 	10	0.000610	0.002869	0.000610	1.389244
128	9400	768	0.015000	0 	 5 	6	0.000366	0.000916	0.000366	1.301708
128	9400	769	0.015000	0 	 98 	7230	0.441284	0.471313	0.003418	4.559555
128	9400	770	0.015000	0 	 9 	14	0.000854	0.002441	0.000854	1.785714
128	9400	771	0.015000	0 	 7 	6	0.000366	0.000793	0.000366	1.707825
128	9400	772	0.015000	0 	 5 	10	0.000610	0.001770	0.000610	1.500000
128	9400	773	0.015000	0 	 4 	2	0.000122	0.000305	0.000122	0.500000
128	9400	774	0.015000	0 	 44 	14	0.000854	0.008179	0.000854	2.430671
128	9400	775	0.015000	0 	 2 	5	0.000305	0.000366	0.000305	1.131371
128	9400	776	0.015000	0 	 107 	7979	0.487000	0.527588	0.003052	4.707313
128	9400	777	0.015000	0 	 16 	8	0.000488	0.003662	0.000488	1.369306
128	9400	778	0.015000	0 	 3 	4	0.000244	0.000488	0.000244	0.829156
128	9400	779	0.015000	0 	 21 	19	0.001160	0.005737	0.001160	1.987496
128	9400	780	0.015000	0 	 118 	1187	0.072449	0.107544	0.072449	18.344585
128	9400	781	0.015000	0 	 7 	10	0.000610	0.001465	0.000610	1.900000
128	9400	782	0.015000	0 	 0 	0	0.000000	0.000000	0.000000	0.000000
128	9400	783	0.015000	0 	 48 	9	0.000549	0.008179	0.000549	1.812167
128	9400	784	0.015000	0 	 10 	3	0.000183	0.000977	0.000183	0.816497
128	9400	785	0.015000	0 	 8 	4	0.000244	0.000916	0.000244	0.935414
128	9400	786	0.015000	0 	 151 	664	0.040527	0.104858	0.040527	14.852165
128	9400	787	0.015000	0 	 101 	18	0.001099	0.020081	0.001099	1.963400
128	9400	788	0.015000	0 	 2 	2	0.000122	0.000183	0.000122	0.816497
128	9400	789	0.015000	0 	 39 	14	0.000854	0.008179	0.000854	1.985920
128	9400	790	0.015000	0 	 28 	12	0.000732	0.005493	0.000732	1.753964
128	9400	791	0.015000	0 	 0 	0	0.000000	0.000000	0.000000	0.000000
128	9400	792	0.015000	0 	 1 	8	0.000488	0.000488	0.000488	1.192424
128	9400	793	0.015000	0 	 3 	4	0.000244	0.000488	0.000244	0.707107
128	9400	794	0.015000	0 	 152 	3725	0.227356	0.272095	0.227356	28.013542
128	9400	795	0.015000	0 	 152 	3952	0.241211	0.287598	0.241211	28.440286
128	9400	796	0.015000	0 	 52 	19	0.001160	0.011902	0.001160	2.333663
128	9400	797	0.015000	0 	 177 	115	0.007019	0.065552	0.007019	8.012608
128	9400	798	0.015000	0 	 76 	13	0.000793	0.015015	0.000793	2.390811
128	9400	799	0.015000	0 	 0 	0	0.000000	0.000000	0.000000	0.000000
128	9400	800	0.015000	0 	 29 	11	0.000671	0.005371	0.000671	1.743939
128	9400	801	0.015000	0 	 10 	12	0.000732	0.002197	0.000732	1.900292
128	9400	802	0.015000	0 	 89 	7872	0.480469	0.504517	0.002441	3.909923
128	9400	803	0.015000	0 	 6 	8	0.000488	0.000977	0.000488	1.479020
128	9400	804	0.015000	0 	 16 	36	0.002197	0.003601	0.002197	3.420955
128	9400	805	0.015000	0 	 2 	10	0.000610	0.000671	0.000610	1.624808
128	9400	806	0.015000	0 	 69 	23	0.001404	0.015625	0.001404	2.573678
128	9400	807	0.015000	0 	 76 	19	0.001160	0.016235	0.001160	2.697080
128	9400	808	0.015000	0 	 187 	8187	0.499695	0.549438	0.002808	4.068239
128	9400	809	0.015000	0 	 6 	5	0.000305	0.000916	0.000305	1.019804
128	9400	810	0.015000	0 	 0 	0	0.000000	0.000000	0.000000	0.000000
128	9400	811	0.015000	0 	 10 	8	0.000488	0.001892	0.000488	1.639360
128	9400	812	0.015000	0 	 8 	8	0.000488	0.002014	0.000488	1.299038
128	9400	813	0.015000	0 	 15 	8	0.000488	0.002563	0.000488	1.192424
128	9400	814	0.015000	0 	 155 	381	0.023254	0.070496	0.023254	11.520235
128	9400	815	0.015000	0 	 115 	7759	0.473572	0.502075	0.002197	3.597732
128	9400	816	0.015000	0 	 1 	16101	0.982727	0.982727	0.000000	0.000000
128	9400	817	0.015000	0 	 30 	18	0.001099	0.007751	0.001099	2.106721
128	9400	818	0.015000	0 	 8 	15018	0.916626	0.917969	0.000610	1.360147
128	9400	819	0.015000	0 	 4 	6	0.000366	0.000732	0.000366	1.213352
128	9400	820	0.015000	0 	 0 	0	0.000000	0.000000	0.000000	0.000000
128	9400	821	0.015000	0 	 50 	16	0.000977	0.010742	0.000977	2.241303
128	9400	822	0.015000	0 	 21 	14105	0.860901	0.865723	0.001038	2.354411
128	9400	823	0.015000	0 	 182 	5376	0.328125	0.387146	0.328125	34.445096
128	9400	824	0.015000	0 	 0 	0	0.000000	0.000000	0.000000	0.000000
128	9400	825	0.015000	0 	 15 	12	0.000732	0.004028	0.000732	1.504623
128	9400	826	0.015000	0 	 167 	3087	0.188416	0.237793	0.188416	26.371558
128	9400	827	0.015000	0 	 151 	2477	0.151184	0.195435	0.151184	23.776133
128	9400	828	0.015000	0 	 4 	1	0.000061	0.000244	0.000061	0.000000
128	9400	829	0.015000	0 	 18 	14	0.000854	0.003113	0.000854	2.057837
128	9400	830	0.015000	0 	 131 	9570	0.584106	0.618408	0.002258	3.706745
128	9400	831	0.015000	0 	 11 	9	0.000549	0.003174	0.000549	1.555556
128	9400	832	0.015000	0 	 0 	0	0.000000	0.000000	0.000000	0.000000
128	9400	833	0.015000	0 	 0 	0	0.000000	0.000000	0.000000	0.000000
128	9400	834	0.015000	0 	 4 	5	0.000305	0.000671	0.000305	0.894427
128	9400	835	0.015000	0 	 2 	2	0.000122	0.000183	0.000122	0.500000
128	9400	836	0.015000	0 	 156 	732	0.044678	0.104126	0.044678	16.460421
128	9400	837	0.015000	0 	 145 	388	0.023682	0.071960	0.023682	11.025374
128	9400	838	0.015000	0 	 159 	2677	0.163391	0.215271	0.163391	25.234612
128	9400	839	0.015000	0 	 4 	5	0.000305	0.000549	0.000305	1.095445
128	9400	840	0.015000	0 	 154 	3639	0.222107	0.265808	0.222107	28.463388
128	9400	841	0.015000	0 	 59 	11165	0.681458	0.698181	0.003052	3.822146
128	9400	842	0.015000	0 	 7 	4	0.000244	0.000916	0.000244	1.118034
128	9400	843	0.015000	0 	 26 	17	0.001038	0.005676	0.001038	1.927761
128	9400	844	0.015000	0 	 8 	10	0.000610	0.001709	0.000610	1.577973
128	9400	845	0.015000	0 	 47 	20	0.001221	0.011719	0.001221	2.331845
128	9400	846	0.015000	0 	 119 	7751	0.473083	0.513916	0.003479	5.025879
128	9400	847	0.015000	0 	 32 	13	0.000793	0.006409	0.000793	2.131755
128	9400	848	0.015000	0 	 34 	13836	0.844482	0.851074	0.000671	1.548126
128	9400	849	0.015000	0 	 34 	10	0.000610	0.006958	0.000610	1.496663
128	9400	850	0.015000	0 	 196 	4024	0.245605	0.299988	0.245605	28.589758
128	9400	851	0.015000	0 	 8 	5	0.000305	0.001221	0.000305	0.894427
128	9400	852	0.015000	0 	 4 	4	0.000244	0.000549	0.000244	0.935414
128	9400	853	0.015000	0 	 24 	8	0.000488	0.003662	0.000488	1.262438
128	9400	854	0.015000	0 	 0 	0	0.000000	0.000000	0.000000	0.000000
128	9400	855	0.015000	0 	 0 	0	0.000000	0.000000	0.000000	0.000000
128	9400	856	0.015000	0 	 119 	41	0.002502	0.039307	0.002502	4.309833
128	9400	857	0.015000	0 	 125 	1957	0.119446	0.158813	0.119446	21.588744
128	9400	858	0.015000	0 	 35 	13390	0.817261	0.831360	0.003601	4.517866
128	9400	859	0.015000	0 	 10 	7	0.000427	0.001587	0.000427	1.470804
128	9400	860	0.015000	0 	 10 	10	0.000610	0.002380	0.000610	1.949359
128	9400	861	0.015000	0 	 5 	7	0.000427	0.000732	0.000427	1.030158
128	9400	862	0.015000	0 	 0 	0	0.000000	0.000000	0.000000	0.000000
128	9400	863	0.015000	0 	 127 	5022	0.306519	0.340881	0.002625	3.545577
128	9400	864	0.015000	0 	 28 	16	0.000977	0.005859	0.000977	1.931442
128	9400	865	0.015000	0 	 42 	13	0.000793	0.008179	0.000793	1.849356
128	9400	866	0.015000	0 	 44 	9	0.000549	0.007935	0.000549	1.812167
128	9400	867	0.015000	0 	 6 	5	0.000305	0.000671	0.000305	1.095445
128	9400	868	0.015000	0 	 3 	3	0.000183	0.000366	0.000183	0.666667
128	9400	869	0.015000	0 	 14 	14	0.000854	0.002930	0.000854	1.900591
128	9400	870	0.015000	0 	 9 	8	0.000488	0.001282	0.000488	1.243734
128	9400	871	0.015000	0 	 33 	9	0.000549	0.005676	0.000549	1.196703
128	9400	872	0.015000	0 	 1 	16124	0.984131	0.984131	0.000000	0.000000
128	9400	873	0.015000	0 	 10 	19	0.001160	0.002380	0.001160	2.301391
128	9400	874	0.015000	0 	 113 	64	0.003906	0.035950	0.003906	4.083061
128	9400	875	0.015000	0 	 121 	7739	0.472351	0.503113	0.001953	2.850952
128	9400	876	0.015000	0 	 12 	16	0.000977	0.002319	0.000977	2.026196
128	9400	877	0.015000	0 	 2 	9	0.000549	0.000610	0.000549	1.563472
128	9400	878	0.015000	0 	 7 	15	0.000916	0.001709	0.000916	2.377674
128	9400	879	0.015000	0 	 171 	3279	0.200134	0.253052	0.200134	26.244919
128	9400	880	0.015000	0 	 1 	6	0.000366	0.000366	0.000366	1.536591
128	9400	881	0.015000	0 	 42 	8	0.000488	0.006165	0.000488	1.639360
128	9400	882	0.015000	0 	 0 	0	0.000000	0.000000	0.000000	0.000000
128	9400	883	0.015000	0 	 95 	19	0.001160	0.022095	0.001160	2.426767
128	9400	884	0.015000	0 	 4 	4	0.000244	0.000549	0.000244	0.866025
128	9400	885	0.015000	0 	 37 	13461	0.821594	0.830566	0.001465	2.722080
128	9400	886	0.015000	0 	 0 	0	0.000000	0.000000	0.000000	0.000000
128	9400	887	0.015000	0 	 179 	3019	0.184265	0.240540	0.184265	26.400455
128	9400	888	0.015000	0 	 2 	2	0.000122	0.000183	0.000122	0.500000
128	9400	889	0.015000	0 	 152 	1224	0.074707	0.124451	0.074707	17.708126
128	9400	890	0.015000	0 	 22 	12	0.000732	0.004333	0.000732	2.139250
128	9400	891	0.015000	0 	 9 	6	0.000366	0.001343	0.000366	1.166667
128	9400	892	0.015000	0 	 23 	22	0.001343	0.005249	0.001343	2.344767
128	9400	893	0.015000	0 	 0 	0	0.000000	0.000000	0.000000	0.000000
128	9400	894	0.015000	0 	 141 	5586	0.340942	0.390930	0.340942	33.292516
128	9400	895	0.015000	0 	 12 	7	0.000427	0.001892	0.000427	1.142857
128	9400	896	0.015000	0 	 1 	16123	0.984070	0.984070	0.000000	0.000000
128	9400	897	0.015000	0 	 138 	114	0.006958	0.039917	0.006958	6.419357
128	9400	898	0.015000	0 	 47 	12	0.000732	0.008972	0.000732	1.572330
128	9400	899	0.015000	0 	 3 	2	0.000122	0.000305	0.000122	0.500000
128	9400	900	0.015000	0 	 167 	3320	0.202637	0.251892	0.202637	28.386320
128	9400	901	0.015000	0 	 4 	7	0.000427	0.000854	0.000427	1.261680
128	9400	902	0.015000	0 	 138 	1396	0.085205	0.139709	0.085205	18.226187
128	9400	903	0.015000	0 	 141 	2322	0.141724	0.184753	0.141724	23.435743
128	9400	904	0.015000	0 	 45 	17	0.001038	0.010010	0.001038	2.049559
128	9400	905	0.015000	0 	 5 	15617	0.953186	0.953430	0.000061	0.000000
128	9400	906	0.015000	0 	 0 	0	0.000000	0.000000	0.000000	0.000000
128	9400	907	0.015000	0 	 26 	22	0.001343	0.005371	0.001343	2.747275
128	9400	908	0.015000	0 	 6 	16	0.000977	0.002075	0.000977	2.432688
128	9400	909	0.015000	0 	 11 	8	0.000488	0.002563	0.000488	1.634587
128	9400	910	0.015000	0 	 4 	1	0.000061	0.000244	0.000061	0.000000
128	9400	911	0.015000	0 	 5 	4	0.000244	0.000610	0.000244	0.866025
128	9400	912	0.015000	0 	 0 	0	0.000000	0.000000	0.000000	0.000000
128	9400	913	0.015000	0 	 145 	106	0.006470	0.042297	0.006470	7.695949
128	9400	914	0.015000	0 	 4 	6	0.000366	0.001038	0.000366	1.394433
128	9400	915	0.015000	0 	 4 	7	0.000427	0.000610	0.000427	1.665986
128	9400	916	0.015000	0 	 53 	13	0.000793	0.010559	0.000793	1.617215
128	9400	917	0.015000	0 	 164 	2377	0.145081	0.211731	0.145081	24.258486
128	9400	918	0.015000	0 	 172 	2609	0.159241	0.211914	0.159241	24.019953
128	9400	919	0.015000	0 	 132 	44	0.002686	0.036194	0.002686	3.555348
128	9400	920	0.015000	0 	 129 	34	0.002075	0.034424	0.002075	2.648529
128	9400	921	0.015000	0 	 143 	3614	0.220581	0.270142	0.220581	27.853257
128	9400	922	0.015000	0 	 0 	0	0.000000	0.000000	0.000000	0.000000
128	9400	923	0.015000	0 	 47 	9	0.000549	0.008240	0.000549	1.802776
128	9400	924	0.015000	0 	 8 	9	0.000549	0.001648	0.000549	1.507184
128	9400	925	0.015000	0 	 8 	6	0.000366	0.001038	0.000366	1.130388
128	9400	926	0.015000	0 	 44 	14	0.000854	0.009338	0.000854	1.900591
128	9400	927	0.015000	0 	 1 	2	0.000122	0.000122	0.000122	0.500000
128	9400	928	0.015000	0 	 5 	18	0.001099	0.001770	0.001099	2.427975
128	9400	929	0.015000	0 	 10 	12	0.000732	0.002502	0.000732	1.730045
128	9400	930	0.015000	0 	 0 	0	0.000000	0.000000	0.000000	0.000000
128	9400	931	0.015000	0 	 143 	114	0.006958	0.052063	0.006958	7.755934
128	9400	932	0.015000	0 	 152 	2810	0.171509	0.208923	0.171509	25.165112
128	9400	933	0.015000	0 	 52 	11	0.000671	0.010071	0.000671	1.691007
128	9400	934	0.015000	0 	 12 	8	0.000488	0.002014	0.000488	1.536026
128	9400	935	0.015000	0 	 7 	6	0.000366	0.000977	0.000366	1.067187
128	9400	936	0.015000	0 	 0 	0	0.000000	0.000000	0.000000	0.000000
128	9400	937	0.015000	0 	 115 	7791	0.475525	0.513428	0.004333	5.861389
128	9400	938	0.015000	0 	 120 	2096	0.127930	0.170715	0.127930	22.806131
128	9400	939	0.015000	0 	 19 	15	0.000916	0.005493	0.000916	1.791337
128	9400	940	0.015000	0 	 20 	14752	0.900391	0.903748	0.000488	1.172604
128	9400	941	0.015000	0 	 101 	9715	0.592957	0.619324	0.002014	2.686565
128	9400	942	0.015000	0 	 153 	3161	0.192932	0.255371	0.192932	26.068338
128	9400	943	0.015000	0 	 0 	0	0.000000	0.000000	0.000000	0.000000
128	9400	944	0.015000	0 	 208 	4159	0.253845	0.312866	0.253845	31.067537
128	9400	945	0.015000	0 	 16 	6	0.000366	0.002319	0.000366	0.971825
128	9400	946	0.015000	0 	 22 	12	0.000732	0.005127	0.000732	1.883776
128	9400	947	0.015000	0 	 148 	391	0.023865	0.080078	0.023865	12.124158
128	9400	948	0.015000	0 	 1 	5	0.000305	0.000305	0.000305	1.019804
128	9400	949	0.015000	0 	 1 	4	0.000244	0.000244	0.000244	0.866025
128	9400	950	0.015000	0 	 3 	2	0.000122	0.000305	0.000122	0.500000
128	9400	951	0.015000	0 	 6 	19	0.001160	0.001770	0.001160	2.434744
128	9400	952	0.015000	0 	 10 	13	0.000793	0.003113	0.000793	1.483639
128	9400	953	0.015000	0 	 0 	0	0.000000	0.000000	0.000000	0.000000
128	9400	954	0.015000	0 	 130 	2206	0.134644	0.185120	0.134644	22.880895
128	9400	955	0.015000	0 	 27 	16	0.000977	0.005798	0.000977	2.277608
128	9400	956	0.015000	0 	 0 	0	0.000000	0.000000	0.000000	0.000000
128	9400	957	0.015000	0 	 4 	21	0.001282	0.001526	0.001282	2.040408
128	9400	958	0.015000	0 	 3 	15449	0.942932	0.943054	0.000061	0.000000
128	9400	959	0.015000	0 	 148 	3143	0.191833	0.242920	0.191833	25.882156
128	9400	960	0.015000	0 	 9 	11	0.000671	0.002014	0.000671	1.443137
128	9400	961	0.015000	0 	 22 	7	0.000427	0.003113	0.000427	1.124858
128	9400	962	0.015000	0 	 0 	0	0.000000	0.000000	0.000000	0.000000
128	9400	963	0.015000	0 	 148 	2495	0.152283	0.202393	0.152283	23.582406
128	9400	964	0.015000	0 	 0 	0	0.000000	0.000000	0.000000	0.000000
128	9400	965	0.015000	0 	 10 	10	0.000610	0.001831	0.000610	1.431782
128	9400	966	0.015000	0 	 2 	4	0.000244	0.000366	0.000244	0.707107
128	9400	967	0.015000	0 	 0 	0	0.000000	0.000000	0.000000	0.000000
128	9400	968	0.015000	0 	 153 	2235	0.136414	0.187988	0.136414	22.753544
128	9400	969	0.015000	0 	 0 	0	0.000000	0.000000	0.000000	0.000000
128	9400	970	0.015000	0 	 22 	9	0.000549	0.004150	0.000549	1.257079
128	9400	971	0.015000	0 	 4 	3	0.000183	0.000366	0.000183	0.816497
128	9400	972	0.015000	0 	 1 	15703	0.958435	0.958435	0.000000	0.000000
128	9400	973	0.015000	0 	 0 	0	0.000000	0.000000	0.000000	0.000000
128	9400	974	0.015000	0 	 4 	5	0.000305	0.000671	0.000305	1.131371
128	9400	975	0.015000	0 	 162 	2805	0.171204	0.221191	0.171204	25.043231
128	9400	976	0.015000	0 	 13 	9	0.000549	0.002869	0.000549	1.295767
128	9400	977	0.015000	0 	 0 	0	0.000000	0.000000	0.000000	0.000000
128	9400	978	0.015000	0 	 4 	6	0.000366	0.000793	0.000366	1.258306
128	9400	979	0.015000	0 	 3 	2	0.000122	0.000244	0.000122	0.500000
128	9400	980	0.015000	0 	 4 	4	0.000244	0.000732	0.000244	0.707107
128	9400	981	0.015000	0 	 8 	6	0.000366	0.001221	0.000366	1.130388
128	9400	982	0.015000	0 	 33 	9	0.000549	0.005676	0.000549	1.295767
128	9400	983	0.015000	0 	 9 	5	0.000305	0.001343	0.000305	1.131371
128	9400	984	0.015000	0 	 28 	25	0.001526	0.006531	0.001526	2.372509
128	9400	985	0.015000	0 	 2 	12	0.000732	0.000854	0.000732	1.984313
128	9400	986	0.015000	0 	 10 	8	0.000488	0.001892	0.000488	1.690309
128	9400	987	0.015000	0 	 29 	14235	0.868835	0.877380	0.002197	3.099047
128	9400	988	0.015000	0 	 178 	2179	0.132996	0.180786	0.132996	23.052628
128	9400	989	0.015000	0 	 29 	19	0.001160	0.006348	0.001160	2.854748
128	9400	990	0.015000	0 	 135 	34	0.002075	0.041992	0.002075	4.158585
128	9400	991	0.015000	0 	 17 	5	0.000305	0.002258	0.000305	1.019804
128	9400	992	0.015000	0 	 3 	5	0.000305	0.000732	0.000305	0.894427
128	9400	993	0.015000	0 	 1 	16069	0.980774	0.980774	0.000000	0.000000
128	9400	994	0.015000	0 	 80 	13	0.000793	0.016296	0.000793	1.896743
128	9400	995	0.015000	0 	 6 	7	0.000427	0.001221	0.000427	1.428571
128	9400	996	0.015000	0 	 0 	0	0.000000	0.000000	0.000000	0.000000
128	9400	997	0.015000	0 	 149 	2616	0.159668	0.198181	0.159668	25.322890
128	9400	998	0.015000	0 	 163 	4104	0.250488	0.297668	0.250488	29.000766
128	9400	999	0.015000	0 	 3 	2	0.000122	0.000244	0.000122	0.500000
128	9400	1000	0.015000	0 	 6 	7	0.000427	0.001099	0.000427	1.484615
