128	9600	1	0.015000	3 	 1 	16145	0.985413	0.985413	0.000000	0.000000
128	9600	2	0.015000	3 	 1 	16168	0.986816	0.986816	0.000000	0.000000
128	9600	3	0.015000	3 	 1 	16141	0.985168	0.985168	0.000000	0.000000
128	9600	4	0.015000	3 	 1 	16108	0.983154	0.983154	0.000000	0.000000
128	9600	5	0.015000	3 	 1 	16121	0.983948	0.983948	0.000000	0.000000
128	9600	6	0.015000	3 	 1 	16170	0.986938	0.986938	0.000000	0.000000
128	9600	7	0.015000	3 	 1 	16156	0.986084	0.986084	0.000000	0.000000
128	9600	8	0.015000	3 	 1 	16156	0.986084	0.986084	0.000000	0.000000
128	9600	9	0.015000	3 	 19 	14558	0.888550	0.895325	0.002014	2.934174
128	9600	10	0.015000	3 	 1 	16138	0.984985	0.984985	0.000000	0.000000
128	9600	11	0.015000	3 	 1 	16158	0.986206	0.986206	0.000000	0.000000
128	9600	12	0.015000	3 	 1 	16126	0.984253	0.984253	0.000000	0.000000
128	9600	13	0.015000	3 	 1 	16136	0.984863	0.984863	0.000000	0.000000
128	9600	14	0.015000	3 	 1 	16113	0.983459	0.983459	0.000000	0.000000
128	9600	15	0.015000	3 	 1 	16139	0.985046	0.985046	0.000000	0.000000
128	9600	16	0.015000	3 	 1 	16133	0.984680	0.984680	0.000000	0.000000
128	9600	17	0.015000	3 	 1 	16127	0.984314	0.984314	0.000000	0.000000
128	9600	18	0.015000	3 	 1 	16145	0.985413	0.985413	0.000000	0.000000
128	9600	19	0.015000	3 	 1 	16127	0.984314	0.984314	0.000000	0.000000
128	9600	20	0.015000	3 	 1 	16123	0.984070	0.984070	0.000000	0.000000
128	9600	21	0.015000	3 	 1 	16150	0.985718	0.985718	0.000000	0.000000
128	9600	22	0.015000	3 	 1 	16134	0.984741	0.984741	0.000000	0.000000
128	9600	23	0.015000	3 	 1 	16150	0.985718	0.985718	0.000000	0.000000
128	9600	24	0.015000	3 	 1 	16120	0.983887	0.983887	0.000000	0.000000
128	9600	25	0.015000	3 	 1 	16124	0.984131	0.984131	0.000000	0.000000
128	9600	26	0.015000	3 	 1 	16121	0.983948	0.983948	0.000000	0.000000
128	9600	27	0.015000	3 	 1 	16126	0.984253	0.984253	0.000000	0.000000
128	9600	28	0.015000	3 	 1 	16140	0.985107	0.985107	0.000000	0.000000
128	9600	29	0.015000	3 	 1 	16159	0.986267	0.986267	0.000000	0.000000
128	9600	30	0.015000	3 	 1 	16167	0.986755	0.986755	0.000000	0.000000
128	9600	31	0.015000	3 	 1 	16130	0.984497	0.984497	0.000000	0.000000
128	9600	32	0.015000	3 	 1 	16112	0.983398	0.983398	0.000000	0.000000
128	9600	33	0.015000	3 	 1 	16133	0.984680	0.984680	0.000000	0.000000
128	9600	34	0.015000	3 	 1 	16124	0.984131	0.984131	0.000000	0.000000
128	9600	35	0.015000	3 	 1 	15871	0.968689	0.968689	0.000000	0.000000
128	9600	36	0.015000	3 	 1 	16145	0.985413	0.985413	0.000000	0.000000
128	9600	37	0.015000	3 	 1 	16150	0.985718	0.985718	0.000000	0.000000
128	9600	38	0.015000	3 	 1 	16137	0.984924	0.984924	0.000000	0.000000
128	9600	39	0.015000	3 	 1 	16138	0.984985	0.984985	0.000000	0.000000
128	9600	40	0.015000	3 	 1 	16132	0.984619	0.984619	0.000000	0.000000
128	9600	41	0.015000	3 	 72 	10319	0.629822	0.650513	0.001709	2.899243
128	9600	42	0.015000	3 	 1 	16144	0.985352	0.985352	0.000000	0.000000
128	9600	43	0.015000	3 	 1 	16126	0.984253	0.984253	0.000000	0.000000
128	9600	44	0.015000	3 	 1 	16134	0.984741	0.984741	0.000000	0.000000
128	9600	45	0.015000	3 	 1 	16153	0.985901	0.985901	0.000000	0.000000
128	9600	46	0.015000	3 	 1 	16136	0.984863	0.984863	0.000000	0.000000
128	9600	47	0.015000	3 	 1 	16145	0.985413	0.985413	0.000000	0.000000
128	9600	48	0.015000	3 	 1 	16135	0.984802	0.984802	0.000000	0.000000
128	9600	49	0.015000	3 	 1 	16141	0.985168	0.985168	0.000000	0.000000
128	9600	50	0.015000	3 	 1 	16126	0.984253	0.984253	0.000000	0.000000
128	9600	51	0.015000	3 	 1 	16142	0.985229	0.985229	0.000000	0.000000
128	9600	52	0.015000	3 	 1 	16143	0.985291	0.985291	0.000000	0.000000
128	9600	53	0.015000	3 	 1 	16133	0.984680	0.984680	0.000000	0.000000
128	9600	54	0.015000	3 	 1 	16138	0.984985	0.984985	0.000000	0.000000
128	9600	55	0.015000	3 	 1 	16128	0.984375	0.984375	0.000000	0.000000
128	9600	56	0.015000	3 	 1 	16163	0.986511	0.986511	0.000000	0.000000
128	9600	57	0.015000	3 	 1 	16146	0.985474	0.985474	0.000000	0.000000
128	9600	58	0.015000	3 	 1 	16127	0.984314	0.984314	0.000000	0.000000
128	9600	59	0.015000	3 	 1 	16125	0.984192	0.984192	0.000000	0.000000
128	9600	60	0.015000	3 	 1 	16153	0.985901	0.985901	0.000000	0.000000
128	9600	61	0.015000	3 	 1 	16110	0.983276	0.983276	0.000000	0.000000
128	9600	62	0.015000	3 	 1 	16137	0.984924	0.984924	0.000000	0.000000
128	9600	63	0.015000	3 	 1 	16133	0.984680	0.984680	0.000000	0.000000
128	9600	64	0.015000	3 	 1 	16190	0.988159	0.988159	0.000000	0.000000
128	9600	65	0.015000	3 	 1 	16133	0.984680	0.984680	0.000000	0.000000
128	9600	66	0.015000	3 	 14 	14746	0.900024	0.901611	0.000610	1.536229
128	9600	67	0.015000	3 	 1 	16128	0.984375	0.984375	0.000000	0.000000
128	9600	68	0.015000	3 	 1 	16133	0.984680	0.984680	0.000000	0.000000
128	9600	69	0.015000	3 	 1 	16118	0.983765	0.983765	0.000000	0.000000
128	9600	70	0.015000	3 	 1 	16151	0.985779	0.985779	0.000000	0.000000
128	9600	71	0.015000	3 	 1 	16144	0.985352	0.985352	0.000000	0.000000
128	9600	72	0.015000	3 	 1 	16136	0.984863	0.984863	0.000000	0.000000
128	9600	73	0.015000	3 	 1 	16152	0.985840	0.985840	0.000000	0.000000
128	9600	74	0.015000	3 	 1 	16149	0.985657	0.985657	0.000000	0.000000
128	9600	75	0.015000	3 	 1 	16133	0.984680	0.984680	0.000000	0.000000
128	9600	76	0.015000	3 	 1 	16152	0.985840	0.985840	0.000000	0.000000
128	9600	77	0.015000	3 	 1 	16164	0.986572	0.986572	0.000000	0.000000
128	9600	78	0.015000	3 	 1 	16129	0.984436	0.984436	0.000000	0.000000
128	9600	79	0.015000	3 	 1 	16146	0.985474	0.985474	0.000000	0.000000
128	9600	80	0.015000	3 	 1 	16139	0.985046	0.985046	0.000000	0.000000
128	9600	81	0.015000	3 	 1 	16137	0.984924	0.984924	0.000000	0.000000
128	9600	82	0.015000	3 	 1 	16136	0.984863	0.984863	0.000000	0.000000
128	9600	83	0.015000	3 	 1 	16130	0.984497	0.984497	0.000000	0.000000
128	9600	84	0.015000	3 	 35 	13430	0.819702	0.823608	0.000488	1.311011
128	9600	85	0.015000	3 	 1 	16146	0.985474	0.985474	0.000000	0.000000
128	9600	86	0.015000	3 	 1 	16105	0.982971	0.982971	0.000000	0.000000
128	9600	87	0.015000	3 	 1 	16151	0.985779	0.985779	0.000000	0.000000
128	9600	88	0.015000	3 	 1 	16127	0.984314	0.984314	0.000000	0.000000
128	9600	89	0.015000	3 	 1 	16082	0.981567	0.981567	0.000000	0.000000
128	9600	90	0.015000	3 	 1 	16146	0.985474	0.985474	0.000000	0.000000
128	9600	91	0.015000	3 	 1 	16136	0.984863	0.984863	0.000000	0.000000
128	9600	92	0.015000	3 	 1 	16152	0.985840	0.985840	0.000000	0.000000
128	9600	93	0.015000	3 	 1 	16130	0.984497	0.984497	0.000000	0.000000
128	9600	94	0.015000	3 	 1 	16124	0.984131	0.984131	0.000000	0.000000
128	9600	95	0.015000	3 	 1 	16125	0.984192	0.984192	0.000000	0.000000
128	9600	96	0.015000	3 	 1 	16123	0.984070	0.984070	0.000000	0.000000
128	9600	97	0.015000	3 	 1 	16133	0.984680	0.984680	0.000000	0.000000
128	9600	98	0.015000	3 	 1 	16156	0.986084	0.986084	0.000000	0.000000
128	9600	99	0.015000	3 	 1 	16157	0.986145	0.986145	0.000000	0.000000
128	9600	100	0.015000	3 	 1 	16133	0.984680	0.984680	0.000000	0.000000
128	9600	101	0.015000	3 	 1 	16145	0.985413	0.985413	0.000000	0.000000
128	9600	102	0.015000	3 	 8 	14925	0.910950	0.911560	0.000183	0.816497
128	9600	103	0.015000	3 	 1 	16142	0.985229	0.985229	0.000000	0.000000
128	9600	104	0.015000	3 	 1 	16143	0.985291	0.985291	0.000000	0.000000
128	9600	105	0.015000	3 	 1 	16135	0.984802	0.984802	0.000000	0.000000
128	9600	106	0.015000	3 	 1 	16135	0.984802	0.984802	0.000000	0.000000
128	9600	107	0.015000	3 	 1 	16129	0.984436	0.984436	0.000000	0.000000
128	9600	108	0.015000	3 	 1 	16149	0.985657	0.985657	0.000000	0.000000
128	9600	109	0.015000	3 	 1 	16145	0.985413	0.985413	0.000000	0.000000
128	9600	110	0.015000	3 	 1 	16168	0.986816	0.986816	0.000000	0.000000
128	9600	111	0.015000	3 	 1 	16129	0.984436	0.984436	0.000000	0.000000
128	9600	112	0.015000	3 	 1 	16164	0.986572	0.986572	0.000000	0.000000
128	9600	113	0.015000	3 	 1 	16158	0.986206	0.986206	0.000000	0.000000
128	9600	114	0.015000	3 	 1 	16136	0.984863	0.984863	0.000000	0.000000
128	9600	115	0.015000	3 	 1 	16132	0.984619	0.984619	0.000000	0.000000
128	9600	116	0.015000	3 	 1 	16124	0.984131	0.984131	0.000000	0.000000
128	9600	117	0.015000	3 	 1 	16129	0.984436	0.984436	0.000000	0.000000
128	9600	118	0.015000	3 	 1 	16144	0.985352	0.985352	0.000000	0.000000
128	9600	119	0.015000	3 	 1 	16129	0.984436	0.984436	0.000000	0.000000
128	9600	120	0.015000	3 	 1 	16160	0.986328	0.986328	0.000000	0.000000
128	9600	121	0.015000	3 	 1 	16121	0.983948	0.983948	0.000000	0.000000
128	9600	122	0.015000	3 	 1 	16150	0.985718	0.985718	0.000000	0.000000
128	9600	123	0.015000	3 	 1 	16155	0.986023	0.986023	0.000000	0.000000
128	9600	124	0.015000	3 	 1 	16124	0.984131	0.984131	0.000000	0.000000
128	9600	125	0.015000	3 	 1 	16124	0.984131	0.984131	0.000000	0.000000
128	9600	126	0.015000	3 	 1 	16139	0.985046	0.985046	0.000000	0.000000
128	9600	127	0.015000	3 	 1 	16143	0.985291	0.985291	0.000000	0.000000
128	9600	128	0.015000	3 	 1 	16122	0.984009	0.984009	0.000000	0.000000
128	9600	129	0.015000	3 	 1 	16155	0.986023	0.986023	0.000000	0.000000
128	9600	130	0.015000	3 	 1 	16145	0.985413	0.985413	0.000000	0.000000
128	9600	131	0.015000	3 	 1 	16118	0.983765	0.983765	0.000000	0.000000
128	9600	132	0.015000	3 	 1 	16138	0.984985	0.984985	0.000000	0.000000
128	9600	133	0.015000	3 	 1 	16135	0.984802	0.984802	0.000000	0.000000
128	9600	134	0.015000	3 	 1 	16131	0.984558	0.984558	0.000000	0.000000
128	9600	135	0.015000	3 	 1 	16131	0.984558	0.984558	0.000000	0.000000
128	9600	136	0.015000	3 	 1 	16151	0.985779	0.985779	0.000000	0.000000
128	9600	137	0.015000	3 	 257 	1770	0.108032	0.196106	0.108032	20.994757
128	9600	138	0.015000	3 	 1 	16152	0.985840	0.985840	0.000000	0.000000
128	9600	139	0.015000	3 	 15 	15015	0.916443	0.918762	0.000549	1.295767
128	9600	140	0.015000	3 	 1 	16144	0.985352	0.985352	0.000000	0.000000
128	9600	141	0.015000	3 	 1 	16140	0.985107	0.985107	0.000000	0.000000
128	9600	142	0.015000	3 	 1 	16148	0.985596	0.985596	0.000000	0.000000
128	9600	143	0.015000	3 	 1 	16114	0.983521	0.983521	0.000000	0.000000
128	9600	144	0.015000	3 	 1 	16133	0.984680	0.984680	0.000000	0.000000
128	9600	145	0.015000	3 	 1 	16154	0.985962	0.985962	0.000000	0.000000
128	9600	146	0.015000	3 	 1 	16137	0.984924	0.984924	0.000000	0.000000
128	9600	147	0.015000	3 	 1 	16135	0.984802	0.984802	0.000000	0.000000
128	9600	148	0.015000	3 	 195 	4061	0.247864	0.308350	0.247864	32.063305
128	9600	149	0.015000	3 	 1 	16119	0.983826	0.983826	0.000000	0.000000
128	9600	150	0.015000	3 	 1 	16147	0.985535	0.985535	0.000000	0.000000
128	9600	151	0.015000	3 	 1 	16135	0.984802	0.984802	0.000000	0.000000
128	9600	152	0.015000	3 	 1 	16156	0.986084	0.986084	0.000000	0.000000
128	9600	153	0.015000	3 	 1 	16144	0.985352	0.985352	0.000000	0.000000
128	9600	154	0.015000	3 	 1 	15725	0.959778	0.959778	0.000000	0.000000
128	9600	155	0.015000	3 	 1 	16117	0.983704	0.983704	0.000000	0.000000
128	9600	156	0.015000	3 	 1 	16121	0.983948	0.983948	0.000000	0.000000
128	9600	157	0.015000	3 	 1 	16147	0.985535	0.985535	0.000000	0.000000
128	9600	158	0.015000	3 	 1 	16110	0.983276	0.983276	0.000000	0.000000
128	9600	159	0.015000	3 	 1 	16155	0.986023	0.986023	0.000000	0.000000
128	9600	160	0.015000	3 	 1 	16150	0.985718	0.985718	0.000000	0.000000
128	9600	161	0.015000	3 	 1 	16154	0.985962	0.985962	0.000000	0.000000
128	9600	162	0.015000	3 	 1 	16145	0.985413	0.985413	0.000000	0.000000
128	9600	163	0.015000	3 	 1 	16143	0.985291	0.985291	0.000000	0.000000
128	9600	164	0.015000	3 	 1 	16131	0.984558	0.984558	0.000000	0.000000
128	9600	165	0.015000	3 	 1 	16115	0.983582	0.983582	0.000000	0.000000
128	9600	166	0.015000	3 	 190 	6160	0.375977	0.438354	0.375977	36.222924
128	9600	167	0.015000	3 	 1 	16165	0.986633	0.986633	0.000000	0.000000
128	9600	168	0.015000	3 	 1 	16117	0.983704	0.983704	0.000000	0.000000
128	9600	169	0.015000	3 	 1 	16132	0.984619	0.984619	0.000000	0.000000
128	9600	170	0.015000	3 	 1 	16116	0.983643	0.983643	0.000000	0.000000
128	9600	171	0.015000	3 	 3 	15498	0.945923	0.946045	0.000061	0.000000
128	9600	172	0.015000	3 	 1 	16124	0.984131	0.984131	0.000000	0.000000
128	9600	173	0.015000	3 	 1 	16135	0.984802	0.984802	0.000000	0.000000
128	9600	174	0.015000	3 	 1 	16140	0.985107	0.985107	0.000000	0.000000
128	9600	175	0.015000	3 	 26 	13416	0.818848	0.823242	0.000671	2.158971
128	9600	176	0.015000	3 	 1 	16133	0.984680	0.984680	0.000000	0.000000
128	9600	177	0.015000	3 	 1 	16122	0.984009	0.984009	0.000000	0.000000
128	9600	178	0.015000	3 	 1 	16138	0.984985	0.984985	0.000000	0.000000
128	9600	179	0.015000	3 	 1 	16132	0.984619	0.984619	0.000000	0.000000
128	9600	180	0.015000	3 	 1 	16129	0.984436	0.984436	0.000000	0.000000
128	9600	181	0.015000	3 	 57 	12717	0.776184	0.791992	0.002808	3.431823
128	9600	182	0.015000	3 	 1 	16152	0.985840	0.985840	0.000000	0.000000
128	9600	183	0.015000	3 	 74 	11543	0.704529	0.723633	0.001831	3.428151
128	9600	184	0.015000	3 	 1 	16149	0.985657	0.985657	0.000000	0.000000
128	9600	185	0.015000	3 	 1 	16143	0.985291	0.985291	0.000000	0.000000
128	9600	186	0.015000	3 	 1 	16122	0.984009	0.984009	0.000000	0.000000
128	9600	187	0.015000	3 	 1 	16126	0.984253	0.984253	0.000000	0.000000
128	9600	188	0.015000	3 	 188 	5870	0.358276	0.429688	0.006653	6.742239
128	9600	189	0.015000	3 	 1 	16140	0.985107	0.985107	0.000000	0.000000
128	9600	190	0.015000	3 	 1 	16126	0.984253	0.984253	0.000000	0.000000
128	9600	191	0.015000	3 	 1 	16115	0.983582	0.983582	0.000000	0.000000
128	9600	192	0.015000	3 	 1 	16107	0.983093	0.983093	0.000000	0.000000
128	9600	193	0.015000	3 	 1 	16115	0.983582	0.983582	0.000000	0.000000
128	9600	194	0.015000	3 	 1 	16131	0.984558	0.984558	0.000000	0.000000
128	9600	195	0.015000	3 	 1 	16127	0.984314	0.984314	0.000000	0.000000
128	9600	196	0.015000	3 	 1 	16134	0.984741	0.984741	0.000000	0.000000
128	9600	197	0.015000	3 	 1 	16146	0.985474	0.985474	0.000000	0.000000
128	9600	198	0.015000	3 	 1 	16150	0.985718	0.985718	0.000000	0.000000
128	9600	199	0.015000	3 	 1 	16131	0.984558	0.984558	0.000000	0.000000
128	9600	200	0.015000	3 	 1 	16153	0.985901	0.985901	0.000000	0.000000
128	9600	201	0.015000	3 	 2 	15775	0.962830	0.962891	0.000061	0.000000
128	9600	202	0.015000	3 	 1 	16130	0.984497	0.984497	0.000000	0.000000
128	9600	203	0.015000	3 	 1 	16153	0.985901	0.985901	0.000000	0.000000
128	9600	204	0.015000	3 	 1 	16155	0.986023	0.986023	0.000000	0.000000
128	9600	205	0.015000	3 	 1 	16133	0.984680	0.984680	0.000000	0.000000
128	9600	206	0.015000	3 	 1 	16121	0.983948	0.983948	0.000000	0.000000
128	9600	207	0.015000	3 	 1 	16127	0.984314	0.984314	0.000000	0.000000
128	9600	208	0.015000	3 	 1 	16132	0.984619	0.984619	0.000000	0.000000
128	9600	209	0.015000	3 	 1 	16110	0.983276	0.983276	0.000000	0.000000
128	9600	210	0.015000	3 	 1 	16127	0.984314	0.984314	0.000000	0.000000
128	9600	211	0.015000	3 	 1 	16139	0.985046	0.985046	0.000000	0.000000
128	9600	212	0.015000	3 	 1 	16149	0.985657	0.985657	0.000000	0.000000
128	9600	213	0.015000	3 	 1 	16150	0.985718	0.985718	0.000000	0.000000
128	9600	214	0.015000	3 	 1 	16102	0.982788	0.982788	0.000000	0.000000
128	9600	215	0.015000	3 	 1 	16130	0.984497	0.984497	0.000000	0.000000
128	9600	216	0.015000	3 	 1 	16136	0.984863	0.984863	0.000000	0.000000
128	9600	217	0.015000	3 	 1 	16139	0.985046	0.985046	0.000000	0.000000
128	9600	218	0.015000	3 	 92 	9964	0.608154	0.638855	0.003113	4.418774
128	9600	219	0.015000	3 	 1 	16124	0.984131	0.984131	0.000000	0.000000
128	9600	220	0.015000	3 	 1 	16138	0.984985	0.984985	0.000000	0.000000
128	9600	221	0.015000	3 	 1 	16133	0.984680	0.984680	0.000000	0.000000
128	9600	222	0.015000	3 	 1 	16111	0.983337	0.983337	0.000000	0.000000
128	9600	223	0.015000	3 	 1 	16141	0.985168	0.985168	0.000000	0.000000
128	9600	224	0.015000	3 	 1 	16128	0.984375	0.984375	0.000000	0.000000
128	9600	225	0.015000	3 	 1 	16122	0.984009	0.984009	0.000000	0.000000
128	9600	226	0.015000	3 	 1 	16138	0.984985	0.984985	0.000000	0.000000
128	9600	227	0.015000	3 	 1 	16114	0.983521	0.983521	0.000000	0.000000
128	9600	228	0.015000	3 	 1 	16128	0.984375	0.984375	0.000000	0.000000
128	9600	229	0.015000	3 	 1 	16136	0.984863	0.984863	0.000000	0.000000
128	9600	230	0.015000	3 	 1 	16141	0.985168	0.985168	0.000000	0.000000
128	9600	231	0.015000	3 	 1 	16174	0.987183	0.987183	0.000000	0.000000
128	9600	232	0.015000	3 	 1 	16146	0.985474	0.985474	0.000000	0.000000
128	9600	233	0.015000	3 	 1 	16142	0.985229	0.985229	0.000000	0.000000
128	9600	234	0.015000	3 	 1 	16114	0.983521	0.983521	0.000000	0.000000
128	9600	235	0.015000	3 	 1 	16109	0.983215	0.983215	0.000000	0.000000
128	9600	236	0.015000	3 	 5 	15624	0.953613	0.953918	0.000122	0.500000
128	9600	237	0.015000	3 	 1 	16142	0.985229	0.985229	0.000000	0.000000
128	9600	238	0.015000	3 	 1 	16156	0.986084	0.986084	0.000000	0.000000
128	9600	239	0.015000	3 	 1 	16128	0.984375	0.984375	0.000000	0.000000
128	9600	240	0.015000	3 	 1 	16148	0.985596	0.985596	0.000000	0.000000
128	9600	241	0.015000	3 	 127 	6770	0.413208	0.457458	0.003906	4.103519
128	9600	242	0.015000	3 	 1 	16149	0.985657	0.985657	0.000000	0.000000
128	9600	243	0.015000	3 	 1 	16058	0.980103	0.980103	0.000000	0.000000
128	9600	244	0.015000	3 	 1 	16146	0.985474	0.985474	0.000000	0.000000
128	9600	245	0.015000	3 	 1 	16160	0.986328	0.986328	0.000000	0.000000
128	9600	246	0.015000	3 	 1 	16153	0.985901	0.985901	0.000000	0.000000
128	9600	247	0.015000	3 	 1 	16138	0.984985	0.984985	0.000000	0.000000
128	9600	248	0.015000	3 	 1 	16169	0.986877	0.986877	0.000000	0.000000
128	9600	249	0.015000	3 	 1 	16139	0.985046	0.985046	0.000000	0.000000
128	9600	250	0.015000	3 	 1 	15943	0.973083	0.973083	0.000000	0.000000
128	9600	251	0.015000	3 	 1 	16131	0.984558	0.984558	0.000000	0.000000
128	9600	252	0.015000	3 	 1 	16086	0.981812	0.981812	0.000000	0.000000
128	9600	253	0.015000	3 	 42 	12960	0.791016	0.806152	0.002747	3.428998
128	9600	254	0.015000	3 	 1 	16177	0.987366	0.987366	0.000000	0.000000
128	9600	255	0.015000	3 	 1 	16146	0.985474	0.985474	0.000000	0.000000
128	9600	256	0.015000	3 	 6 	15290	0.933228	0.934998	0.001160	2.410733
128	9600	257	0.015000	3 	 1 	16109	0.983215	0.983215	0.000000	0.000000
128	9600	258	0.015000	3 	 1 	16136	0.984863	0.984863	0.000000	0.000000
128	9600	259	0.015000	3 	 1 	16126	0.984253	0.984253	0.000000	0.000000
128	9600	260	0.015000	3 	 1 	16142	0.985229	0.985229	0.000000	0.000000
128	9600	261	0.015000	3 	 1 	16132	0.984619	0.984619	0.000000	0.000000
128	9600	262	0.015000	3 	 1 	16135	0.984802	0.984802	0.000000	0.000000
128	9600	263	0.015000	3 	 1 	16125	0.984192	0.984192	0.000000	0.000000
128	9600	264	0.015000	3 	 1 	16133	0.984680	0.984680	0.000000	0.000000
128	9600	265	0.015000	3 	 1 	16133	0.984680	0.984680	0.000000	0.000000
128	9600	266	0.015000	3 	 1 	16155	0.986023	0.986023	0.000000	0.000000
128	9600	267	0.015000	3 	 1 	16118	0.983765	0.983765	0.000000	0.000000
128	9600	268	0.015000	3 	 1 	16128	0.984375	0.984375	0.000000	0.000000
128	9600	269	0.015000	3 	 1 	16147	0.985535	0.985535	0.000000	0.000000
128	9600	270	0.015000	3 	 1 	16159	0.986267	0.986267	0.000000	0.000000
128	9600	271	0.015000	3 	 1 	16143	0.985291	0.985291	0.000000	0.000000
128	9600	272	0.015000	3 	 1 	16145	0.985413	0.985413	0.000000	0.000000
128	9600	273	0.015000	3 	 1 	16162	0.986450	0.986450	0.000000	0.000000
128	9600	274	0.015000	3 	 1 	16144	0.985352	0.985352	0.000000	0.000000
128	9600	275	0.015000	3 	 1 	16134	0.984741	0.984741	0.000000	0.000000
128	9600	276	0.015000	3 	 5 	15477	0.944641	0.945129	0.000305	0.894427
128	9600	277	0.015000	3 	 1 	16144	0.985352	0.985352	0.000000	0.000000
128	9600	278	0.015000	3 	 1 	16129	0.984436	0.984436	0.000000	0.000000
128	9600	279	0.015000	3 	 1 	16149	0.985657	0.985657	0.000000	0.000000
128	9600	280	0.015000	3 	 1 	16169	0.986877	0.986877	0.000000	0.000000
128	9600	281	0.015000	3 	 1 	16142	0.985229	0.985229	0.000000	0.000000
128	9600	282	0.015000	3 	 1 	16149	0.985657	0.985657	0.000000	0.000000
128	9600	283	0.015000	3 	 1 	16138	0.984985	0.984985	0.000000	0.000000
128	9600	284	0.015000	3 	 9 	15127	0.923279	0.925049	0.000549	1.448712
128	9600	285	0.015000	3 	 1 	16150	0.985718	0.985718	0.000000	0.000000
128	9600	286	0.015000	3 	 1 	16142	0.985229	0.985229	0.000000	0.000000
128	9600	287	0.015000	3 	 1 	16142	0.985229	0.985229	0.000000	0.000000
128	9600	288	0.015000	3 	 1 	16145	0.985413	0.985413	0.000000	0.000000
128	9600	289	0.015000	3 	 1 	16121	0.983948	0.983948	0.000000	0.000000
128	9600	290	0.015000	3 	 1 	16133	0.984680	0.984680	0.000000	0.000000
128	9600	291	0.015000	3 	 1 	16162	0.986450	0.986450	0.000000	0.000000
128	9600	292	0.015000	3 	 1 	16121	0.983948	0.983948	0.000000	0.000000
128	9600	293	0.015000	3 	 1 	16137	0.984924	0.984924	0.000000	0.000000
128	9600	294	0.015000	3 	 1 	16148	0.985596	0.985596	0.000000	0.000000
128	9600	295	0.015000	3 	 1 	16121	0.983948	0.983948	0.000000	0.000000
128	9600	296	0.015000	3 	 1 	16142	0.985229	0.985229	0.000000	0.000000
128	9600	297	0.015000	3 	 1 	16131	0.984558	0.984558	0.000000	0.000000
128	9600	298	0.015000	3 	 1 	16129	0.984436	0.984436	0.000000	0.000000
128	9600	299	0.015000	3 	 1 	16157	0.986145	0.986145	0.000000	0.000000
128	9600	300	0.015000	3 	 1 	16139	0.985046	0.985046	0.000000	0.000000
128	9600	301	0.015000	3 	 1 	16139	0.985046	0.985046	0.000000	0.000000
128	9600	302	0.015000	3 	 1 	16152	0.985840	0.985840	0.000000	0.000000
128	9600	303	0.015000	3 	 1 	16170	0.986938	0.986938	0.000000	0.000000
128	9600	304	0.015000	3 	 1 	16144	0.985352	0.985352	0.000000	0.000000
128	9600	305	0.015000	3 	 1 	16130	0.984497	0.984497	0.000000	0.000000
128	9600	306	0.015000	3 	 1 	16151	0.985779	0.985779	0.000000	0.000000
128	9600	307	0.015000	3 	 1 	16143	0.985291	0.985291	0.000000	0.000000
128	9600	308	0.015000	3 	 1 	16025	0.978088	0.978088	0.000000	0.000000
128	9600	309	0.015000	3 	 1 	16138	0.984985	0.984985	0.000000	0.000000
128	9600	310	0.015000	3 	 1 	16142	0.985229	0.985229	0.000000	0.000000
128	9600	311	0.015000	3 	 1 	16130	0.984497	0.984497	0.000000	0.000000
128	9600	312	0.015000	3 	 1 	16150	0.985718	0.985718	0.000000	0.000000
128	9600	313	0.015000	3 	 1 	16121	0.983948	0.983948	0.000000	0.000000
128	9600	314	0.015000	3 	 1 	16152	0.985840	0.985840	0.000000	0.000000
128	9600	315	0.015000	3 	 1 	16142	0.985229	0.985229	0.000000	0.000000
128	9600	316	0.015000	3 	 1 	16143	0.985291	0.985291	0.000000	0.000000
128	9600	317	0.015000	3 	 1 	16111	0.983337	0.983337	0.000000	0.000000
128	9600	318	0.015000	3 	 1 	16144	0.985352	0.985352	0.000000	0.000000
128	9600	319	0.015000	3 	 1 	16144	0.985352	0.985352	0.000000	0.000000
128	9600	320	0.015000	3 	 1 	16124	0.984131	0.984131	0.000000	0.000000
128	9600	321	0.015000	3 	 1 	16148	0.985596	0.985596	0.000000	0.000000
128	9600	322	0.015000	3 	 1 	16174	0.987183	0.987183	0.000000	0.000000
128	9600	323	0.015000	3 	 1 	16153	0.985901	0.985901	0.000000	0.000000
128	9600	324	0.015000	3 	 1 	16146	0.985474	0.985474	0.000000	0.000000
128	9600	325	0.015000	3 	 1 	16148	0.985596	0.985596	0.000000	0.000000
128	9600	326	0.015000	3 	 1 	16128	0.984375	0.984375	0.000000	0.000000
128	9600	327	0.015000	3 	 1 	16142	0.985229	0.985229	0.000000	0.000000
128	9600	328	0.015000	3 	 1 	16141	0.985168	0.985168	0.000000	0.000000
128	9600	329	0.015000	3 	 1 	16133	0.984680	0.984680	0.000000	0.000000
128	9600	330	0.015000	3 	 25 	13933	0.850403	0.855957	0.001221	2.457132
128	9600	331	0.015000	3 	 1 	16141	0.985168	0.985168	0.000000	0.000000
128	9600	332	0.015000	3 	 1 	16153	0.985901	0.985901	0.000000	0.000000
128	9600	333	0.015000	3 	 1 	16144	0.985352	0.985352	0.000000	0.000000
128	9600	334	0.015000	3 	 1 	16120	0.983887	0.983887	0.000000	0.000000
128	9600	335	0.015000	3 	 1 	16127	0.984314	0.984314	0.000000	0.000000
128	9600	336	0.015000	3 	 1 	16131	0.984558	0.984558	0.000000	0.000000
128	9600	337	0.015000	3 	 1 	16127	0.984314	0.984314	0.000000	0.000000
128	9600	338	0.015000	3 	 1 	16117	0.983704	0.983704	0.000000	0.000000
128	9600	339	0.015000	3 	 1 	16156	0.986084	0.986084	0.000000	0.000000
128	9600	340	0.015000	3 	 1 	16148	0.985596	0.985596	0.000000	0.000000
128	9600	341	0.015000	3 	 1 	16149	0.985657	0.985657	0.000000	0.000000
128	9600	342	0.015000	3 	 1 	16132	0.984619	0.984619	0.000000	0.000000
128	9600	343	0.015000	3 	 1 	16133	0.984680	0.984680	0.000000	0.000000
128	9600	344	0.015000	3 	 1 	16127	0.984314	0.984314	0.000000	0.000000
128	9600	345	0.015000	3 	 1 	16144	0.985352	0.985352	0.000000	0.000000
128	9600	346	0.015000	3 	 1 	16133	0.984680	0.984680	0.000000	0.000000
128	9600	347	0.015000	3 	 1 	16140	0.985107	0.985107	0.000000	0.000000
128	9600	348	0.015000	3 	 4 	15610	0.952759	0.952942	0.000061	0.000000
128	9600	349	0.015000	3 	 1 	16162	0.986450	0.986450	0.000000	0.000000
128	9600	350	0.015000	3 	 1 	16119	0.983826	0.983826	0.000000	0.000000
128	9600	351	0.015000	3 	 1 	16167	0.986755	0.986755	0.000000	0.000000
128	9600	352	0.015000	3 	 1 	16133	0.984680	0.984680	0.000000	0.000000
128	9600	353	0.015000	3 	 1 	16146	0.985474	0.985474	0.000000	0.000000
128	9600	354	0.015000	3 	 1 	16146	0.985474	0.985474	0.000000	0.000000
128	9600	355	0.015000	3 	 1 	16143	0.985291	0.985291	0.000000	0.000000
128	9600	356	0.015000	3 	 1 	16110	0.983276	0.983276	0.000000	0.000000
128	9600	357	0.015000	3 	 1 	16184	0.987793	0.987793	0.000000	0.000000
128	9600	358	0.015000	3 	 1 	16179	0.987488	0.987488	0.000000	0.000000
128	9600	359	0.015000	3 	 1 	16137	0.984924	0.984924	0.000000	0.000000
128	9600	360	0.015000	3 	 27 	13968	0.852539	0.856262	0.000488	1.369306
128	9600	361	0.015000	3 	 1 	16154	0.985962	0.985962	0.000000	0.000000
128	9600	362	0.015000	3 	 1 	16146	0.985474	0.985474	0.000000	0.000000
128	9600	363	0.015000	3 	 1 	16120	0.983887	0.983887	0.000000	0.000000
128	9600	364	0.015000	3 	 1 	16113	0.983459	0.983459	0.000000	0.000000
128	9600	365	0.015000	3 	 1 	16130	0.984497	0.984497	0.000000	0.000000
128	9600	366	0.015000	3 	 1 	16158	0.986206	0.986206	0.000000	0.000000
128	9600	367	0.015000	3 	 1 	16130	0.984497	0.984497	0.000000	0.000000
128	9600	368	0.015000	3 	 1 	16151	0.985779	0.985779	0.000000	0.000000
128	9600	369	0.015000	3 	 1 	16139	0.985046	0.985046	0.000000	0.000000
128	9600	370	0.015000	3 	 1 	16126	0.984253	0.984253	0.000000	0.000000
128	9600	371	0.015000	3 	 1 	16132	0.984619	0.984619	0.000000	0.000000
128	9600	372	0.015000	3 	 1 	16142	0.985229	0.985229	0.000000	0.000000
128	9600	373	0.015000	3 	 1 	16146	0.985474	0.985474	0.000000	0.000000
128	9600	374	0.015000	3 	 1 	16143	0.985291	0.985291	0.000000	0.000000
128	9600	375	0.015000	3 	 1 	16146	0.985474	0.985474	0.000000	0.000000
128	9600	376	0.015000	3 	 1 	16123	0.984070	0.984070	0.000000	0.000000
128	9600	377	0.015000	3 	 1 	16133	0.984680	0.984680	0.000000	0.000000
128	9600	378	0.015000	3 	 1 	16147	0.985535	0.985535	0.000000	0.000000
128	9600	379	0.015000	3 	 1 	16115	0.983582	0.983582	0.000000	0.000000
128	9600	380	0.015000	3 	 1 	16109	0.983215	0.983215	0.000000	0.000000
128	9600	381	0.015000	3 	 1 	16161	0.986389	0.986389	0.000000	0.000000
128	9600	382	0.015000	3 	 1 	16153	0.985901	0.985901	0.000000	0.000000
128	9600	383	0.015000	3 	 1 	16136	0.984863	0.984863	0.000000	0.000000
128	9600	384	0.015000	3 	 1 	16150	0.985718	0.985718	0.000000	0.000000
128	9600	385	0.015000	3 	 3 	15765	0.962219	0.962402	0.000122	0.500000
128	9600	386	0.015000	3 	 1 	16148	0.985596	0.985596	0.000000	0.000000
128	9600	387	0.015000	3 	 1 	16136	0.984863	0.984863	0.000000	0.000000
128	9600	388	0.015000	3 	 1 	16147	0.985535	0.985535	0.000000	0.000000
128	9600	389	0.015000	3 	 1 	16149	0.985657	0.985657	0.000000	0.000000
128	9600	390	0.015000	3 	 1 	16155	0.986023	0.986023	0.000000	0.000000
128	9600	391	0.015000	3 	 1 	16088	0.981934	0.981934	0.000000	0.000000
128	9600	392	0.015000	3 	 1 	16150	0.985718	0.985718	0.000000	0.000000
128	9600	393	0.015000	3 	 1 	16139	0.985046	0.985046	0.000000	0.000000
128	9600	394	0.015000	3 	 1 	16150	0.985718	0.985718	0.000000	0.000000
128	9600	395	0.015000	3 	 22 	14087	0.859802	0.862610	0.000427	1.142857
128	9600	396	0.015000	3 	 1 	16144	0.985352	0.985352	0.000000	0.000000
128	9600	397	0.015000	3 	 1 	16130	0.984497	0.984497	0.000000	0.000000
128	9600	398	0.015000	3 	 1 	16106	0.983032	0.983032	0.000000	0.000000
128	9600	399	0.015000	3 	 1 	16120	0.983887	0.983887	0.000000	0.000000
128	9600	400	0.015000	3 	 1 	16153	0.985901	0.985901	0.000000	0.000000
128	9600	401	0.015000	3 	 1 	16127	0.984314	0.984314	0.000000	0.000000
128	9600	402	0.015000	3 	 1 	16118	0.983765	0.983765	0.000000	0.000000
128	9600	403	0.015000	3 	 1 	16128	0.984375	0.984375	0.000000	0.000000
128	9600	404	0.015000	3 	 1 	16156	0.986084	0.986084	0.000000	0.000000
128	9600	405	0.015000	3 	 1 	16147	0.985535	0.985535	0.000000	0.000000
128	9600	406	0.015000	3 	 1 	16144	0.985352	0.985352	0.000000	0.000000
128	9600	407	0.015000	3 	 1 	16121	0.983948	0.983948	0.000000	0.000000
128	9600	408	0.015000	3 	 1 	16120	0.983887	0.983887	0.000000	0.000000
128	9600	409	0.015000	3 	 1 	16129	0.984436	0.984436	0.000000	0.000000
128	9600	410	0.015000	3 	 1 	16130	0.984497	0.984497	0.000000	0.000000
128	9600	411	0.015000	3 	 1 	16138	0.984985	0.984985	0.000000	0.000000
128	9600	412	0.015000	3 	 1 	16131	0.984558	0.984558	0.000000	0.000000
128	9600	413	0.015000	3 	 1 	16119	0.983826	0.983826	0.000000	0.000000
128	9600	414	0.015000	3 	 1 	16132	0.984619	0.984619	0.000000	0.000000
128	9600	415	0.015000	3 	 1 	16155	0.986023	0.986023	0.000000	0.000000
128	9600	416	0.015000	3 	 1 	16148	0.985596	0.985596	0.000000	0.000000
128	9600	417	0.015000	3 	 1 	16150	0.985718	0.985718	0.000000	0.000000
128	9600	418	0.015000	3 	 1 	16142	0.985229	0.985229	0.000000	0.000000
128	9600	419	0.015000	3 	 1 	16128	0.984375	0.984375	0.000000	0.000000
128	9600	420	0.015000	3 	 1 	16159	0.986267	0.986267	0.000000	0.000000
128	9600	421	0.015000	3 	 1 	16164	0.986572	0.986572	0.000000	0.000000
128	9600	422	0.015000	3 	 1 	16140	0.985107	0.985107	0.000000	0.000000
128	9600	423	0.015000	3 	 1 	16119	0.983826	0.983826	0.000000	0.000000
128	9600	424	0.015000	3 	 1 	16159	0.986267	0.986267	0.000000	0.000000
128	9600	425	0.015000	3 	 1 	16129	0.984436	0.984436	0.000000	0.000000
128	9600	426	0.015000	3 	 1 	16156	0.986084	0.986084	0.000000	0.000000
128	9600	427	0.015000	3 	 1 	16153	0.985901	0.985901	0.000000	0.000000
128	9600	428	0.015000	3 	 1 	16134	0.984741	0.984741	0.000000	0.000000
128	9600	429	0.015000	3 	 1 	16130	0.984497	0.984497	0.000000	0.000000
128	9600	430	0.015000	3 	 1 	16157	0.986145	0.986145	0.000000	0.000000
128	9600	431	0.015000	3 	 1 	16115	0.983582	0.983582	0.000000	0.000000
128	9600	432	0.015000	3 	 1 	16146	0.985474	0.985474	0.000000	0.000000
128	9600	433	0.015000	3 	 1 	16175	0.987244	0.987244	0.000000	0.000000
128	9600	434	0.015000	3 	 1 	16109	0.983215	0.983215	0.000000	0.000000
128	9600	435	0.015000	3 	 1 	16132	0.984619	0.984619	0.000000	0.000000
128	9600	436	0.015000	3 	 1 	16135	0.984802	0.984802	0.000000	0.000000
128	9600	437	0.015000	3 	 1 	16130	0.984497	0.984497	0.000000	0.000000
128	9600	438	0.015000	3 	 1 	16122	0.984009	0.984009	0.000000	0.000000
128	9600	439	0.015000	3 	 1 	16140	0.985107	0.985107	0.000000	0.000000
128	9600	440	0.015000	3 	 1 	16158	0.986206	0.986206	0.000000	0.000000
128	9600	441	0.015000	3 	 1 	16131	0.984558	0.984558	0.000000	0.000000
128	9600	442	0.015000	3 	 1 	16134	0.984741	0.984741	0.000000	0.000000
128	9600	443	0.015000	3 	 1 	16144	0.985352	0.985352	0.000000	0.000000
128	9600	444	0.015000	3 	 1 	16159	0.986267	0.986267	0.000000	0.000000
128	9600	445	0.015000	3 	 1 	16144	0.985352	0.985352	0.000000	0.000000
128	9600	446	0.015000	3 	 1 	16135	0.984802	0.984802	0.000000	0.000000
128	9600	447	0.015000	3 	 1 	16156	0.986084	0.986084	0.000000	0.000000
128	9600	448	0.015000	3 	 1 	16137	0.984924	0.984924	0.000000	0.000000
128	9600	449	0.015000	3 	 1 	16154	0.985962	0.985962	0.000000	0.000000
128	9600	450	0.015000	3 	 1 	16119	0.983826	0.983826	0.000000	0.000000
128	9600	451	0.015000	3 	 1 	16118	0.983765	0.983765	0.000000	0.000000
128	9600	452	0.015000	3 	 1 	16119	0.983826	0.983826	0.000000	0.000000
128	9600	453	0.015000	3 	 1 	16159	0.986267	0.986267	0.000000	0.000000
128	9600	454	0.015000	3 	 1 	16102	0.982788	0.982788	0.000000	0.000000
128	9600	455	0.015000	3 	 1 	16147	0.985535	0.985535	0.000000	0.000000
128	9600	456	0.015000	3 	 1 	16127	0.984314	0.984314	0.000000	0.000000
128	9600	457	0.015000	3 	 1 	16169	0.986877	0.986877	0.000000	0.000000
128	9600	458	0.015000	3 	 1 	16116	0.983643	0.983643	0.000000	0.000000
128	9600	459	0.015000	3 	 1 	16137	0.984924	0.984924	0.000000	0.000000
128	9600	460	0.015000	3 	 1 	16148	0.985596	0.985596	0.000000	0.000000
128	9600	461	0.015000	3 	 1 	16171	0.987000	0.987000	0.000000	0.000000
128	9600	462	0.015000	3 	 1 	16117	0.983704	0.983704	0.000000	0.000000
128	9600	463	0.015000	3 	 1 	16138	0.984985	0.984985	0.000000	0.000000
128	9600	464	0.015000	3 	 1 	16133	0.984680	0.984680	0.000000	0.000000
128	9600	465	0.015000	3 	 1 	16109	0.983215	0.983215	0.000000	0.000000
128	9600	466	0.015000	3 	 1 	16140	0.985107	0.985107	0.000000	0.000000
128	9600	467	0.015000	3 	 1 	16157	0.986145	0.986145	0.000000	0.000000
128	9600	468	0.015000	3 	 1 	16138	0.984985	0.984985	0.000000	0.000000
128	9600	469	0.015000	3 	 1 	16121	0.983948	0.983948	0.000000	0.000000
128	9600	470	0.015000	3 	 1 	16101	0.982727	0.982727	0.000000	0.000000
128	9600	471	0.015000	3 	 1 	16123	0.984070	0.984070	0.000000	0.000000
128	9600	472	0.015000	3 	 110 	7879	0.480896	0.511108	0.004456	4.510033
128	9600	473	0.015000	3 	 1 	16145	0.985413	0.985413	0.000000	0.000000
128	9600	474	0.015000	3 	 130 	7505	0.458069	0.495300	0.003967	4.489989
128	9600	475	0.015000	3 	 1 	16127	0.984314	0.984314	0.000000	0.000000
128	9600	476	0.015000	3 	 1 	16169	0.986877	0.986877	0.000000	0.000000
128	9600	477	0.015000	3 	 1 	16147	0.985535	0.985535	0.000000	0.000000
128	9600	478	0.015000	3 	 1 	16156	0.986084	0.986084	0.000000	0.000000
128	9600	479	0.015000	3 	 1 	16131	0.984558	0.984558	0.000000	0.000000
128	9600	480	0.015000	3 	 1 	16160	0.986328	0.986328	0.000000	0.000000
128	9600	481	0.015000	3 	 1 	16136	0.984863	0.984863	0.000000	0.000000
128	9600	482	0.015000	3 	 1 	16130	0.984497	0.984497	0.000000	0.000000
128	9600	483	0.015000	3 	 1 	16113	0.983459	0.983459	0.000000	0.000000
128	9600	484	0.015000	3 	 1 	16147	0.985535	0.985535	0.000000	0.000000
128	9600	485	0.015000	3 	 1 	16152	0.985840	0.985840	0.000000	0.000000
128	9600	486	0.015000	3 	 1 	16142	0.985229	0.985229	0.000000	0.000000
128	9600	487	0.015000	3 	 1 	16113	0.983459	0.983459	0.000000	0.000000
128	9600	488	0.015000	3 	 1 	16127	0.984314	0.984314	0.000000	0.000000
128	9600	489	0.015000	3 	 1 	16147	0.985535	0.985535	0.000000	0.000000
128	9600	490	0.015000	3 	 1 	16139	0.985046	0.985046	0.000000	0.000000
128	9600	491	0.015000	3 	 1 	16131	0.984558	0.984558	0.000000	0.000000
128	9600	492	0.015000	3 	 1 	16130	0.984497	0.984497	0.000000	0.000000
128	9600	493	0.015000	3 	 1 	16126	0.984253	0.984253	0.000000	0.000000
128	9600	494	0.015000	3 	 1 	16132	0.984619	0.984619	0.000000	0.000000
128	9600	495	0.015000	3 	 1 	16169	0.986877	0.986877	0.000000	0.000000
128	9600	496	0.015000	3 	 131 	1643	0.100281	0.139832	0.100281	19.862790
128	9600	497	0.015000	3 	 1 	16131	0.984558	0.984558	0.000000	0.000000
128	9600	498	0.015000	3 	 1 	16140	0.985107	0.985107	0.000000	0.000000
128	9600	499	0.015000	3 	 1 	16140	0.985107	0.985107	0.000000	0.000000
128	9600	500	0.015000	3 	 1 	16145	0.985413	0.985413	0.000000	0.000000
128	9600	501	0.015000	3 	 1 	16142	0.985229	0.985229	0.000000	0.000000
128	9600	502	0.015000	3 	 1 	16142	0.985229	0.985229	0.000000	0.000000
128	9600	503	0.015000	3 	 1 	16153	0.985901	0.985901	0.000000	0.000000
128	9600	504	0.015000	3 	 1 	16127	0.984314	0.984314	0.000000	0.000000
128	9600	505	0.015000	3 	 1 	16140	0.985107	0.985107	0.000000	0.000000
128	9600	506	0.015000	3 	 1 	16112	0.983398	0.983398	0.000000	0.000000
128	9600	507	0.015000	3 	 1 	16107	0.983093	0.983093	0.000000	0.000000
128	9600	508	0.015000	3 	 1 	16155	0.986023	0.986023	0.000000	0.000000
128	9600	509	0.015000	3 	 1 	15697	0.958069	0.958069	0.000000	0.000000
128	9600	510	0.015000	3 	 1 	16119	0.983826	0.983826	0.000000	0.000000
128	9600	511	0.015000	3 	 1 	16146	0.985474	0.985474	0.000000	0.000000
128	9600	512	0.015000	3 	 1 	16157	0.986145	0.986145	0.000000	0.000000
128	9600	513	0.015000	3 	 1 	16134	0.984741	0.984741	0.000000	0.000000
128	9600	514	0.015000	3 	 1 	16122	0.984009	0.984009	0.000000	0.000000
128	9600	515	0.015000	3 	 1 	16167	0.986755	0.986755	0.000000	0.000000
128	9600	516	0.015000	3 	 1 	16118	0.983765	0.983765	0.000000	0.000000
128	9600	517	0.015000	3 	 1 	16157	0.986145	0.986145	0.000000	0.000000
128	9600	518	0.015000	3 	 1 	16137	0.984924	0.984924	0.000000	0.000000
128	9600	519	0.015000	3 	 1 	16133	0.984680	0.984680	0.000000	0.000000
128	9600	520	0.015000	3 	 1 	16119	0.983826	0.983826	0.000000	0.000000
128	9600	521	0.015000	3 	 1 	16144	0.985352	0.985352	0.000000	0.000000
128	9600	522	0.015000	3 	 1 	16136	0.984863	0.984863	0.000000	0.000000
128	9600	523	0.015000	3 	 1 	16133	0.984680	0.984680	0.000000	0.000000
128	9600	524	0.015000	3 	 1 	16134	0.984741	0.984741	0.000000	0.000000
128	9600	525	0.015000	3 	 1 	16153	0.985901	0.985901	0.000000	0.000000
128	9600	526	0.015000	3 	 1 	16142	0.985229	0.985229	0.000000	0.000000
128	9600	527	0.015000	3 	 1 	16161	0.986389	0.986389	0.000000	0.000000
128	9600	528	0.015000	3 	 1 	16129	0.984436	0.984436	0.000000	0.000000
128	9600	529	0.015000	3 	 1 	16150	0.985718	0.985718	0.000000	0.000000
128	9600	530	0.015000	3 	 1 	16110	0.983276	0.983276	0.000000	0.000000
128	9600	531	0.015000	3 	 85 	11338	0.692017	0.711853	0.002991	3.586150
128	9600	532	0.015000	3 	 1 	16123	0.984070	0.984070	0.000000	0.000000
128	9600	533	0.015000	3 	 1 	16141	0.985168	0.985168	0.000000	0.000000
128	9600	534	0.015000	3 	 1 	16153	0.985901	0.985901	0.000000	0.000000
128	9600	535	0.015000	3 	 1 	16131	0.984558	0.984558	0.000000	0.000000
128	9600	536	0.015000	3 	 1 	16142	0.985229	0.985229	0.000000	0.000000
128	9600	537	0.015000	3 	 1 	16120	0.983887	0.983887	0.000000	0.000000
128	9600	538	0.015000	3 	 1 	16064	0.980469	0.980469	0.000000	0.000000
128	9600	539	0.015000	3 	 1 	16124	0.984131	0.984131	0.000000	0.000000
128	9600	540	0.015000	3 	 1 	16164	0.986572	0.986572	0.000000	0.000000
128	9600	541	0.015000	3 	 1 	16155	0.986023	0.986023	0.000000	0.000000
128	9600	542	0.015000	3 	 1 	16131	0.984558	0.984558	0.000000	0.000000
128	9600	543	0.015000	3 	 1 	16142	0.985229	0.985229	0.000000	0.000000
128	9600	544	0.015000	3 	 1 	16139	0.985046	0.985046	0.000000	0.000000
128	9600	545	0.015000	3 	 57 	14	0.000854	0.010254	0.000854	2.046650
128	9600	546	0.015000	3 	 1 	16117	0.983704	0.983704	0.000000	0.000000
128	9600	547	0.015000	3 	 1 	16128	0.984375	0.984375	0.000000	0.000000
128	9600	548	0.015000	3 	 1 	16147	0.985535	0.985535	0.000000	0.000000
128	9600	549	0.015000	3 	 1 	16142	0.985229	0.985229	0.000000	0.000000
128	9600	550	0.015000	3 	 1 	16132	0.984619	0.984619	0.000000	0.000000
128	9600	551	0.015000	3 	 1 	16122	0.984009	0.984009	0.000000	0.000000
128	9600	552	0.015000	3 	 1 	16121	0.983948	0.983948	0.000000	0.000000
128	9600	553	0.015000	3 	 1 	16138	0.984985	0.984985	0.000000	0.000000
128	9600	554	0.015000	3 	 1 	16140	0.985107	0.985107	0.000000	0.000000
128	9600	555	0.015000	3 	 1 	16145	0.985413	0.985413	0.000000	0.000000
128	9600	556	0.015000	3 	 1 	16162	0.986450	0.986450	0.000000	0.000000
128	9600	557	0.015000	3 	 1 	16141	0.985168	0.985168	0.000000	0.000000
128	9600	558	0.015000	3 	 24 	14195	0.866394	0.869263	0.000610	1.697056
128	9600	559	0.015000	3 	 1 	16139	0.985046	0.985046	0.000000	0.000000
128	9600	560	0.015000	3 	 22 	14828	0.905029	0.911499	0.003052	1.885768
128	9600	561	0.015000	3 	 1 	16125	0.984192	0.984192	0.000000	0.000000
128	9600	562	0.015000	3 	 1 	16147	0.985535	0.985535	0.000000	0.000000
128	9600	563	0.015000	3 	 1 	16133	0.984680	0.984680	0.000000	0.000000
128	9600	564	0.015000	3 	 1 	16139	0.985046	0.985046	0.000000	0.000000
128	9600	565	0.015000	3 	 1 	16117	0.983704	0.983704	0.000000	0.000000
128	9600	566	0.015000	3 	 1 	16126	0.984253	0.984253	0.000000	0.000000
128	9600	567	0.015000	3 	 1 	16165	0.986633	0.986633	0.000000	0.000000
128	9600	568	0.015000	3 	 154 	5226	0.318970	0.364685	0.318970	32.250784
128	9600	569	0.015000	3 	 1 	16147	0.985535	0.985535	0.000000	0.000000
128	9600	570	0.015000	3 	 1 	16123	0.984070	0.984070	0.000000	0.000000
128	9600	571	0.015000	3 	 1 	16116	0.983643	0.983643	0.000000	0.000000
128	9600	572	0.015000	3 	 1 	16131	0.984558	0.984558	0.000000	0.000000
128	9600	573	0.015000	3 	 1 	16151	0.985779	0.985779	0.000000	0.000000
128	9600	574	0.015000	3 	 1 	16155	0.986023	0.986023	0.000000	0.000000
128	9600	575	0.015000	3 	 1 	16157	0.986145	0.986145	0.000000	0.000000
128	9600	576	0.015000	3 	 1 	16135	0.984802	0.984802	0.000000	0.000000
128	9600	577	0.015000	3 	 1 	16136	0.984863	0.984863	0.000000	0.000000
128	9600	578	0.015000	3 	 1 	16141	0.985168	0.985168	0.000000	0.000000
128	9600	579	0.015000	3 	 1 	16141	0.985168	0.985168	0.000000	0.000000
128	9600	580	0.015000	3 	 1 	16127	0.984314	0.984314	0.000000	0.000000
128	9600	581	0.015000	3 	 1 	16167	0.986755	0.986755	0.000000	0.000000
128	9600	582	0.015000	3 	 7 	15201	0.927795	0.929504	0.001221	2.198863
128	9600	583	0.015000	3 	 133 	7998	0.488159	0.527100	0.002869	3.801193
128	9600	584	0.015000	3 	 1 	16166	0.986694	0.986694	0.000000	0.000000
128	9600	585	0.015000	3 	 1 	16158	0.986206	0.986206	0.000000	0.000000
128	9600	586	0.015000	3 	 1 	16132	0.984619	0.984619	0.000000	0.000000
128	9600	587	0.015000	3 	 25 	13817	0.843323	0.851013	0.002747	3.296538
128	9600	588	0.015000	3 	 1 	16154	0.985962	0.985962	0.000000	0.000000
128	9600	589	0.015000	3 	 1 	16138	0.984985	0.984985	0.000000	0.000000
128	9600	590	0.015000	3 	 1 	16127	0.984314	0.984314	0.000000	0.000000
128	9600	591	0.015000	3 	 1 	16138	0.984985	0.984985	0.000000	0.000000
128	9600	592	0.015000	3 	 1 	15984	0.975586	0.975586	0.000000	0.000000
128	9600	593	0.015000	3 	 1 	16139	0.985046	0.985046	0.000000	0.000000
128	9600	594	0.015000	3 	 1 	16157	0.986145	0.986145	0.000000	0.000000
128	9600	595	0.015000	3 	 44 	11795	0.719910	0.729858	0.001038	2.003457
128	9600	596	0.015000	3 	 1 	16116	0.983643	0.983643	0.000000	0.000000
128	9600	597	0.015000	3 	 1 	16144	0.985352	0.985352	0.000000	0.000000
128	9600	598	0.015000	3 	 1 	16139	0.985046	0.985046	0.000000	0.000000
128	9600	599	0.015000	3 	 1 	16115	0.983582	0.983582	0.000000	0.000000
128	9600	600	0.015000	3 	 11 	15481	0.944885	0.946167	0.000366	1.536591
128	9600	601	0.015000	3 	 1 	16152	0.985840	0.985840	0.000000	0.000000
128	9600	602	0.015000	3 	 1 	16139	0.985046	0.985046	0.000000	0.000000
128	9600	603	0.015000	3 	 1 	16131	0.984558	0.984558	0.000000	0.000000
128	9600	604	0.015000	3 	 1 	16139	0.985046	0.985046	0.000000	0.000000
128	9600	605	0.015000	3 	 1 	16095	0.982361	0.982361	0.000000	0.000000
128	9600	606	0.015000	3 	 1 	16130	0.984497	0.984497	0.000000	0.000000
128	9600	607	0.015000	3 	 1 	16137	0.984924	0.984924	0.000000	0.000000
128	9600	608	0.015000	3 	 1 	16125	0.984192	0.984192	0.000000	0.000000
128	9600	609	0.015000	3 	 109 	11396	0.695557	0.718811	0.002625	3.880168
128	9600	610	0.015000	3 	 1 	16120	0.983887	0.983887	0.000000	0.000000
128	9600	611	0.015000	3 	 1 	16152	0.985840	0.985840	0.000000	0.000000
128	9600	612	0.015000	3 	 1 	16129	0.984436	0.984436	0.000000	0.000000
128	9600	613	0.015000	3 	 1 	16126	0.984253	0.984253	0.000000	0.000000
128	9600	614	0.015000	3 	 1 	16163	0.986511	0.986511	0.000000	0.000000
128	9600	615	0.015000	3 	 1 	16167	0.986755	0.986755	0.000000	0.000000
128	9600	616	0.015000	3 	 1 	16133	0.984680	0.984680	0.000000	0.000000
128	9600	617	0.015000	3 	 1 	16122	0.984009	0.984009	0.000000	0.000000
128	9600	618	0.015000	3 	 1 	16159	0.986267	0.986267	0.000000	0.000000
128	9600	619	0.015000	3 	 1 	16117	0.983704	0.983704	0.000000	0.000000
128	9600	620	0.015000	3 	 1 	16140	0.985107	0.985107	0.000000	0.000000
128	9600	621	0.015000	3 	 1 	16170	0.986938	0.986938	0.000000	0.000000
128	9600	622	0.015000	3 	 1 	16159	0.986267	0.986267	0.000000	0.000000
128	9600	623	0.015000	3 	 1 	16129	0.984436	0.984436	0.000000	0.000000
128	9600	624	0.015000	3 	 1 	16115	0.983582	0.983582	0.000000	0.000000
128	9600	625	0.015000	3 	 1 	16148	0.985596	0.985596	0.000000	0.000000
128	9600	626	0.015000	3 	 1 	16143	0.985291	0.985291	0.000000	0.000000
128	9600	627	0.015000	3 	 1 	16131	0.984558	0.984558	0.000000	0.000000
128	9600	628	0.015000	3 	 1 	16118	0.983765	0.983765	0.000000	0.000000
128	9600	629	0.015000	3 	 1 	16139	0.985046	0.985046	0.000000	0.000000
128	9600	630	0.015000	3 	 1 	16146	0.985474	0.985474	0.000000	0.000000
128	9600	631	0.015000	3 	 1 	16131	0.984558	0.984558	0.000000	0.000000
128	9600	632	0.015000	3 	 1 	16133	0.984680	0.984680	0.000000	0.000000
128	9600	633	0.015000	3 	 1 	16168	0.986816	0.986816	0.000000	0.000000
128	9600	634	0.015000	3 	 1 	16162	0.986450	0.986450	0.000000	0.000000
128	9600	635	0.015000	3 	 1 	16149	0.985657	0.985657	0.000000	0.000000
128	9600	636	0.015000	3 	 1 	16152	0.985840	0.985840	0.000000	0.000000
128	9600	637	0.015000	3 	 1 	16129	0.984436	0.984436	0.000000	0.000000
128	9600	638	0.015000	3 	 1 	16135	0.984802	0.984802	0.000000	0.000000
128	9600	639	0.015000	3 	 1 	16143	0.985291	0.985291	0.000000	0.000000
128	9600	640	0.015000	3 	 1 	16128	0.984375	0.984375	0.000000	0.000000
128	9600	641	0.015000	3 	 1 	16122	0.984009	0.984009	0.000000	0.000000
128	9600	642	0.015000	3 	 1 	16166	0.986694	0.986694	0.000000	0.000000
128	9600	643	0.015000	3 	 1 	16135	0.984802	0.984802	0.000000	0.000000
128	9600	644	0.015000	3 	 1 	16117	0.983704	0.983704	0.000000	0.000000
128	9600	645	0.015000	3 	 1 	16117	0.983704	0.983704	0.000000	0.000000
128	9600	646	0.015000	3 	 1 	16148	0.985596	0.985596	0.000000	0.000000
128	9600	647	0.015000	3 	 1 	16131	0.984558	0.984558	0.000000	0.000000
128	9600	648	0.015000	3 	 2 	16135	0.984802	0.984863	0.000061	0.000000
128	9600	649	0.015000	3 	 1 	16131	0.984558	0.984558	0.000000	0.000000
128	9600	650	0.015000	3 	 1 	16151	0.985779	0.985779	0.000000	0.000000
128	9600	651	0.015000	3 	 112 	10963	0.669128	0.701294	0.002625	3.032052
128	9600	652	0.015000	3 	 1 	16159	0.986267	0.986267	0.000000	0.000000
128	9600	653	0.015000	3 	 1 	16117	0.983704	0.983704	0.000000	0.000000
128	9600	654	0.015000	3 	 1 	16155	0.986023	0.986023	0.000000	0.000000
128	9600	655	0.015000	3 	 1 	16065	0.980530	0.980530	0.000000	0.000000
128	9600	656	0.015000	3 	 1 	16133	0.984680	0.984680	0.000000	0.000000
128	9600	657	0.015000	3 	 1 	16154	0.985962	0.985962	0.000000	0.000000
128	9600	658	0.015000	3 	 8 	14902	0.909546	0.911316	0.000427	1.228904
128	9600	659	0.015000	3 	 1 	16131	0.984558	0.984558	0.000000	0.000000
128	9600	660	0.015000	3 	 1 	16125	0.984192	0.984192	0.000000	0.000000
128	9600	661	0.015000	3 	 1 	16154	0.985962	0.985962	0.000000	0.000000
128	9600	662	0.015000	3 	 1 	16129	0.984436	0.984436	0.000000	0.000000
128	9600	663	0.015000	3 	 1 	16136	0.984863	0.984863	0.000000	0.000000
128	9600	664	0.015000	3 	 1 	16138	0.984985	0.984985	0.000000	0.000000
128	9600	665	0.015000	3 	 1 	16083	0.981628	0.981628	0.000000	0.000000
128	9600	666	0.015000	3 	 1 	16128	0.984375	0.984375	0.000000	0.000000
128	9600	667	0.015000	3 	 1 	16139	0.985046	0.985046	0.000000	0.000000
128	9600	668	0.015000	3 	 1 	16178	0.987427	0.987427	0.000000	0.000000
128	9600	669	0.015000	3 	 1 	16147	0.985535	0.985535	0.000000	0.000000
128	9600	670	0.015000	3 	 1 	16123	0.984070	0.984070	0.000000	0.000000
128	9600	671	0.015000	3 	 1 	16126	0.984253	0.984253	0.000000	0.000000
128	9600	672	0.015000	3 	 1 	16154	0.985962	0.985962	0.000000	0.000000
128	9600	673	0.015000	3 	 1 	16140	0.985107	0.985107	0.000000	0.000000
128	9600	674	0.015000	3 	 116 	5325	0.325012	0.355530	0.325012	33.053462
128	9600	675	0.015000	3 	 1 	16145	0.985413	0.985413	0.000000	0.000000
128	9600	676	0.015000	3 	 1 	16161	0.986389	0.986389	0.000000	0.000000
128	9600	677	0.015000	3 	 1 	16102	0.982788	0.982788	0.000000	0.000000
128	9600	678	0.015000	3 	 1 	16130	0.984497	0.984497	0.000000	0.000000
128	9600	679	0.015000	3 	 1 	16117	0.983704	0.983704	0.000000	0.000000
128	9600	680	0.015000	3 	 1 	16123	0.984070	0.984070	0.000000	0.000000
128	9600	681	0.015000	3 	 1 	16159	0.986267	0.986267	0.000000	0.000000
128	9600	682	0.015000	3 	 1 	16126	0.984253	0.984253	0.000000	0.000000
128	9600	683	0.015000	3 	 34 	13435	0.820007	0.825989	0.000854	2.196937
128	9600	684	0.015000	3 	 1 	16128	0.984375	0.984375	0.000000	0.000000
128	9600	685	0.015000	3 	 1 	16143	0.985291	0.985291	0.000000	0.000000
128	9600	686	0.015000	3 	 1 	16157	0.986145	0.986145	0.000000	0.000000
128	9600	687	0.015000	3 	 56 	13155	0.802917	0.815186	0.001587	2.670516
128	9600	688	0.015000	3 	 1 	16151	0.985779	0.985779	0.000000	0.000000
128	9600	689	0.015000	3 	 1 	16122	0.984009	0.984009	0.000000	0.000000
128	9600	690	0.015000	3 	 1 	16128	0.984375	0.984375	0.000000	0.000000
128	9600	691	0.015000	3 	 1 	16156	0.986084	0.986084	0.000000	0.000000
128	9600	692	0.015000	3 	 1 	16144	0.985352	0.985352	0.000000	0.000000
128	9600	693	0.015000	3 	 1 	16120	0.983887	0.983887	0.000000	0.000000
128	9600	694	0.015000	3 	 1 	16144	0.985352	0.985352	0.000000	0.000000
128	9600	695	0.015000	3 	 1 	16148	0.985596	0.985596	0.000000	0.000000
128	9600	696	0.015000	3 	 1 	16152	0.985840	0.985840	0.000000	0.000000
128	9600	697	0.015000	3 	 1 	16138	0.984985	0.984985	0.000000	0.000000
128	9600	698	0.015000	3 	 1 	16152	0.985840	0.985840	0.000000	0.000000
128	9600	699	0.015000	3 	 1 	16116	0.983643	0.983643	0.000000	0.000000
128	9600	700	0.015000	3 	 1 	16154	0.985962	0.985962	0.000000	0.000000
128	9600	701	0.015000	3 	 1 	16140	0.985107	0.985107	0.000000	0.000000
128	9600	702	0.015000	3 	 1 	16152	0.985840	0.985840	0.000000	0.000000
128	9600	703	0.015000	3 	 1 	16139	0.985046	0.985046	0.000000	0.000000
128	9600	704	0.015000	3 	 1 	16138	0.984985	0.984985	0.000000	0.000000
128	9600	705	0.015000	3 	 1 	16132	0.984619	0.984619	0.000000	0.000000
128	9600	706	0.015000	3 	 1 	16150	0.985718	0.985718	0.000000	0.000000
128	9600	707	0.015000	3 	 1 	16125	0.984192	0.984192	0.000000	0.000000
128	9600	708	0.015000	3 	 1 	16133	0.984680	0.984680	0.000000	0.000000
128	9600	709	0.015000	3 	 1 	16116	0.983643	0.983643	0.000000	0.000000
128	9600	710	0.015000	3 	 1 	16141	0.985168	0.985168	0.000000	0.000000
128	9600	711	0.015000	3 	 1 	16161	0.986389	0.986389	0.000000	0.000000
128	9600	712	0.015000	3 	 1 	16139	0.985046	0.985046	0.000000	0.000000
128	9600	713	0.015000	3 	 1 	16122	0.984009	0.984009	0.000000	0.000000
128	9600	714	0.015000	3 	 1 	16140	0.985107	0.985107	0.000000	0.000000
128	9600	715	0.015000	3 	 1 	16143	0.985291	0.985291	0.000000	0.000000
128	9600	716	0.015000	3 	 1 	16137	0.984924	0.984924	0.000000	0.000000
128	9600	717	0.015000	3 	 1 	16135	0.984802	0.984802	0.000000	0.000000
128	9600	718	0.015000	3 	 1 	16143	0.985291	0.985291	0.000000	0.000000
128	9600	719	0.015000	3 	 1 	16142	0.985229	0.985229	0.000000	0.000000
128	9600	720	0.015000	3 	 1 	16129	0.984436	0.984436	0.000000	0.000000
128	9600	721	0.015000	3 	 1 	16146	0.985474	0.985474	0.000000	0.000000
128	9600	722	0.015000	3 	 1 	16158	0.986206	0.986206	0.000000	0.000000
128	9600	723	0.015000	3 	 1 	16141	0.985168	0.985168	0.000000	0.000000
128	9600	724	0.015000	3 	 1 	16159	0.986267	0.986267	0.000000	0.000000
128	9600	725	0.015000	3 	 1 	16150	0.985718	0.985718	0.000000	0.000000
128	9600	726	0.015000	3 	 1 	16130	0.984497	0.984497	0.000000	0.000000
128	9600	727	0.015000	3 	 1 	16107	0.983093	0.983093	0.000000	0.000000
128	9600	728	0.015000	3 	 1 	16130	0.984497	0.984497	0.000000	0.000000
128	9600	729	0.015000	3 	 1 	16152	0.985840	0.985840	0.000000	0.000000
128	9600	730	0.015000	3 	 1 	16144	0.985352	0.985352	0.000000	0.000000
128	9600	731	0.015000	3 	 1 	16111	0.983337	0.983337	0.000000	0.000000
128	9600	732	0.015000	3 	 1 	16117	0.983704	0.983704	0.000000	0.000000
128	9600	733	0.015000	3 	 1 	16100	0.982666	0.982666	0.000000	0.000000
128	9600	734	0.015000	3 	 1 	16162	0.986450	0.986450	0.000000	0.000000
128	9600	735	0.015000	3 	 1 	16129	0.984436	0.984436	0.000000	0.000000
128	9600	736	0.015000	3 	 1 	16139	0.985046	0.985046	0.000000	0.000000
128	9600	737	0.015000	3 	 1 	16125	0.984192	0.984192	0.000000	0.000000
128	9600	738	0.015000	3 	 1 	16140	0.985107	0.985107	0.000000	0.000000
128	9600	739	0.015000	3 	 1 	16113	0.983459	0.983459	0.000000	0.000000
128	9600	740	0.015000	3 	 1 	16149	0.985657	0.985657	0.000000	0.000000
128	9600	741	0.015000	3 	 1 	16111	0.983337	0.983337	0.000000	0.000000
128	9600	742	0.015000	3 	 1 	16125	0.984192	0.984192	0.000000	0.000000
128	9600	743	0.015000	3 	 1 	16135	0.984802	0.984802	0.000000	0.000000
128	9600	744	0.015000	3 	 1 	16138	0.984985	0.984985	0.000000	0.000000
128	9600	745	0.015000	3 	 1 	16107	0.983093	0.983093	0.000000	0.000000
128	9600	746	0.015000	3 	 1 	16173	0.987122	0.987122	0.000000	0.000000
128	9600	747	0.015000	3 	 122 	7763	0.473816	0.511963	0.002869	4.009495
128	9600	748	0.015000	3 	 1 	16136	0.984863	0.984863	0.000000	0.000000
128	9600	749	0.015000	3 	 1 	16132	0.984619	0.984619	0.000000	0.000000
128	9600	750	0.015000	3 	 1 	16142	0.985229	0.985229	0.000000	0.000000
128	9600	751	0.015000	3 	 1 	16152	0.985840	0.985840	0.000000	0.000000
128	9600	752	0.015000	3 	 1 	16113	0.983459	0.983459	0.000000	0.000000
128	9600	753	0.015000	3 	 1 	16119	0.983826	0.983826	0.000000	0.000000
128	9600	754	0.015000	3 	 1 	16116	0.983643	0.983643	0.000000	0.000000
128	9600	755	0.015000	3 	 1 	16145	0.985413	0.985413	0.000000	0.000000
128	9600	756	0.015000	3 	 1 	16128	0.984375	0.984375	0.000000	0.000000
128	9600	757	0.015000	3 	 1 	16155	0.986023	0.986023	0.000000	0.000000
128	9600	758	0.015000	3 	 1 	16142	0.985229	0.985229	0.000000	0.000000
128	9600	759	0.015000	3 	 129 	5913	0.360901	0.394836	0.002075	3.165149
128	9600	760	0.015000	3 	 1 	16137	0.984924	0.984924	0.000000	0.000000
128	9600	761	0.015000	3 	 1 	16129	0.984436	0.984436	0.000000	0.000000
128	9600	762	0.015000	3 	 1 	16166	0.986694	0.986694	0.000000	0.000000
128	9600	763	0.015000	3 	 1 	16139	0.985046	0.985046	0.000000	0.000000
128	9600	764	0.015000	3 	 1 	16143	0.985291	0.985291	0.000000	0.000000
128	9600	765	0.015000	3 	 1 	16160	0.986328	0.986328	0.000000	0.000000
128	9600	766	0.015000	3 	 1 	16127	0.984314	0.984314	0.000000	0.000000
128	9600	767	0.015000	3 	 1 	16127	0.984314	0.984314	0.000000	0.000000
128	9600	768	0.015000	3 	 1 	16116	0.983643	0.983643	0.000000	0.000000
128	9600	769	0.015000	3 	 1 	16111	0.983337	0.983337	0.000000	0.000000
128	9600	770	0.015000	3 	 1 	16139	0.985046	0.985046	0.000000	0.000000
128	9600	771	0.015000	3 	 1 	16129	0.984436	0.984436	0.000000	0.000000
128	9600	772	0.015000	3 	 1 	16131	0.984558	0.984558	0.000000	0.000000
128	9600	773	0.015000	3 	 1 	16135	0.984802	0.984802	0.000000	0.000000
128	9600	774	0.015000	3 	 1 	16129	0.984436	0.984436	0.000000	0.000000
128	9600	775	0.015000	3 	 1 	16121	0.983948	0.983948	0.000000	0.000000
128	9600	776	0.015000	3 	 1 	16130	0.984497	0.984497	0.000000	0.000000
128	9600	777	0.015000	3 	 1 	16109	0.983215	0.983215	0.000000	0.000000
128	9600	778	0.015000	3 	 1 	16146	0.985474	0.985474	0.000000	0.000000
128	9600	779	0.015000	3 	 1 	16137	0.984924	0.984924	0.000000	0.000000
128	9600	780	0.015000	3 	 1 	16131	0.984558	0.984558	0.000000	0.000000
128	9600	781	0.015000	3 	 1 	16119	0.983826	0.983826	0.000000	0.000000
128	9600	782	0.015000	3 	 1 	16127	0.984314	0.984314	0.000000	0.000000
128	9600	783	0.015000	3 	 117 	6536	0.398926	0.429077	0.002014	3.260358
128	9600	784	0.015000	3 	 1 	16146	0.985474	0.985474	0.000000	0.000000
128	9600	785	0.015000	3 	 1 	16122	0.984009	0.984009	0.000000	0.000000
128	9600	786	0.015000	3 	 1 	16056	0.979980	0.979980	0.000000	0.000000
128	9600	787	0.015000	3 	 1 	16137	0.984924	0.984924	0.000000	0.000000
128	9600	788	0.015000	3 	 1 	16118	0.983765	0.983765	0.000000	0.000000
128	9600	789	0.015000	3 	 1 	16137	0.984924	0.984924	0.000000	0.000000
128	9600	790	0.015000	3 	 1 	16138	0.984985	0.984985	0.000000	0.000000
128	9600	791	0.015000	3 	 1 	16149	0.985657	0.985657	0.000000	0.000000
128	9600	792	0.015000	3 	 1 	16151	0.985779	0.985779	0.000000	0.000000
128	9600	793	0.015000	3 	 1 	16171	0.987000	0.987000	0.000000	0.000000
128	9600	794	0.015000	3 	 1 	16133	0.984680	0.984680	0.000000	0.000000
128	9600	795	0.015000	3 	 35 	13603	0.830261	0.839355	0.003235	5.602344
128	9600	796	0.015000	3 	 1 	16108	0.983154	0.983154	0.000000	0.000000
128	9600	797	0.015000	3 	 1 	16136	0.984863	0.984863	0.000000	0.000000
128	9600	798	0.015000	3 	 1 	16159	0.986267	0.986267	0.000000	0.000000
128	9600	799	0.015000	3 	 1 	16136	0.984863	0.984863	0.000000	0.000000
128	9600	800	0.015000	3 	 1 	16137	0.984924	0.984924	0.000000	0.000000
128	9600	801	0.015000	3 	 1 	16117	0.983704	0.983704	0.000000	0.000000
128	9600	802	0.015000	3 	 1 	16130	0.984497	0.984497	0.000000	0.000000
128	9600	803	0.015000	3 	 1 	16125	0.984192	0.984192	0.000000	0.000000
128	9600	804	0.015000	3 	 1 	16152	0.985840	0.985840	0.000000	0.000000
128	9600	805	0.015000	3 	 1 	16159	0.986267	0.986267	0.000000	0.000000
128	9600	806	0.015000	3 	 1 	16123	0.984070	0.984070	0.000000	0.000000
128	9600	807	0.015000	3 	 1 	16138	0.984985	0.984985	0.000000	0.000000
128	9600	808	0.015000	3 	 1 	16149	0.985657	0.985657	0.000000	0.000000
128	9600	809	0.015000	3 	 1 	16138	0.984985	0.984985	0.000000	0.000000
128	9600	810	0.015000	3 	 1 	16150	0.985718	0.985718	0.000000	0.000000
128	9600	811	0.015000	3 	 1 	16160	0.986328	0.986328	0.000000	0.000000
128	9600	812	0.015000	3 	 1 	16148	0.985596	0.985596	0.000000	0.000000
128	9600	813	0.015000	3 	 1 	16140	0.985107	0.985107	0.000000	0.000000
128	9600	814	0.015000	3 	 1 	16116	0.983643	0.983643	0.000000	0.000000
128	9600	815	0.015000	3 	 1 	16136	0.984863	0.984863	0.000000	0.000000
128	9600	816	0.015000	3 	 1 	16104	0.982910	0.982910	0.000000	0.000000
128	9600	817	0.015000	3 	 1 	16149	0.985657	0.985657	0.000000	0.000000
128	9600	818	0.015000	3 	 1 	16188	0.988037	0.988037	0.000000	0.000000
128	9600	819	0.015000	3 	 1 	16151	0.985779	0.985779	0.000000	0.000000
128	9600	820	0.015000	3 	 1 	16125	0.984192	0.984192	0.000000	0.000000
128	9600	821	0.015000	3 	 1 	16159	0.986267	0.986267	0.000000	0.000000
128	9600	822	0.015000	3 	 1 	16132	0.984619	0.984619	0.000000	0.000000
128	9600	823	0.015000	3 	 1 	16115	0.983582	0.983582	0.000000	0.000000
128	9600	824	0.015000	3 	 1 	16139	0.985046	0.985046	0.000000	0.000000
128	9600	825	0.015000	3 	 1 	16135	0.984802	0.984802	0.000000	0.000000
128	9600	826	0.015000	3 	 1 	16104	0.982910	0.982910	0.000000	0.000000
128	9600	827	0.015000	3 	 1 	16149	0.985657	0.985657	0.000000	0.000000
128	9600	828	0.015000	3 	 1 	16167	0.986755	0.986755	0.000000	0.000000
128	9600	829	0.015000	3 	 1 	16131	0.984558	0.984558	0.000000	0.000000
128	9600	830	0.015000	3 	 1 	16126	0.984253	0.984253	0.000000	0.000000
128	9600	831	0.015000	3 	 1 	16140	0.985107	0.985107	0.000000	0.000000
128	9600	832	0.015000	3 	 1 	16124	0.984131	0.984131	0.000000	0.000000
128	9600	833	0.015000	3 	 1 	16150	0.985718	0.985718	0.000000	0.000000
128	9600	834	0.015000	3 	 1 	16149	0.985657	0.985657	0.000000	0.000000
128	9600	835	0.015000	3 	 1 	16106	0.983032	0.983032	0.000000	0.000000
128	9600	836	0.015000	3 	 1 	16154	0.985962	0.985962	0.000000	0.000000
128	9600	837	0.015000	3 	 1 	16128	0.984375	0.984375	0.000000	0.000000
128	9600	838	0.015000	3 	 1 	16119	0.983826	0.983826	0.000000	0.000000
128	9600	839	0.015000	3 	 1 	16137	0.984924	0.984924	0.000000	0.000000
128	9600	840	0.015000	3 	 1 	16015	0.977478	0.977478	0.000000	0.000000
128	9600	841	0.015000	3 	 19 	13842	0.844849	0.848999	0.000671	1.414214
128	9600	842	0.015000	3 	 1 	16114	0.983521	0.983521	0.000000	0.000000
128	9600	843	0.015000	3 	 1 	16137	0.984924	0.984924	0.000000	0.000000
128	9600	844	0.015000	3 	 1 	16146	0.985474	0.985474	0.000000	0.000000
128	9600	845	0.015000	3 	 140 	5646	0.344604	0.391418	0.344604	33.222128
128	9600	846	0.015000	3 	 1 	16135	0.984802	0.984802	0.000000	0.000000
128	9600	847	0.015000	3 	 1 	16144	0.985352	0.985352	0.000000	0.000000
128	9600	848	0.015000	3 	 1 	16143	0.985291	0.985291	0.000000	0.000000
128	9600	849	0.015000	3 	 1 	16146	0.985474	0.985474	0.000000	0.000000
128	9600	850	0.015000	3 	 11 	15261	0.931458	0.933044	0.000488	1.262438
128	9600	851	0.015000	3 	 1 	16153	0.985901	0.985901	0.000000	0.000000
128	9600	852	0.015000	3 	 1 	16129	0.984436	0.984436	0.000000	0.000000
128	9600	853	0.015000	3 	 1 	16150	0.985718	0.985718	0.000000	0.000000
128	9600	854	0.015000	3 	 16 	14959	0.913025	0.915527	0.000793	1.635407
128	9600	855	0.015000	3 	 1 	16133	0.984680	0.984680	0.000000	0.000000
128	9600	856	0.015000	3 	 1 	16126	0.984253	0.984253	0.000000	0.000000
128	9600	857	0.015000	3 	 1 	16148	0.985596	0.985596	0.000000	0.000000
128	9600	858	0.015000	3 	 1 	16123	0.984070	0.984070	0.000000	0.000000
128	9600	859	0.015000	3 	 1 	16134	0.984741	0.984741	0.000000	0.000000
128	9600	860	0.015000	3 	 30 	13813	0.843079	0.851135	0.001709	3.063736
128	9600	861	0.015000	3 	 1 	16153	0.985901	0.985901	0.000000	0.000000
128	9600	862	0.015000	3 	 1 	16106	0.983032	0.983032	0.000000	0.000000
128	9600	863	0.015000	3 	 1 	16154	0.985962	0.985962	0.000000	0.000000
128	9600	864	0.015000	3 	 1 	16123	0.984070	0.984070	0.000000	0.000000
128	9600	865	0.015000	3 	 1 	16139	0.985046	0.985046	0.000000	0.000000
128	9600	866	0.015000	3 	 1 	16137	0.984924	0.984924	0.000000	0.000000
128	9600	867	0.015000	3 	 1 	16128	0.984375	0.984375	0.000000	0.000000
128	9600	868	0.015000	3 	 24 	14531	0.886902	0.892578	0.000916	2.288134
128	9600	869	0.015000	3 	 1 	16126	0.984253	0.984253	0.000000	0.000000
128	9600	870	0.015000	3 	 1 	16152	0.985840	0.985840	0.000000	0.000000
128	9600	871	0.015000	3 	 1 	16126	0.984253	0.984253	0.000000	0.000000
128	9600	872	0.015000	3 	 1 	16124	0.984131	0.984131	0.000000	0.000000
128	9600	873	0.015000	3 	 1 	16143	0.985291	0.985291	0.000000	0.000000
128	9600	874	0.015000	3 	 1 	16144	0.985352	0.985352	0.000000	0.000000
128	9600	875	0.015000	3 	 1 	16113	0.983459	0.983459	0.000000	0.000000
128	9600	876	0.015000	3 	 1 	16147	0.985535	0.985535	0.000000	0.000000
128	9600	877	0.015000	3 	 1 	16149	0.985657	0.985657	0.000000	0.000000
128	9600	878	0.015000	3 	 1 	16142	0.985229	0.985229	0.000000	0.000000
128	9600	879	0.015000	3 	 1 	16116	0.983643	0.983643	0.000000	0.000000
128	9600	880	0.015000	3 	 1 	16117	0.983704	0.983704	0.000000	0.000000
128	9600	881	0.015000	3 	 242 	2816	0.171875	0.235413	0.171875	25.754516
128	9600	882	0.015000	3 	 1 	16144	0.985352	0.985352	0.000000	0.000000
128	9600	883	0.015000	3 	 1 	16166	0.986694	0.986694	0.000000	0.000000
128	9600	884	0.015000	3 	 1 	16150	0.985718	0.985718	0.000000	0.000000
128	9600	885	0.015000	3 	 1 	16108	0.983154	0.983154	0.000000	0.000000
128	9600	886	0.015000	3 	 1 	16124	0.984131	0.984131	0.000000	0.000000
128	9600	887	0.015000	3 	 1 	16112	0.983398	0.983398	0.000000	0.000000
128	9600	888	0.015000	3 	 1 	16113	0.983459	0.983459	0.000000	0.000000
128	9600	889	0.015000	3 	 1 	16162	0.986450	0.986450	0.000000	0.000000
128	9600	890	0.015000	3 	 1 	16135	0.984802	0.984802	0.000000	0.000000
128	9600	891	0.015000	3 	 1 	16117	0.983704	0.983704	0.000000	0.000000
128	9600	892	0.015000	3 	 169 	4440	0.270996	0.324402	0.270996	32.150848
128	9600	893	0.015000	3 	 1 	16146	0.985474	0.985474	0.000000	0.000000
128	9600	894	0.015000	3 	 1 	16115	0.983582	0.983582	0.000000	0.000000
128	9600	895	0.015000	3 	 1 	16120	0.983887	0.983887	0.000000	0.000000
128	9600	896	0.015000	3 	 1 	16123	0.984070	0.984070	0.000000	0.000000
128	9600	897	0.015000	3 	 7 	15429	0.941711	0.942505	0.000244	0.707107
128	9600	898	0.015000	3 	 1 	16111	0.983337	0.983337	0.000000	0.000000
128	9600	899	0.015000	3 	 1 	16135	0.984802	0.984802	0.000000	0.000000
128	9600	900	0.015000	3 	 1 	16117	0.983704	0.983704	0.000000	0.000000
128	9600	901	0.015000	3 	 1 	16101	0.982727	0.982727	0.000000	0.000000
128	9600	902	0.015000	3 	 1 	16139	0.985046	0.985046	0.000000	0.000000
128	9600	903	0.015000	3 	 1 	16114	0.983521	0.983521	0.000000	0.000000
128	9600	904	0.015000	3 	 1 	16150	0.985718	0.985718	0.000000	0.000000
128	9600	905	0.015000	3 	 1 	16151	0.985779	0.985779	0.000000	0.000000
128	9600	906	0.015000	3 	 1 	16140	0.985107	0.985107	0.000000	0.000000
128	9600	907	0.015000	3 	 1 	16132	0.984619	0.984619	0.000000	0.000000
128	9600	908	0.015000	3 	 1 	16148	0.985596	0.985596	0.000000	0.000000
128	9600	909	0.015000	3 	 1 	16072	0.980957	0.980957	0.000000	0.000000
128	9600	910	0.015000	3 	 1 	16143	0.985291	0.985291	0.000000	0.000000
128	9600	911	0.015000	3 	 1 	16121	0.983948	0.983948	0.000000	0.000000
128	9600	912	0.015000	3 	 1 	16156	0.986084	0.986084	0.000000	0.000000
128	9600	913	0.015000	3 	 1 	16146	0.985474	0.985474	0.000000	0.000000
128	9600	914	0.015000	3 	 1 	16144	0.985352	0.985352	0.000000	0.000000
128	9600	915	0.015000	3 	 1 	16149	0.985657	0.985657	0.000000	0.000000
128	9600	916	0.015000	3 	 1 	16151	0.985779	0.985779	0.000000	0.000000
128	9600	917	0.015000	3 	 1 	16131	0.984558	0.984558	0.000000	0.000000
128	9600	918	0.015000	3 	 126 	5559	0.339294	0.377686	0.339294	33.180391
128	9600	919	0.015000	3 	 1 	16143	0.985291	0.985291	0.000000	0.000000
128	9600	920	0.015000	3 	 1 	16128	0.984375	0.984375	0.000000	0.000000
128	9600	921	0.015000	3 	 1 	16143	0.985291	0.985291	0.000000	0.000000
128	9600	922	0.015000	3 	 1 	16119	0.983826	0.983826	0.000000	0.000000
128	9600	923	0.015000	3 	 1 	16133	0.984680	0.984680	0.000000	0.000000
128	9600	924	0.015000	3 	 140 	2621	0.159973	0.199829	0.159973	24.414497
128	9600	925	0.015000	3 	 1 	16126	0.984253	0.984253	0.000000	0.000000
128	9600	926	0.015000	3 	 1 	16140	0.985107	0.985107	0.000000	0.000000
128	9600	927	0.015000	3 	 1 	16132	0.984619	0.984619	0.000000	0.000000
128	9600	928	0.015000	3 	 1 	16138	0.984985	0.984985	0.000000	0.000000
128	9600	929	0.015000	3 	 1 	16139	0.985046	0.985046	0.000000	0.000000
128	9600	930	0.015000	3 	 1 	16146	0.985474	0.985474	0.000000	0.000000
128	9600	931	0.015000	3 	 1 	16145	0.985413	0.985413	0.000000	0.000000
128	9600	932	0.015000	3 	 1 	16137	0.984924	0.984924	0.000000	0.000000
128	9600	933	0.015000	3 	 1 	15776	0.962891	0.962891	0.000000	0.000000
128	9600	934	0.015000	3 	 1 	16137	0.984924	0.984924	0.000000	0.000000
128	9600	935	0.015000	3 	 1 	16134	0.984741	0.984741	0.000000	0.000000
128	9600	936	0.015000	3 	 1 	16036	0.978760	0.978760	0.000000	0.000000
128	9600	937	0.015000	3 	 1 	16135	0.984802	0.984802	0.000000	0.000000
128	9600	938	0.015000	3 	 1 	16172	0.987061	0.987061	0.000000	0.000000
128	9600	939	0.015000	3 	 1 	16152	0.985840	0.985840	0.000000	0.000000
128	9600	940	0.015000	3 	 1 	16134	0.984741	0.984741	0.000000	0.000000
128	9600	941	0.015000	3 	 1 	16163	0.986511	0.986511	0.000000	0.000000
128	9600	942	0.015000	3 	 1 	16146	0.985474	0.985474	0.000000	0.000000
128	9600	943	0.015000	3 	 1 	16141	0.985168	0.985168	0.000000	0.000000
128	9600	944	0.015000	3 	 1 	16138	0.984985	0.984985	0.000000	0.000000
128	9600	945	0.015000	3 	 1 	16105	0.982971	0.982971	0.000000	0.000000
128	9600	946	0.015000	3 	 1 	16107	0.983093	0.983093	0.000000	0.000000
128	9600	947	0.015000	3 	 1 	16132	0.984619	0.984619	0.000000	0.000000
128	9600	948	0.015000	3 	 1 	16163	0.986511	0.986511	0.000000	0.000000
128	9600	949	0.015000	3 	 1 	16152	0.985840	0.985840	0.000000	0.000000
128	9600	950	0.015000	3 	 1 	16145	0.985413	0.985413	0.000000	0.000000
128	9600	951	0.015000	3 	 1 	16151	0.985779	0.985779	0.000000	0.000000
128	9600	952	0.015000	3 	 1 	16137	0.984924	0.984924	0.000000	0.000000
128	9600	953	0.015000	3 	 1 	16156	0.986084	0.986084	0.000000	0.000000
128	9600	954	0.015000	3 	 1 	16146	0.985474	0.985474	0.000000	0.000000
128	9600	955	0.015000	3 	 1 	16144	0.985352	0.985352	0.000000	0.000000
128	9600	956	0.015000	3 	 1 	16140	0.985107	0.985107	0.000000	0.000000
128	9600	957	0.015000	3 	 1 	16124	0.984131	0.984131	0.000000	0.000000
128	9600	958	0.015000	3 	 87 	11283	0.688660	0.710571	0.002075	3.072931
128	9600	959	0.015000	3 	 40 	13131	0.801453	0.811340	0.003296	4.606498
128	9600	960	0.015000	3 	 1 	16104	0.982910	0.982910	0.000000	0.000000
128	9600	961	0.015000	3 	 1 	16142	0.985229	0.985229	0.000000	0.000000
128	9600	962	0.015000	3 	 1 	16121	0.983948	0.983948	0.000000	0.000000
128	9600	963	0.015000	3 	 1 	16148	0.985596	0.985596	0.000000	0.000000
128	9600	964	0.015000	3 	 1 	16150	0.985718	0.985718	0.000000	0.000000
128	9600	965	0.015000	3 	 1 	16108	0.983154	0.983154	0.000000	0.000000
128	9600	966	0.015000	3 	 1 	16117	0.983704	0.983704	0.000000	0.000000
128	9600	967	0.015000	3 	 1 	16147	0.985535	0.985535	0.000000	0.000000
128	9600	968	0.015000	3 	 1 	16138	0.984985	0.984985	0.000000	0.000000
128	9600	969	0.015000	3 	 1 	16144	0.985352	0.985352	0.000000	0.000000
128	9600	970	0.015000	3 	 1 	16121	0.983948	0.983948	0.000000	0.000000
128	9600	971	0.015000	3 	 1 	16145	0.985413	0.985413	0.000000	0.000000
128	9600	972	0.015000	3 	 1 	16135	0.984802	0.984802	0.000000	0.000000
128	9600	973	0.015000	3 	 1 	16109	0.983215	0.983215	0.000000	0.000000
128	9600	974	0.015000	3 	 1 	16111	0.983337	0.983337	0.000000	0.000000
128	9600	975	0.015000	3 	 1 	16146	0.985474	0.985474	0.000000	0.000000
128	9600	976	0.015000	3 	 1 	16126	0.984253	0.984253	0.000000	0.000000
128	9600	977	0.015000	3 	 1 	16140	0.985107	0.985107	0.000000	0.000000
128	9600	978	0.015000	3 	 1 	16135	0.984802	0.984802	0.000000	0.000000
128	9600	979	0.015000	3 	 1 	16137	0.984924	0.984924	0.000000	0.000000
128	9600	980	0.015000	3 	 1 	16142	0.985229	0.985229	0.000000	0.000000
128	9600	981	0.015000	3 	 1 	16147	0.985535	0.985535	0.000000	0.000000
128	9600	982	0.015000	3 	 1 	16147	0.985535	0.985535	0.000000	0.000000
128	9600	983	0.015000	3 	 1 	16146	0.985474	0.985474	0.000000	0.000000
128	9600	984	0.015000	3 	 1 	16147	0.985535	0.985535	0.000000	0.000000
128	9600	985	0.015000	3 	 1 	16135	0.984802	0.984802	0.000000	0.000000
128	9600	986	0.015000	3 	 1 	16145	0.985413	0.985413	0.000000	0.000000
128	9600	987	0.015000	3 	 12 	15185	0.926819	0.928772	0.000549	1.563472
128	9600	988	0.015000	3 	 1 	16136	0.984863	0.984863	0.000000	0.000000
128	9600	989	0.015000	3 	 1 	16128	0.984375	0.984375	0.000000	0.000000
128	9600	990	0.015000	3 	 1 	16154	0.985962	0.985962	0.000000	0.000000
128	9600	991	0.015000	3 	 1 	16125	0.984192	0.984192	0.000000	0.000000
128	9600	992	0.015000	3 	 1 	16147	0.985535	0.985535	0.000000	0.000000
128	9600	993	0.015000	3 	 1 	16157	0.986145	0.986145	0.000000	0.000000
128	9600	994	0.015000	3 	 1 	16112	0.983398	0.983398	0.000000	0.000000
128	9600	995	0.015000	3 	 1 	16131	0.984558	0.984558	0.000000	0.000000
128	9600	996	0.015000	3 	 1 	16153	0.985901	0.985901	0.000000	0.000000
128	9600	997	0.015000	3 	 1 	16066	0.980591	0.980591	0.000000	0.000000
128	9600	998	0.015000	3 	 1 	16157	0.986145	0.986145	0.000000	0.000000
128	9600	999	0.015000	3 	 1 	16130	0.984497	0.984497	0.000000	0.000000
128	9600	1000	0.015000	3 	 1 	16153	0.985901	0.985901	0.000000	0.000000
