512	8500	2	209	17	0.000065	0.002247	0.000065
512	8500	3	247	13	0.000050	0.002407	0.000050
512	8500	4	207	21	0.000080	0.002369	0.000080
512	8500	5	210	18	0.000069	0.002361	0.000069
512	8500	6	182	16	0.000061	0.001854	0.000061
512	8500	7	231	20	0.000076	0.002663	0.000076
512	8500	8	211	11	0.000042	0.002247	0.000042
512	8500	9	255	19	0.000072	0.002907	0.000072
512	8500	10	184	17	0.000065	0.001968	0.000065
512	8500	11	189	19	0.000072	0.002296	0.000072
512	8500	12	244	16	0.000061	0.002552	0.000061
512	8500	13	206	13	0.000050	0.002419	0.000050
512	8500	14	236	18	0.000069	0.002380	0.000069
512	8500	15	169	13	0.000050	0.002003	0.000050
512	8500	16	205	18	0.000069	0.002319	0.000069
512	8500	17	250	14	0.000053	0.002407	0.000053
512	8500	18	203	15	0.000057	0.001991	0.000057
512	8500	19	221	14	0.000053	0.002605	0.000053
512	8500	20	202	22	0.000084	0.002243	0.000084
512	8500	21	202	16	0.000061	0.002026	0.000061
512	8500	22	208	21	0.000080	0.002247	0.000080
512	8500	23	238	11	0.000042	0.002556	0.000042
512	8500	24	199	16	0.000061	0.002262	0.000061
512	8500	25	186	15	0.000057	0.002163	0.000057
512	8500	26	203	13	0.000050	0.002422	0.000050
512	8500	27	233	22	0.000084	0.002621	0.000084
512	8500	28	185	10	0.000038	0.001930	0.000038
512	8500	29	208	15	0.000057	0.002285	0.000057
512	8500	30	229	17	0.000065	0.002327	0.000065
512	8500	31	198	12	0.000046	0.002125	0.000046
512	8500	32	183	18	0.000069	0.002018	0.000069
512	8500	33	190	13	0.000050	0.001968	0.000050
512	8500	34	183	15	0.000057	0.001995	0.000057
512	8500	35	183	15	0.000057	0.001858	0.000057
512	8500	36	221	23	0.000088	0.002598	0.000088
512	8500	37	199	16	0.000061	0.002247	0.000061
512	8500	38	212	12	0.000046	0.002304	0.000046
512	8500	39	191	16	0.000061	0.002201	0.000061
512	8500	40	222	17	0.000065	0.002438	0.000065
512	8500	41	177	18	0.000069	0.001846	0.000069
512	8500	42	234	13	0.000050	0.002457	0.000050
512	8500	43	201	19	0.000072	0.002399	0.000072
512	8500	44	195	14	0.000053	0.002102	0.000053
512	8500	45	187	19	0.000072	0.002232	0.000072
512	8500	46	212	13	0.000050	0.002369	0.000050
512	8500	47	228	15	0.000057	0.002533	0.000057
512	8500	48	211	13	0.000050	0.002457	0.000050
512	8500	49	203	10	0.000038	0.002140	0.000038
512	8500	50	173	16	0.000061	0.002022	0.000061
512	8500	51	184	16	0.000061	0.001942	0.000061
512	8500	52	189	16	0.000061	0.002300	0.000061
512	8500	53	204	20	0.000076	0.002499	0.000076
512	8500	54	237	11	0.000042	0.002590	0.000042
512	8500	55	209	14	0.000053	0.002338	0.000053
512	8500	56	229	15	0.000057	0.002552	0.000057
512	8500	57	186	21	0.000080	0.002106	0.000080
512	8500	58	224	15	0.000057	0.002483	0.000057
512	8500	59	244	12	0.000046	0.002625	0.000046
512	8500	60	161	16	0.000061	0.001869	0.000061
512	8500	61	257	22	0.000084	0.002827	0.000084
512	8500	62	213	12	0.000046	0.002151	0.000046
512	8500	63	233	13	0.000050	0.002659	0.000050
512	8500	64	142	11	0.000042	0.001484	0.000042
512	8500	65	179	14	0.000053	0.001930	0.000053
512	8500	66	189	13	0.000050	0.001884	0.000050
512	8500	67	250	15	0.000057	0.002716	0.000057
512	8500	68	207	10	0.000038	0.002289	0.000038
512	8500	69	198	18	0.000069	0.002407	0.000069
512	8500	70	241	13	0.000050	0.002647	0.000050
512	8500	71	229	15	0.000057	0.002613	0.000057
512	8500	72	168	15	0.000057	0.001770	0.000057
512	8500	73	210	17	0.000065	0.002258	0.000065
512	8500	74	199	20	0.000076	0.002335	0.000076
512	8500	75	220	12	0.000046	0.002304	0.000046
512	8500	76	209	17	0.000065	0.002213	0.000065
512	8500	77	190	15	0.000057	0.002132	0.000057
512	8500	78	294	12	0.000046	0.002983	0.000046
512	8500	79	218	16	0.000061	0.002388	0.000061
512	8500	80	257	21	0.000080	0.002949	0.000080
512	8500	81	211	14	0.000053	0.002209	0.000053
512	8500	82	254	17	0.000065	0.002686	0.000065
512	8500	83	194	12	0.000046	0.002026	0.000046
512	8500	84	154	21	0.000080	0.001724	0.000080
512	8500	85	146	13	0.000050	0.001598	0.000050
512	8500	86	243	25	0.000095	0.002392	0.000095
512	8500	87	150	18	0.000069	0.001705	0.000069
512	8500	88	228	10	0.000038	0.002216	0.000038
512	8500	89	223	13	0.000050	0.002224	0.000050
512	8500	90	206	16	0.000061	0.002323	0.000061
512	8500	91	198	13	0.000050	0.001991	0.000050
512	8500	92	183	16	0.000061	0.002193	0.000061
512	8500	93	201	23	0.000088	0.002449	0.000088
512	8500	94	219	15	0.000057	0.002434	0.000057
512	8500	95	234	11	0.000042	0.002537	0.000042
512	8500	96	265	16	0.000061	0.002850	0.000061
512	8500	97	213	14	0.000053	0.002079	0.000053
512	8500	98	199	21	0.000080	0.002323	0.000080
512	8500	99	245	19	0.000072	0.002708	0.000072
512	8500	100	162	14	0.000053	0.001945	0.000053
512	8500	101	277	14	0.000053	0.002934	0.000053
512	8500	102	204	14	0.000053	0.002239	0.000053
512	8500	103	247	15	0.000057	0.002674	0.000057
512	8500	104	202	14	0.000053	0.002159	0.000053
512	8500	105	182	16	0.000061	0.001789	0.000061
512	8500	106	214	18	0.000069	0.002399	0.000069
512	8500	107	230	14	0.000053	0.002693	0.000053
512	8500	108	231	15	0.000057	0.002575	0.000057
512	8500	109	171	11	0.000042	0.001862	0.000042
512	8500	110	173	19	0.000072	0.002071	0.000072
512	8500	111	198	12	0.000046	0.002033	0.000046
512	8500	112	194	9	0.000034	0.002022	0.000034
512	8500	113	182	13	0.000050	0.001919	0.000050
512	8500	114	185	11	0.000042	0.002003	0.000042
512	8500	115	210	14	0.000053	0.002247	0.000053
512	8500	116	191	16	0.000061	0.002071	0.000061
512	8500	117	167	22	0.000084	0.001904	0.000084
512	8500	118	182	13	0.000050	0.002056	0.000050
512	8500	119	238	14	0.000053	0.002304	0.000053
512	8500	120	223	16	0.000061	0.002468	0.000061
512	8500	121	212	12	0.000046	0.002281	0.000046
512	8500	122	184	15	0.000057	0.002106	0.000057
512	8500	123	208	12	0.000046	0.002384	0.000046
512	8500	124	230	15	0.000057	0.002560	0.000057
512	8500	125	211	16	0.000061	0.002396	0.000061
512	8500	126	231	18	0.000069	0.002834	0.000069
512	8500	127	189	12	0.000046	0.002022	0.000046
512	8500	128	203	19	0.000072	0.002167	0.000072
512	8500	129	270	16	0.000061	0.002876	0.000061
512	8500	130	191	12	0.000046	0.002144	0.000046
512	8500	131	190	17	0.000065	0.002064	0.000065
512	8500	132	248	15	0.000057	0.002773	0.000057
512	8500	133	294	21	0.000080	0.003143	0.000080
512	8500	134	173	12	0.000046	0.001801	0.000046
512	8500	135	235	16	0.000061	0.002407	0.000061
512	8500	136	207	12	0.000046	0.002125	0.000046
512	8500	137	182	13	0.000050	0.001884	0.000050
512	8500	138	217	20	0.000076	0.002491	0.000076
512	8500	139	241	13	0.000050	0.002560	0.000050
512	8500	140	211	12	0.000046	0.002411	0.000046
512	8500	141	203	12	0.000046	0.002304	0.000046
512	8500	142	237	16	0.000061	0.002743	0.000061
512	8500	143	211	12	0.000046	0.002193	0.000046
512	8500	144	235	18	0.000069	0.002594	0.000069
512	8500	145	224	13	0.000050	0.002388	0.000050
512	8500	146	200	11	0.000042	0.002110	0.000042
512	8500	147	210	21	0.000080	0.002560	0.000080
512	8500	148	245	14	0.000053	0.002796	0.000053
512	8500	149	208	16	0.000061	0.002308	0.000061
512	8500	150	211	18	0.000069	0.002316	0.000069
512	8500	151	184	13	0.000050	0.001785	0.000050
512	8500	152	191	18	0.000069	0.002247	0.000069
512	8500	153	239	13	0.000050	0.002716	0.000050
512	8500	154	191	15	0.000057	0.002098	0.000057
512	8500	155	227	17	0.000065	0.002411	0.000065
512	8500	156	210	14	0.000053	0.002163	0.000053
512	8500	157	195	18	0.000069	0.002041	0.000069
512	8500	158	203	15	0.000057	0.002247	0.000057
512	8500	159	239	21	0.000080	0.002682	0.000080
512	8500	160	210	19	0.000072	0.002354	0.000072
512	8500	161	230	21	0.000080	0.002522	0.000080
512	8500	162	178	21	0.000080	0.001938	0.000080
512	8500	163	235	15	0.000057	0.002594	0.000057
512	8500	164	239	18	0.000069	0.002533	0.000069
512	8500	165	206	15	0.000057	0.002144	0.000057
512	8500	166	165	12	0.000046	0.001865	0.000046
512	8500	167	192	13	0.000050	0.002132	0.000050
512	8500	168	201	24	0.000092	0.002159	0.000092
512	8500	169	270	12	0.000046	0.002724	0.000046
512	8500	170	252	14	0.000053	0.002426	0.000053
512	8500	171	178	16	0.000061	0.002102	0.000061
512	8500	172	192	11	0.000042	0.001919	0.000042
512	8500	173	218	15	0.000057	0.002308	0.000057
512	8500	174	184	14	0.000053	0.002033	0.000053
512	8500	175	232	36	0.000137	0.002506	0.000137
512	8500	176	193	12	0.000046	0.001987	0.000046
512	8500	177	247	12	0.000046	0.002525	0.000046
512	8500	178	209	12	0.000046	0.002178	0.000046
512	8500	179	225	14	0.000053	0.002605	0.000053
512	8500	180	295	14	0.000053	0.003166	0.000053
512	8500	181	190	13	0.000050	0.002144	0.000050
512	8500	182	273	16	0.000061	0.003063	0.000061
512	8500	183	232	17	0.000065	0.002483	0.000065
512	8500	184	243	12	0.000046	0.002598	0.000046
512	8500	185	208	18	0.000069	0.002201	0.000069
512	8500	186	177	20	0.000076	0.002079	0.000076
512	8500	187	165	11	0.000042	0.001640	0.000042
512	8500	188	221	17	0.000065	0.002522	0.000065
512	8500	189	140	12	0.000046	0.001526	0.000046
512	8500	190	215	14	0.000053	0.002319	0.000053
512	8500	191	158	15	0.000057	0.001579	0.000057
512	8500	192	173	18	0.000069	0.001980	0.000069
512	8500	193	218	16	0.000061	0.002678	0.000061
512	8500	194	221	12	0.000046	0.002361	0.000046
512	8500	195	183	13	0.000050	0.002003	0.000050
512	8500	196	200	16	0.000061	0.002056	0.000061
512	8500	197	214	12	0.000046	0.002277	0.000046
512	8500	198	169	15	0.000057	0.001869	0.000057
512	8500	199	215	18	0.000069	0.002594	0.000069
512	8500	200	213	11	0.000042	0.002197	0.000042
512	8500	201	209	12	0.000046	0.002319	0.000046
512	8500	202	207	17	0.000065	0.002365	0.000065
512	8500	203	242	16	0.000061	0.002670	0.000061
512	8500	204	285	15	0.000057	0.003155	0.000057
512	8500	205	267	12	0.000046	0.002838	0.000046
512	8500	206	185	14	0.000053	0.001888	0.000053
512	8500	207	205	15	0.000057	0.002323	0.000057
512	8500	208	262	15	0.000057	0.002766	0.000057
512	8500	209	178	11	0.000042	0.001709	0.000042
512	8500	210	225	13	0.000050	0.002663	0.000050
512	8500	211	237	21	0.000080	0.002438	0.000080
512	8500	212	278	20	0.000076	0.003021	0.000076
512	8500	213	178	18	0.000069	0.002026	0.000069
512	8500	214	232	16	0.000061	0.002411	0.000061
512	8500	215	179	15	0.000057	0.002132	0.000057
512	8500	216	221	20	0.000076	0.002396	0.000076
512	8500	217	232	12	0.000046	0.002529	0.000046
512	8500	218	183	14	0.000053	0.002007	0.000053
512	8500	219	253	14	0.000053	0.002663	0.000053
512	8500	220	270	18	0.000069	0.003036	0.000069
512	8500	221	229	19	0.000072	0.002625	0.000072
512	8500	222	191	12	0.000046	0.002022	0.000046
512	8500	223	209	16	0.000061	0.001999	0.000061
512	8500	224	191	18	0.000069	0.002010	0.000069
512	8500	225	206	16	0.000061	0.002090	0.000061
512	8500	226	247	14	0.000053	0.002766	0.000053
512	8500	227	228	20	0.000076	0.002575	0.000076
512	8500	228	255	16	0.000061	0.002632	0.000061
512	8500	229	262	18	0.000069	0.002804	0.000069
512	8500	230	192	13	0.000050	0.001961	0.000050
512	8500	231	205	17	0.000065	0.002392	0.000065
512	8500	232	237	13	0.000050	0.002625	0.000050
512	8500	233	198	15	0.000057	0.002228	0.000057
512	8500	234	240	13	0.000050	0.002636	0.000050
512	8500	235	248	16	0.000061	0.002747	0.000061
512	8500	236	238	19	0.000072	0.002567	0.000072
512	8500	237	202	15	0.000057	0.002010	0.000057
512	8500	238	248	19	0.000072	0.002602	0.000072
512	8500	239	216	19	0.000072	0.002495	0.000072
512	8500	240	180	11	0.000042	0.001846	0.000042
512	8500	241	123	13	0.000050	0.001408	0.000050
512	8500	242	234	14	0.000053	0.002647	0.000053
512	8500	243	194	17	0.000065	0.002239	0.000065
512	8500	244	160	17	0.000065	0.001671	0.000065
512	8500	245	269	14	0.000053	0.002972	0.000053
512	8500	246	231	16	0.000061	0.002430	0.000061
512	8500	247	227	13	0.000050	0.002483	0.000050
512	8500	248	231	14	0.000053	0.002487	0.000053
512	8500	249	262	15	0.000057	0.003010	0.000057
512	8500	250	188	26	0.000099	0.002216	0.000099
512	8500	251	271	19	0.000072	0.003113	0.000072
512	8500	252	212	12	0.000046	0.002186	0.000046
512	8500	253	194	16	0.000061	0.002304	0.000061
512	8500	254	204	10	0.000038	0.001892	0.000038
512	8500	255	193	13	0.000050	0.002098	0.000050
512	8500	256	192	10	0.000038	0.002151	0.000038
512	8500	257	199	21	0.000080	0.002285	0.000080
512	8500	258	199	13	0.000050	0.002384	0.000050
512	8500	259	209	17	0.000065	0.002422	0.000065
512	8500	260	279	14	0.000053	0.003048	0.000053
512	8500	261	215	14	0.000053	0.002373	0.000053
512	8500	262	162	14	0.000053	0.001675	0.000053
512	8500	263	199	17	0.000065	0.002327	0.000065
512	8500	264	200	22	0.000084	0.002121	0.000084
512	8500	265	238	13	0.000050	0.002277	0.000050
512	8500	266	241	18	0.000069	0.002674	0.000069
512	8500	267	172	12	0.000046	0.001957	0.000046
512	8500	268	180	15	0.000057	0.001984	0.000057
512	8500	269	186	12	0.000046	0.001930	0.000046
512	8500	270	216	14	0.000053	0.002419	0.000053
512	8500	271	201	14	0.000053	0.002163	0.000053
512	8500	272	213	12	0.000046	0.002205	0.000046
512	8500	273	184	19	0.000072	0.001980	0.000072
512	8500	274	212	18	0.000069	0.002277	0.000069
512	8500	275	194	14	0.000053	0.002277	0.000053
512	8500	276	235	18	0.000069	0.002663	0.000069
512	8500	277	176	14	0.000053	0.002048	0.000053
512	8500	278	227	12	0.000046	0.002415	0.000046
512	8500	279	213	15	0.000057	0.002232	0.000057
512	8500	280	228	19	0.000072	0.002625	0.000072
512	8500	281	236	15	0.000057	0.002453	0.000057
512	8500	282	223	12	0.000046	0.002342	0.000046
512	8500	283	188	20	0.000076	0.002129	0.000076
512	8500	284	223	15	0.000057	0.002312	0.000057
512	8500	285	196	11	0.000042	0.002205	0.000042
512	8500	286	176	10	0.000038	0.001957	0.000038
512	8500	287	201	17	0.000065	0.002190	0.000065
512	8500	288	235	20	0.000076	0.002701	0.000076
512	8500	289	197	13	0.000050	0.002316	0.000050
512	8500	290	240	17	0.000065	0.002605	0.000065
512	8500	291	224	19	0.000072	0.002510	0.000072
512	8500	292	167	15	0.000057	0.001762	0.000057
512	8500	293	204	14	0.000053	0.002373	0.000053
512	8500	294	200	18	0.000069	0.002251	0.000069
512	8500	295	221	14	0.000053	0.002209	0.000053
512	8500	296	235	14	0.000053	0.002708	0.000053
512	8500	297	233	17	0.000065	0.002583	0.000065
512	8500	298	248	17	0.000065	0.002808	0.000065
512	8500	299	175	11	0.000042	0.001698	0.000042
512	8500	300	210	23	0.000088	0.002296	0.000088
512	8500	301	217	15	0.000057	0.002480	0.000057
512	8500	302	234	19	0.000072	0.002548	0.000072
512	8500	303	186	13	0.000050	0.002068	0.000050
512	8500	304	228	16	0.000061	0.002541	0.000061
512	8500	305	207	14	0.000053	0.002083	0.000053
512	8500	306	234	23	0.000088	0.002464	0.000088
512	8500	307	252	16	0.000061	0.002636	0.000061
512	8500	308	189	16	0.000061	0.001965	0.000061
512	8500	309	236	15	0.000057	0.002407	0.000057
512	8500	310	229	22	0.000084	0.002369	0.000084
512	8500	311	179	12	0.000046	0.002037	0.000046
512	8500	312	225	11	0.000042	0.002262	0.000042
512	8500	313	181	23	0.000088	0.002090	0.000088
512	8500	314	260	18	0.000069	0.002892	0.000069
512	8500	315	194	19	0.000072	0.002075	0.000072
512	8500	316	212	16	0.000061	0.002472	0.000061
512	8500	317	216	18	0.000069	0.002300	0.000069
512	8500	318	198	13	0.000050	0.002247	0.000050
512	8500	319	208	16	0.000061	0.002449	0.000061
512	8500	320	233	13	0.000050	0.002472	0.000050
512	8500	321	198	11	0.000042	0.001965	0.000042
512	8500	322	211	17	0.000065	0.002289	0.000065
512	8500	323	235	13	0.000050	0.002464	0.000050
512	8500	324	280	19	0.000072	0.003189	0.000072
512	8500	325	199	19	0.000072	0.002132	0.000072
512	8500	326	241	14	0.000053	0.002720	0.000053
512	8500	327	207	13	0.000050	0.002010	0.000050
512	8500	328	181	23	0.000088	0.002090	0.000088
512	8500	329	222	14	0.000053	0.002338	0.000053
512	8500	330	220	13	0.000050	0.002457	0.000050
512	8500	331	238	13	0.000050	0.002609	0.000050
512	8500	332	201	12	0.000046	0.002197	0.000046
512	8500	333	182	13	0.000050	0.001926	0.000050
512	8500	334	278	19	0.000072	0.003181	0.000072
512	8500	335	194	19	0.000072	0.002171	0.000072
512	8500	336	214	15	0.000057	0.002449	0.000057
512	8500	337	170	17	0.000065	0.001934	0.000065
512	8500	338	272	13	0.000050	0.002655	0.000050
512	8500	339	172	17	0.000065	0.001980	0.000065
512	8500	340	193	15	0.000057	0.002136	0.000057
512	8500	341	208	16	0.000061	0.002121	0.000061
512	8500	342	229	13	0.000050	0.002537	0.000050
512	8500	343	154	18	0.000069	0.001865	0.000069
512	8500	344	149	18	0.000069	0.001690	0.000069
512	8500	345	199	21	0.000080	0.002155	0.000080
512	8500	346	250	16	0.000061	0.002670	0.000061
512	8500	347	221	13	0.000050	0.002598	0.000050
512	8500	348	190	17	0.000065	0.002308	0.000065
512	8500	349	238	19	0.000072	0.002575	0.000072
512	8500	350	228	19	0.000072	0.002499	0.000072
512	8500	351	224	13	0.000050	0.002365	0.000050
512	8500	352	212	14	0.000053	0.002274	0.000053
512	8500	353	225	15	0.000057	0.002747	0.000057
512	8500	354	221	11	0.000042	0.002304	0.000042
512	8500	355	249	16	0.000061	0.002834	0.000061
512	8500	356	173	14	0.000053	0.001987	0.000053
512	8500	357	222	16	0.000061	0.002510	0.000061
512	8500	358	198	16	0.000061	0.002388	0.000061
512	8500	359	212	13	0.000050	0.002090	0.000050
512	8500	360	184	18	0.000069	0.002018	0.000069
512	8500	361	217	12	0.000046	0.002167	0.000046
512	8500	362	209	12	0.000046	0.002190	0.000046
512	8500	363	207	17	0.000065	0.002274	0.000065
512	8500	364	236	13	0.000050	0.002483	0.000050
512	8500	365	212	16	0.000061	0.002258	0.000061
512	8500	366	176	15	0.000057	0.001812	0.000057
512	8500	367	192	10	0.000038	0.001858	0.000038
512	8500	368	211	14	0.000053	0.002338	0.000053
512	8500	369	193	13	0.000050	0.002171	0.000050
512	8500	370	249	12	0.000046	0.002537	0.000046
512	8500	371	204	24	0.000092	0.002342	0.000092
512	8500	372	181	15	0.000057	0.001907	0.000057
512	8500	373	202	11	0.000042	0.002029	0.000042
512	8500	374	203	16	0.000061	0.002285	0.000061
512	8500	375	201	15	0.000057	0.002411	0.000057
512	8500	376	230	13	0.000050	0.002251	0.000050
512	8500	377	171	21	0.000080	0.002125	0.000080
512	8500	378	245	12	0.000046	0.002422	0.000046
512	8500	379	192	16	0.000061	0.002178	0.000061
512	8500	380	278	17	0.000065	0.002834	0.000065
512	8500	381	237	20	0.000076	0.002701	0.000076
512	8500	382	198	14	0.000053	0.002148	0.000053
512	8500	383	183	16	0.000061	0.001961	0.000061
512	8500	384	233	11	0.000042	0.002300	0.000042
512	8500	385	194	18	0.000069	0.002132	0.000069
512	8500	386	215	15	0.000057	0.002453	0.000057
512	8500	387	193	22	0.000084	0.002201	0.000084
512	8500	388	231	14	0.000053	0.002460	0.000053
512	8500	389	216	18	0.000069	0.002468	0.000069
512	8500	390	258	15	0.000057	0.002831	0.000057
512	8500	391	193	17	0.000065	0.002018	0.000065
512	8500	392	162	18	0.000069	0.001736	0.000069
512	8500	393	175	14	0.000053	0.002003	0.000053
512	8500	394	239	17	0.000065	0.002480	0.000065
512	8500	395	213	15	0.000057	0.002316	0.000057
512	8500	396	202	14	0.000053	0.002159	0.000053
512	8500	397	169	15	0.000057	0.001957	0.000057
512	8500	398	218	15	0.000057	0.002518	0.000057
512	8500	399	229	21	0.000080	0.002537	0.000080
512	8500	400	208	10	0.000038	0.002178	0.000038
512	8500	401	209	15	0.000057	0.002151	0.000057
512	8500	402	251	17	0.000065	0.002697	0.000065
512	8500	403	231	15	0.000057	0.002514	0.000057
512	8500	404	196	11	0.000042	0.002209	0.000042
512	8500	405	180	12	0.000046	0.002029	0.000046
512	8500	406	197	16	0.000061	0.002102	0.000061
512	8500	407	164	13	0.000050	0.001629	0.000050
512	8500	408	210	12	0.000046	0.002277	0.000046
512	8500	409	261	14	0.000053	0.002617	0.000053
512	8500	410	280	17	0.000065	0.003262	0.000065
512	8500	411	227	15	0.000057	0.002693	0.000057
512	8500	412	184	18	0.000069	0.001862	0.000069
512	8500	413	231	16	0.000061	0.002392	0.000061
512	8500	414	193	18	0.000069	0.002197	0.000069
512	8500	415	192	14	0.000053	0.001835	0.000053
512	8500	416	251	12	0.000046	0.002720	0.000046
512	8500	417	247	17	0.000065	0.002594	0.000065
512	8500	418	210	15	0.000057	0.002396	0.000057
512	8500	419	258	23	0.000088	0.002789	0.000088
512	8500	420	276	16	0.000061	0.003250	0.000061
512	8500	421	178	17	0.000065	0.001888	0.000065
512	8500	422	171	16	0.000061	0.001736	0.000061
512	8500	423	149	17	0.000065	0.001633	0.000065
512	8500	424	273	16	0.000061	0.003075	0.000061
512	8500	425	190	13	0.000050	0.001976	0.000050
512	8500	426	183	18	0.000069	0.002205	0.000069
512	8500	427	201	17	0.000065	0.002472	0.000065
512	8500	428	212	18	0.000069	0.002449	0.000069
512	8500	429	178	11	0.000042	0.001877	0.000042
512	8500	430	200	11	0.000042	0.001999	0.000042
512	8500	431	164	15	0.000057	0.001808	0.000057
512	8500	432	190	10	0.000038	0.001942	0.000038
512	8500	433	210	18	0.000069	0.002266	0.000069
512	8500	434	239	12	0.000046	0.002422	0.000046
512	8500	435	148	11	0.000042	0.001682	0.000042
512	8500	436	207	15	0.000057	0.002060	0.000057
512	8500	437	195	16	0.000061	0.002243	0.000061
512	8500	438	175	15	0.000057	0.001980	0.000057
512	8500	439	216	21	0.000080	0.002411	0.000080
512	8500	440	198	14	0.000053	0.002117	0.000053
512	8500	441	196	19	0.000072	0.002205	0.000072
512	8500	442	220	16	0.000061	0.002495	0.000061
512	8500	443	215	14	0.000053	0.002560	0.000053
512	8500	444	214	17	0.000065	0.002476	0.000065
512	8500	445	200	15	0.000057	0.002075	0.000057
512	8500	446	237	14	0.000053	0.002644	0.000053
512	8500	447	209	16	0.000061	0.002110	0.000061
512	8500	448	258	16	0.000061	0.002876	0.000061
512	8500	449	198	17	0.000065	0.001884	0.000065
512	8500	450	224	15	0.000057	0.002514	0.000057
512	8500	451	230	16	0.000061	0.002560	0.000061
512	8500	452	195	14	0.000053	0.002022	0.000053
512	8500	453	189	14	0.000053	0.001816	0.000053
512	8500	454	201	12	0.000046	0.002014	0.000046
512	8500	455	208	20	0.000076	0.002304	0.000076
512	8500	456	164	14	0.000053	0.001774	0.000053
512	8500	457	270	13	0.000050	0.002842	0.000050
512	8500	458	250	16	0.000061	0.002827	0.000061
512	8500	459	223	24	0.000092	0.002411	0.000092
512	8500	460	202	14	0.000053	0.002079	0.000053
512	8500	461	230	16	0.000061	0.002434	0.000061
512	8500	462	155	14	0.000053	0.001682	0.000053
512	8500	463	220	18	0.000069	0.002457	0.000069
512	8500	464	225	16	0.000061	0.002384	0.000061
512	8500	465	300	16	0.000061	0.003407	0.000061
512	8500	466	227	14	0.000053	0.002556	0.000053
512	8500	467	208	20	0.000076	0.002548	0.000076
512	8500	468	248	11	0.000042	0.002666	0.000042
512	8500	469	221	15	0.000057	0.002239	0.000057
512	8500	470	216	18	0.000069	0.002460	0.000069
512	8500	471	191	19	0.000072	0.002029	0.000072
512	8500	472	244	14	0.000053	0.002666	0.000053
512	8500	473	231	11	0.000042	0.002495	0.000042
512	8500	474	215	24	0.000092	0.002411	0.000092
512	8500	475	186	17	0.000065	0.002136	0.000065
512	8500	476	175	22	0.000084	0.002026	0.000084
512	8500	477	207	15	0.000057	0.002308	0.000057
512	8500	478	232	12	0.000046	0.002369	0.000046
512	8500	479	229	18	0.000069	0.002579	0.000069
512	8500	480	250	18	0.000069	0.002773	0.000069
512	8500	481	245	16	0.000061	0.002766	0.000061
512	8500	482	230	21	0.000080	0.002819	0.000080
512	8500	483	225	16	0.000061	0.002647	0.000061
512	8500	484	197	17	0.000065	0.002216	0.000065
512	8500	485	238	19	0.000072	0.002617	0.000072
512	8500	486	222	14	0.000053	0.002514	0.000053
512	8500	487	235	18	0.000069	0.002621	0.000069
512	8500	488	249	16	0.000061	0.002895	0.000061
512	8500	489	197	13	0.000050	0.002201	0.000050
512	8500	490	209	17	0.000065	0.002274	0.000065
512	8500	491	196	16	0.000061	0.001953	0.000061
512	8500	492	223	13	0.000050	0.002453	0.000050
512	8500	493	237	18	0.000069	0.002708	0.000069
512	8500	494	226	16	0.000061	0.002411	0.000061
512	8500	495	196	13	0.000050	0.002174	0.000050
512	8500	496	189	15	0.000057	0.002251	0.000057
512	8500	497	189	10	0.000038	0.002148	0.000038
512	8500	498	235	15	0.000057	0.002384	0.000057
512	8500	499	212	12	0.000046	0.002281	0.000046
512	8500	500	208	15	0.000057	0.002213	0.000057
512	8500	501	240	12	0.000046	0.002636	0.000046
512	8500	502	224	17	0.000065	0.002422	0.000065
512	8500	503	231	21	0.000080	0.002548	0.000080
512	8500	504	166	9	0.000034	0.001862	0.000034
512	8500	505	204	13	0.000050	0.002155	0.000050
512	8500	506	142	22	0.000084	0.001766	0.000084
512	8500	507	212	14	0.000053	0.002258	0.000053
512	8500	508	244	19	0.000072	0.002857	0.000072
512	8500	509	244	18	0.000069	0.002621	0.000069
512	8500	510	171	15	0.000057	0.001831	0.000057
512	8500	511	196	16	0.000061	0.002262	0.000061
512	8500	512	225	14	0.000053	0.002441	0.000053
512	8500	513	242	19	0.000072	0.002773	0.000072
512	8500	514	190	14	0.000053	0.001900	0.000053
512	8500	515	202	11	0.000042	0.002132	0.000042
512	8500	516	245	17	0.000065	0.002602	0.000065
512	8500	517	224	17	0.000065	0.002342	0.000065
512	8500	518	202	13	0.000050	0.002106	0.000050
512	8500	519	165	15	0.000057	0.001865	0.000057
512	8500	520	183	16	0.000061	0.002205	0.000061
512	8500	521	189	18	0.000069	0.002209	0.000069
512	8500	522	250	14	0.000053	0.002754	0.000053
512	8500	523	187	16	0.000061	0.001865	0.000061
512	8500	524	238	12	0.000046	0.002438	0.000046
512	8500	525	233	24	0.000092	0.002556	0.000092
512	8500	526	201	19	0.000072	0.002434	0.000072
512	8500	527	218	14	0.000053	0.002449	0.000053
512	8500	528	222	16	0.000061	0.002594	0.000061
512	8500	529	226	16	0.000061	0.002445	0.000061
512	8500	530	209	15	0.000057	0.002270	0.000057
512	8500	531	170	13	0.000050	0.001911	0.000050
512	8500	532	154	13	0.000050	0.001606	0.000050
512	8500	533	247	15	0.000057	0.002666	0.000057
512	8500	534	209	14	0.000053	0.002258	0.000053
512	8500	535	221	16	0.000061	0.002323	0.000061
512	8500	536	232	16	0.000061	0.002670	0.000061
512	8500	537	183	13	0.000050	0.001850	0.000050
512	8500	538	242	16	0.000061	0.002815	0.000061
512	8500	539	201	11	0.000042	0.002052	0.000042
512	8500	540	254	13	0.000050	0.002796	0.000050
512	8500	541	198	16	0.000061	0.002228	0.000061
512	8500	542	203	14	0.000053	0.002331	0.000053
512	8500	543	216	13	0.000050	0.002163	0.000050
512	8500	544	235	15	0.000057	0.002613	0.000057
512	8500	545	240	23	0.000088	0.002674	0.000088
512	8500	546	213	20	0.000076	0.002274	0.000076
512	8500	547	206	15	0.000057	0.002316	0.000057
512	8500	548	200	15	0.000057	0.002388	0.000057
512	8500	549	136	22	0.000084	0.001556	0.000084
512	8500	550	225	16	0.000061	0.002415	0.000061
512	8500	551	162	11	0.000042	0.001720	0.000042
512	8500	552	237	14	0.000053	0.002464	0.000053
512	8500	553	253	13	0.000050	0.002769	0.000050
512	8500	554	245	14	0.000053	0.002686	0.000053
512	8500	555	206	15	0.000057	0.002213	0.000057
512	8500	556	173	10	0.000038	0.001873	0.000038
512	8500	557	179	21	0.000080	0.001881	0.000080
512	8500	558	178	16	0.000061	0.001984	0.000061
512	8500	559	208	14	0.000053	0.002499	0.000053
512	8500	560	211	10	0.000038	0.002090	0.000038
512	8500	561	179	13	0.000050	0.002003	0.000050
512	8500	562	171	13	0.000050	0.001637	0.000050
512	8500	563	244	13	0.000050	0.002483	0.000050
512	8500	564	215	12	0.000046	0.002346	0.000046
512	8500	565	270	12	0.000046	0.002926	0.000046
512	8500	566	210	17	0.000065	0.002312	0.000065
512	8500	567	196	19	0.000072	0.002331	0.000072
512	8500	568	192	15	0.000057	0.002132	0.000057
512	8500	569	223	13	0.000050	0.002300	0.000050
512	8500	570	207	11	0.000042	0.002140	0.000042
512	8500	571	238	16	0.000061	0.002541	0.000061
512	8500	572	203	22	0.000084	0.002316	0.000084
512	8500	573	226	14	0.000053	0.002331	0.000053
512	8500	574	225	14	0.000053	0.002502	0.000053
512	8500	575	235	15	0.000057	0.002602	0.000057
512	8500	576	197	15	0.000057	0.002113	0.000057
512	8500	577	226	17	0.000065	0.002460	0.000065
512	8500	578	226	19	0.000072	0.002644	0.000072
512	8500	579	200	17	0.000065	0.002205	0.000065
512	8500	580	157	15	0.000057	0.001953	0.000057
512	8500	581	164	13	0.000050	0.001751	0.000050
512	8500	582	192	15	0.000057	0.002190	0.000057
512	8500	583	213	16	0.000061	0.002369	0.000061
512	8500	584	210	14	0.000053	0.002232	0.000053
512	8500	585	213	16	0.000061	0.002533	0.000061
512	8500	586	259	12	0.000046	0.002640	0.000046
512	8500	587	210	13	0.000050	0.002224	0.000050
512	8500	588	217	13	0.000050	0.002193	0.000050
512	8500	589	243	15	0.000057	0.002712	0.000057
512	8500	590	197	15	0.000057	0.001987	0.000057
512	8500	591	219	16	0.000061	0.002449	0.000061
512	8500	592	224	15	0.000057	0.002621	0.000057
512	8500	593	237	15	0.000057	0.002750	0.000057
512	8500	594	242	15	0.000057	0.002525	0.000057
512	8500	595	236	16	0.000061	0.002831	0.000061
512	8500	596	173	19	0.000072	0.002022	0.000072
512	8500	597	211	12	0.000046	0.002262	0.000046
512	8500	598	241	17	0.000065	0.002735	0.000065
512	8500	599	196	28	0.000107	0.002274	0.000107
512	8500	600	224	14	0.000053	0.002678	0.000053
512	8500	601	187	11	0.000042	0.002083	0.000042
512	8500	602	204	18	0.000069	0.002533	0.000069
512	8500	603	215	12	0.000046	0.002373	0.000046
512	8500	604	242	14	0.000053	0.002583	0.000053
512	8500	605	216	21	0.000080	0.002487	0.000080
512	8500	606	181	13	0.000050	0.002113	0.000050
512	8500	607	203	15	0.000057	0.002449	0.000057
512	8500	608	230	11	0.000042	0.002411	0.000042
512	8500	609	226	11	0.000042	0.002422	0.000042
512	8500	610	226	13	0.000050	0.002243	0.000050
512	8500	611	236	15	0.000057	0.002430	0.000057
512	8500	612	195	17	0.000065	0.002209	0.000065
512	8500	613	193	14	0.000053	0.002300	0.000053
512	8500	614	206	16	0.000061	0.002342	0.000061
512	8500	615	242	11	0.000042	0.002537	0.000042
512	8500	616	207	14	0.000053	0.002113	0.000053
512	8500	617	186	13	0.000050	0.002136	0.000050
512	8500	618	232	16	0.000061	0.002453	0.000061
512	8500	619	224	13	0.000050	0.002598	0.000050
512	8500	620	178	13	0.000050	0.002060	0.000050
512	8500	621	210	15	0.000057	0.002163	0.000057
512	8500	622	170	17	0.000065	0.001942	0.000065
512	8500	623	240	15	0.000057	0.002541	0.000057
512	8500	624	261	16	0.000061	0.003109	0.000061
512	8500	625	201	26	0.000099	0.002254	0.000099
512	8500	626	278	14	0.000053	0.002918	0.000053
512	8500	627	199	15	0.000057	0.002205	0.000057
512	8500	628	222	18	0.000069	0.002384	0.000069
512	8500	629	239	17	0.000065	0.002655	0.000065
512	8500	630	207	14	0.000053	0.002434	0.000053
512	8500	631	210	17	0.000065	0.002422	0.000065
512	8500	632	215	15	0.000057	0.002502	0.000057
512	8500	633	212	15	0.000057	0.002308	0.000057
512	8500	634	193	15	0.000057	0.002098	0.000057
512	8500	635	198	14	0.000053	0.002064	0.000053
512	8500	636	269	12	0.000046	0.002781	0.000046
512	8500	637	164	15	0.000057	0.001518	0.000057
512	8500	638	251	16	0.000061	0.002800	0.000061
512	8500	639	213	16	0.000061	0.002369	0.000061
512	8500	640	257	14	0.000053	0.002934	0.000053
512	8500	641	202	16	0.000061	0.002163	0.000061
512	8500	642	197	14	0.000053	0.002384	0.000053
512	8500	643	228	14	0.000053	0.002708	0.000053
512	8500	644	257	13	0.000050	0.002460	0.000050
512	8500	645	203	12	0.000046	0.002235	0.000046
512	8500	646	223	14	0.000053	0.002205	0.000053
512	8500	647	186	15	0.000057	0.002293	0.000057
512	8500	648	249	19	0.000072	0.002983	0.000072
512	8500	649	221	14	0.000053	0.002186	0.000053
512	8500	650	200	13	0.000050	0.002167	0.000050
512	8500	651	232	11	0.000042	0.002514	0.000042
512	8500	652	218	16	0.000061	0.002483	0.000061
512	8500	653	198	19	0.000072	0.002163	0.000072
512	8500	654	211	14	0.000053	0.001892	0.000053
512	8500	655	185	12	0.000046	0.002094	0.000046
512	8500	656	164	17	0.000065	0.001854	0.000065
512	8500	657	180	20	0.000076	0.001938	0.000076
512	8500	658	246	17	0.000065	0.002731	0.000065
512	8500	659	171	14	0.000053	0.002045	0.000053
512	8500	660	284	21	0.000080	0.003155	0.000080
512	8500	661	191	16	0.000061	0.002186	0.000061
512	8500	662	214	20	0.000076	0.002483	0.000076
512	8500	663	205	16	0.000061	0.002045	0.000061
512	8500	664	197	15	0.000057	0.002090	0.000057
512	8500	665	190	20	0.000076	0.002102	0.000076
512	8500	666	196	16	0.000061	0.002045	0.000061
512	8500	667	208	14	0.000053	0.002163	0.000053
512	8500	668	228	14	0.000053	0.002594	0.000053
512	8500	669	219	12	0.000046	0.002403	0.000046
512	8500	670	207	20	0.000076	0.002457	0.000076
512	8500	671	205	21	0.000080	0.002331	0.000080
512	8500	672	220	15	0.000057	0.002644	0.000057
512	8500	673	262	18	0.000069	0.003021	0.000069
512	8500	674	260	12	0.000046	0.002777	0.000046
512	8500	675	215	14	0.000053	0.002434	0.000053
512	8500	676	225	15	0.000057	0.002430	0.000057
512	8500	677	216	13	0.000050	0.002380	0.000050
512	8500	678	234	14	0.000053	0.002514	0.000053
512	8500	679	198	12	0.000046	0.002048	0.000046
512	8500	680	186	9	0.000034	0.002094	0.000034
512	8500	681	196	22	0.000084	0.002262	0.000084
512	8500	682	235	15	0.000057	0.002888	0.000057
512	8500	683	243	16	0.000061	0.002644	0.000061
512	8500	684	180	12	0.000046	0.001766	0.000046
512	8500	685	214	11	0.000042	0.002312	0.000042
512	8500	686	181	18	0.000069	0.002094	0.000069
512	8500	687	188	17	0.000065	0.002003	0.000065
512	8500	688	266	12	0.000046	0.002838	0.000046
512	8500	689	237	16	0.000061	0.002441	0.000061
512	8500	690	238	12	0.000046	0.002567	0.000046
512	8500	691	219	14	0.000053	0.002220	0.000053
512	8500	692	202	17	0.000065	0.002193	0.000065
512	8500	693	217	18	0.000069	0.002411	0.000069
512	8500	694	184	12	0.000046	0.001972	0.000046
512	8500	695	186	14	0.000053	0.002060	0.000053
512	8500	696	172	15	0.000057	0.002041	0.000057
512	8500	697	220	14	0.000053	0.002174	0.000053
512	8500	698	255	13	0.000050	0.002804	0.000050
512	8500	699	209	19	0.000072	0.002380	0.000072
512	8500	700	221	15	0.000057	0.002281	0.000057
512	8500	701	197	16	0.000061	0.002216	0.000061
512	8500	702	212	19	0.000072	0.002296	0.000072
512	8500	703	223	15	0.000057	0.002193	0.000057
512	8500	704	230	12	0.000046	0.002579	0.000046
512	8500	705	201	19	0.000072	0.002224	0.000072
512	8500	706	211	11	0.000042	0.002022	0.000042
512	8500	707	230	17	0.000065	0.002487	0.000065
512	8500	708	194	16	0.000061	0.002216	0.000061
512	8500	709	214	18	0.000069	0.002190	0.000069
512	8500	710	230	15	0.000057	0.002575	0.000057
512	8500	711	211	19	0.000072	0.002407	0.000072
512	8500	712	205	16	0.000061	0.002178	0.000061
512	8500	713	234	12	0.000046	0.002483	0.000046
512	8500	714	164	14	0.000053	0.001839	0.000053
512	8500	715	192	16	0.000061	0.002083	0.000061
512	8500	716	214	14	0.000053	0.002304	0.000053
512	8500	717	215	15	0.000057	0.002090	0.000057
512	8500	718	204	31	0.000118	0.002548	0.000118
512	8500	719	187	12	0.000046	0.002117	0.000046
512	8500	720	202	18	0.000069	0.002296	0.000069
512	8500	721	222	19	0.000072	0.002567	0.000072
512	8500	722	274	15	0.000057	0.002918	0.000057
512	8500	723	190	14	0.000053	0.002064	0.000053
512	8500	724	238	14	0.000053	0.002583	0.000053
512	8500	725	259	19	0.000072	0.002937	0.000072
512	8500	726	251	22	0.000084	0.002766	0.000084
512	8500	727	198	13	0.000050	0.002190	0.000050
512	8500	728	249	21	0.000080	0.002949	0.000080
512	8500	729	212	20	0.000076	0.002380	0.000076
512	8500	730	202	14	0.000053	0.002319	0.000053
512	8500	731	206	16	0.000061	0.002193	0.000061
512	8500	732	198	12	0.000046	0.001980	0.000046
512	8500	733	240	36	0.000137	0.002781	0.000137
512	8500	734	203	12	0.000046	0.002083	0.000046
512	8500	735	204	25	0.000095	0.002476	0.000095
512	8500	736	234	17	0.000065	0.002609	0.000065
512	8500	737	214	12	0.000046	0.002438	0.000046
512	8500	738	244	18	0.000069	0.002754	0.000069
512	8500	739	178	18	0.000069	0.001984	0.000069
512	8500	740	241	16	0.000061	0.002567	0.000061
512	8500	741	244	16	0.000061	0.002632	0.000061
512	8500	742	208	17	0.000065	0.002281	0.000065
512	8500	743	239	22	0.000084	0.002804	0.000084
512	8500	744	214	15	0.000057	0.002289	0.000057
512	8500	745	193	17	0.000065	0.002293	0.000065
512	8500	746	214	14	0.000053	0.002548	0.000053
512	8500	747	244	26	0.000099	0.002537	0.000099
512	8500	748	179	15	0.000057	0.001789	0.000057
512	8500	749	214	15	0.000057	0.002316	0.000057
512	8500	750	227	16	0.000061	0.002522	0.000061
512	8500	751	228	12	0.000046	0.002377	0.000046
512	8500	752	234	12	0.000046	0.002235	0.000046
512	8500	753	221	14	0.000053	0.002243	0.000053
512	8500	754	180	12	0.000046	0.001873	0.000046
512	8500	755	228	25	0.000095	0.002502	0.000095
512	8500	756	201	13	0.000050	0.002296	0.000050
512	8500	757	251	17	0.000065	0.002590	0.000065
512	8500	758	233	14	0.000053	0.002640	0.000053
512	8500	759	245	15	0.000057	0.002647	0.000057
512	8500	760	207	16	0.000061	0.002174	0.000061
512	8500	761	204	14	0.000053	0.002384	0.000053
512	8500	762	189	12	0.000046	0.002228	0.000046
512	8500	763	174	9	0.000034	0.001659	0.000034
512	8500	764	193	14	0.000053	0.002079	0.000053
512	8500	765	263	19	0.000072	0.003017	0.000072
512	8500	766	214	16	0.000061	0.002392	0.000061
512	8500	767	196	16	0.000061	0.002075	0.000061
512	8500	768	246	17	0.000065	0.002502	0.000065
512	8500	769	218	20	0.000076	0.002491	0.000076
512	8500	770	230	15	0.000057	0.002800	0.000057
512	8500	771	190	18	0.000069	0.002163	0.000069
512	8500	772	198	16	0.000061	0.002140	0.000061
512	8500	773	181	19	0.000072	0.002144	0.000072
512	8500	774	200	11	0.000042	0.002106	0.000042
512	8500	775	222	12	0.000046	0.002125	0.000046
512	8500	776	246	18	0.000069	0.002811	0.000069
512	8500	777	238	16	0.000061	0.002438	0.000061
512	8500	778	216	21	0.000080	0.002636	0.000080
512	8500	779	201	14	0.000053	0.002308	0.000053
512	8500	780	155	12	0.000046	0.001652	0.000046
512	8500	781	217	15	0.000057	0.002403	0.000057
512	8500	782	232	10	0.000038	0.002392	0.000038
512	8500	783	192	16	0.000061	0.002003	0.000061
512	8500	784	180	12	0.000046	0.001961	0.000046
512	8500	785	177	15	0.000057	0.001965	0.000057
512	8500	786	226	15	0.000057	0.002472	0.000057
512	8500	787	225	11	0.000042	0.002342	0.000042
512	8500	788	193	21	0.000080	0.002163	0.000080
512	8500	789	211	19	0.000072	0.002346	0.000072
512	8500	790	188	15	0.000057	0.002007	0.000057
512	8500	791	216	16	0.000061	0.002434	0.000061
512	8500	792	220	15	0.000057	0.002430	0.000057
512	8500	793	233	15	0.000057	0.002289	0.000057
512	8500	794	256	22	0.000084	0.002682	0.000084
512	8500	795	210	13	0.000050	0.002369	0.000050
512	8500	796	236	18	0.000069	0.002563	0.000069
512	8500	797	180	12	0.000046	0.002014	0.000046
512	8500	798	241	18	0.000069	0.002747	0.000069
512	8500	799	233	16	0.000061	0.002594	0.000061
512	8500	800	204	12	0.000046	0.002121	0.000046
512	8500	801	197	16	0.000061	0.001972	0.000061
512	8500	802	236	12	0.000046	0.002495	0.000046
512	8500	803	232	19	0.000072	0.002823	0.000072
512	8500	804	196	13	0.000050	0.002209	0.000050
512	8500	805	224	21	0.000080	0.002380	0.000080
512	8500	806	203	17	0.000065	0.002174	0.000065
512	8500	807	300	21	0.000080	0.003204	0.000080
512	8500	808	224	14	0.000053	0.002262	0.000053
512	8500	809	220	24	0.000092	0.002556	0.000092
512	8500	810	188	16	0.000061	0.002182	0.000061
512	8500	811	231	14	0.000053	0.002548	0.000053
512	8500	812	195	24	0.000092	0.002296	0.000092
512	8500	813	251	20	0.000076	0.002991	0.000076
512	8500	814	194	18	0.000069	0.002369	0.000069
512	8500	815	177	17	0.000065	0.001896	0.000065
512	8500	816	166	12	0.000046	0.001740	0.000046
512	8500	817	275	17	0.000065	0.002930	0.000065
512	8500	818	188	18	0.000069	0.002209	0.000069
512	8500	819	256	23	0.000088	0.002647	0.000088
512	8500	820	199	14	0.000053	0.002266	0.000053
512	8500	821	235	16	0.000061	0.002628	0.000061
512	8500	822	252	19	0.000072	0.002911	0.000072
512	8500	823	203	15	0.000057	0.002144	0.000057
512	8500	824	206	15	0.000057	0.002289	0.000057
512	8500	825	218	17	0.000065	0.002491	0.000065
512	8500	826	186	15	0.000057	0.001923	0.000057
512	8500	827	243	16	0.000061	0.002693	0.000061
512	8500	828	243	14	0.000053	0.002655	0.000053
512	8500	829	201	17	0.000065	0.002007	0.000065
512	8500	830	185	12	0.000046	0.002174	0.000046
512	8500	831	202	21	0.000080	0.002136	0.000080
512	8500	832	200	13	0.000050	0.002155	0.000050
512	8500	833	163	14	0.000053	0.001724	0.000053
512	8500	834	228	14	0.000053	0.002502	0.000053
512	8500	835	199	14	0.000053	0.002155	0.000053
512	8500	836	229	15	0.000057	0.002487	0.000057
512	8500	837	224	24	0.000092	0.002617	0.000092
512	8500	838	249	16	0.000061	0.002533	0.000061
512	8500	839	174	11	0.000042	0.001858	0.000042
512	8500	840	236	10	0.000038	0.002392	0.000038
512	8500	841	231	11	0.000042	0.002537	0.000042
512	8500	842	192	19	0.000072	0.002129	0.000072
512	8500	843	248	16	0.000061	0.002819	0.000061
512	8500	844	194	15	0.000057	0.002243	0.000057
512	8500	845	233	12	0.000046	0.002525	0.000046
512	8500	846	197	14	0.000053	0.002113	0.000053
512	8500	847	198	18	0.000069	0.002430	0.000069
512	8500	848	236	17	0.000065	0.002674	0.000065
512	8500	849	187	15	0.000057	0.002140	0.000057
512	8500	850	163	20	0.000076	0.001736	0.000076
512	8500	851	152	13	0.000050	0.001614	0.000050
512	8500	852	238	17	0.000065	0.002781	0.000065
512	8500	853	224	15	0.000057	0.002396	0.000057
512	8500	854	210	14	0.000053	0.002163	0.000053
512	8500	855	216	12	0.000046	0.002316	0.000046
512	8500	856	249	13	0.000050	0.002415	0.000050
512	8500	857	194	15	0.000057	0.002125	0.000057
512	8500	858	223	17	0.000065	0.002293	0.000065
512	8500	859	215	13	0.000050	0.002537	0.000050
512	8500	860	249	14	0.000053	0.002483	0.000053
512	8500	861	230	11	0.000042	0.002609	0.000042
512	8500	862	184	12	0.000046	0.001900	0.000046
512	8500	863	238	11	0.000042	0.002560	0.000042
512	8500	864	185	12	0.000046	0.002003	0.000046
512	8500	865	226	13	0.000050	0.002285	0.000050
512	8500	866	240	16	0.000061	0.002514	0.000061
512	8500	867	185	17	0.000065	0.002075	0.000065
512	8500	868	189	17	0.000065	0.002327	0.000065
512	8500	869	221	18	0.000069	0.002445	0.000069
512	8500	870	211	11	0.000042	0.002216	0.000042
512	8500	871	185	16	0.000061	0.002045	0.000061
512	8500	872	234	16	0.000061	0.002628	0.000061
512	8500	873	202	12	0.000046	0.002201	0.000046
512	8500	874	188	14	0.000053	0.002045	0.000053
512	8500	875	205	23	0.000088	0.002670	0.000088
512	8500	876	210	14	0.000053	0.002190	0.000053
512	8500	877	193	12	0.000046	0.002060	0.000046
512	8500	878	195	11	0.000042	0.001904	0.000042
512	8500	879	202	15	0.000057	0.002117	0.000057
512	8500	880	157	13	0.000050	0.001621	0.000050
512	8500	881	226	14	0.000053	0.002396	0.000053
512	8500	882	171	12	0.000046	0.001896	0.000046
512	8500	883	252	19	0.000072	0.002678	0.000072
512	8500	884	161	17	0.000065	0.001892	0.000065
512	8500	885	218	14	0.000053	0.002655	0.000053
512	8500	886	229	11	0.000042	0.002396	0.000042
512	8500	887	185	12	0.000046	0.002026	0.000046
512	8500	888	171	13	0.000050	0.001873	0.000050
512	8500	889	241	15	0.000057	0.002483	0.000057
512	8500	890	231	15	0.000057	0.002377	0.000057
512	8500	891	243	14	0.000053	0.002396	0.000053
512	8500	892	253	16	0.000061	0.002838	0.000061
512	8500	893	194	18	0.000069	0.002243	0.000069
512	8500	894	166	18	0.000069	0.001816	0.000069
512	8500	895	191	13	0.000050	0.001968	0.000050
512	8500	896	168	15	0.000057	0.001637	0.000057
512	8500	897	227	15	0.000057	0.002419	0.000057
512	8500	898	236	14	0.000053	0.002480	0.000053
512	8500	899	187	12	0.000046	0.002197	0.000046
512	8500	900	206	17	0.000065	0.002232	0.000065
512	8500	901	226	14	0.000053	0.002464	0.000053
512	8500	902	189	10	0.000038	0.001995	0.000038
512	8500	903	287	17	0.000065	0.003029	0.000065
512	8500	904	139	12	0.000046	0.001476	0.000046
512	8500	905	269	15	0.000057	0.002666	0.000057
512	8500	906	196	16	0.000061	0.002064	0.000061
512	8500	907	256	14	0.000053	0.002625	0.000053
512	8500	908	242	17	0.000065	0.002541	0.000065
512	8500	909	205	14	0.000053	0.002235	0.000053
512	8500	910	210	17	0.000065	0.002098	0.000065
512	8500	911	211	15	0.000057	0.002129	0.000057
512	8500	912	227	16	0.000061	0.002384	0.000061
512	8500	913	227	20	0.000076	0.002525	0.000076
512	8500	914	205	16	0.000061	0.002197	0.000061
512	8500	915	230	17	0.000065	0.002758	0.000065
512	8500	916	242	14	0.000053	0.002552	0.000053
512	8500	917	141	15	0.000057	0.001881	0.000057
512	8500	918	234	13	0.000050	0.002739	0.000050
512	8500	919	198	13	0.000050	0.002068	0.000050
512	8500	920	188	17	0.000065	0.002136	0.000065
512	8500	921	225	14	0.000053	0.002449	0.000053
512	8500	922	248	11	0.000042	0.002724	0.000042
512	8500	923	242	19	0.000072	0.002682	0.000072
512	8500	924	180	17	0.000065	0.002281	0.000065
512	8500	925	199	11	0.000042	0.002048	0.000042
512	8500	926	199	16	0.000061	0.002037	0.000061
512	8500	927	216	16	0.000061	0.002552	0.000061
512	8500	928	296	15	0.000057	0.002998	0.000057
512	8500	929	206	15	0.000057	0.002357	0.000057
512	8500	930	228	23	0.000088	0.002426	0.000088
512	8500	931	198	10	0.000038	0.002060	0.000038
512	8500	932	216	14	0.000053	0.002354	0.000053
512	8500	933	233	11	0.000042	0.002254	0.000042
512	8500	934	209	13	0.000050	0.002327	0.000050
512	8500	935	220	14	0.000053	0.002323	0.000053
512	8500	936	189	14	0.000053	0.002159	0.000053
512	8500	937	202	19	0.000072	0.002304	0.000072
512	8500	938	218	13	0.000050	0.002281	0.000050
512	8500	939	246	16	0.000061	0.002487	0.000061
512	8500	940	173	14	0.000053	0.001797	0.000053
512	8500	941	202	17	0.000065	0.002247	0.000065
512	8500	942	187	19	0.000072	0.002121	0.000072
512	8500	943	238	11	0.000042	0.002483	0.000042
512	8500	944	222	17	0.000065	0.002483	0.000065
512	8500	945	205	17	0.000065	0.002407	0.000065
512	8500	946	211	11	0.000042	0.002373	0.000042
512	8500	947	222	16	0.000061	0.002708	0.000061
512	8500	948	178	19	0.000072	0.001858	0.000072
512	8500	949	216	13	0.000050	0.002087	0.000050
512	8500	950	220	21	0.000080	0.002323	0.000080
512	8500	951	176	23	0.000088	0.002213	0.000088
512	8500	952	173	13	0.000050	0.001976	0.000050
512	8500	953	234	18	0.000069	0.002483	0.000069
512	8500	954	232	14	0.000053	0.002365	0.000053
512	8500	955	205	12	0.000046	0.002167	0.000046
512	8500	956	191	16	0.000061	0.002102	0.000061
512	8500	957	238	15	0.000057	0.002762	0.000057
512	8500	958	259	11	0.000042	0.002651	0.000042
512	8500	959	228	18	0.000069	0.002285	0.000069
512	8500	960	272	16	0.000061	0.002964	0.000061
512	8500	961	173	16	0.000061	0.002007	0.000061
512	8500	962	257	15	0.000057	0.002850	0.000057
512	8500	963	218	12	0.000046	0.002155	0.000046
512	8500	964	184	16	0.000061	0.002178	0.000061
512	8500	965	203	15	0.000057	0.002037	0.000057
512	8500	966	256	15	0.000057	0.002949	0.000057
512	8500	967	230	14	0.000053	0.002640	0.000053
512	8500	968	250	12	0.000046	0.002571	0.000046
512	8500	969	175	19	0.000072	0.001869	0.000072
512	8500	970	189	13	0.000050	0.002037	0.000050
512	8500	971	197	17	0.000065	0.002182	0.000065
512	8500	972	243	12	0.000046	0.002666	0.000046
512	8500	973	264	14	0.000053	0.002914	0.000053
512	8500	974	229	13	0.000050	0.002251	0.000050
512	8500	975	174	17	0.000065	0.001919	0.000065
512	8500	976	236	13	0.000050	0.002209	0.000050
512	8500	977	191	16	0.000061	0.001938	0.000061
512	8500	978	193	13	0.000050	0.002251	0.000050
512	8500	979	212	24	0.000092	0.002357	0.000092
512	8500	980	179	17	0.000065	0.002121	0.000065
512	8500	981	187	12	0.000046	0.002357	0.000046
512	8500	982	232	16	0.000061	0.002716	0.000061
512	8500	983	214	10	0.000038	0.002148	0.000038
512	8500	984	253	18	0.000069	0.002640	0.000069
512	8500	985	250	13	0.000050	0.002617	0.000050
512	8500	986	210	14	0.000053	0.001999	0.000053
512	8500	987	238	15	0.000057	0.002472	0.000057
512	8500	988	244	14	0.000053	0.002609	0.000053
512	8500	989	195	14	0.000053	0.001881	0.000053
512	8500	990	251	15	0.000057	0.002636	0.000057
512	8500	991	216	12	0.000046	0.002312	0.000046
512	8500	992	248	14	0.000053	0.002865	0.000053
512	8500	993	185	11	0.000042	0.001854	0.000042
512	8500	994	221	11	0.000042	0.002327	0.000042
512	8500	995	212	16	0.000061	0.002419	0.000061
512	8500	996	207	17	0.000065	0.002354	0.000065
512	8500	997	251	15	0.000057	0.002495	0.000057
512	8500	998	256	14	0.000053	0.002388	0.000053
512	8500	999	182	11	0.000042	0.001987	0.000042
512	8500	1000	196	19	0.000072	0.002045	0.000072
