512	9600	2	116	247469	0.944019	0.945774	0.000214
512	9600	3	133	247940	0.945816	0.948147	0.000179
512	9600	4	260	234914	0.896126	0.900356	0.000149
512	9600	5	296	237990	0.907860	0.912743	0.000195
512	9600	6	288	237513	0.906040	0.910927	0.000248
512	9600	7	122	247642	0.944679	0.946457	0.000114
512	9600	8	58	252773	0.964252	0.965157	0.000172
512	9600	9	20	257168	0.981018	0.981224	0.000069
512	9600	10	170	242633	0.925571	0.928883	0.000252
512	9600	11	38	254359	0.970303	0.970760	0.000050
512	9600	12	274	235198	0.897209	0.902584	0.000259
512	9600	13	251	239845	0.914936	0.919941	0.000340
512	9600	14	94	249623	0.952236	0.953510	0.000057
512	9600	15	287	226934	0.865685	0.870338	0.000145
512	9600	16	184	240866	0.918831	0.921921	0.000137
512	9600	17	102	250331	0.954937	0.956657	0.000172
512	9600	18	211	240800	0.918579	0.921616	0.000183
512	9600	19	407	219189	0.836140	0.842785	0.000259
512	9600	20	14	255792	0.975769	0.975918	0.000061
512	9600	21	447	222809	0.849949	0.857052	0.000244
512	9600	22	69	252703	0.963985	0.965206	0.000145
512	9600	23	556	218433	0.833256	0.843388	0.000248
512	9600	24	232	235382	0.897911	0.901505	0.000275
512	9600	25	142	245272	0.935638	0.938354	0.000164
512	9600	26	93	251750	0.960350	0.961517	0.000111
512	9600	27	374	233125	0.889301	0.895294	0.000126
512	9600	28	57	252765	0.964222	0.965092	0.000141
512	9600	29	431	222415	0.848446	0.855579	0.000195
512	9600	30	492	222643	0.849316	0.858097	0.000206
512	9600	31	316	230314	0.878578	0.883755	0.000137
512	9600	32	277	236166	0.900902	0.905895	0.000225
512	9600	33	616	218668	0.834152	0.845509	0.000294
512	9600	34	265	228098	0.870125	0.873512	0.000088
512	9600	35	144	244588	0.933029	0.935341	0.000206
512	9600	36	205	240429	0.917164	0.920067	0.000126
512	9600	37	324	231709	0.883900	0.889622	0.000374
512	9600	38	173	242921	0.926670	0.929634	0.000153
512	9600	39	85	252853	0.964558	0.965446	0.000126
512	9600	40	299	233666	0.891365	0.896339	0.000160
512	9600	41	167	239405	0.913258	0.915871	0.000229
512	9600	42	191	242504	0.925079	0.927734	0.000175
512	9600	43	191	244901	0.934223	0.937336	0.000137
512	9600	44	262	237877	0.907429	0.912018	0.000290
512	9600	45	178	240611	0.917858	0.920940	0.000217
512	9600	46	14	256291	0.977673	0.977783	0.000031
512	9600	47	276	237939	0.907665	0.911438	0.000168
512	9600	48	8	257362	0.981758	0.981827	0.000038
512	9600	49	165	244259	0.931774	0.934361	0.000145
512	9600	50	56	253514	0.967079	0.967739	0.000092
512	9600	51	24	255456	0.974487	0.974785	0.000137
512	9600	52	200	242330	0.924416	0.928040	0.000317
512	9600	53	156	243658	0.929482	0.931839	0.000095
512	9600	54	270	238093	0.908253	0.912880	0.000187
512	9600	55	160	243629	0.929371	0.931854	0.000145
512	9600	56	686	205113	0.782444	0.793449	0.000816
512	9600	57	516	224671	0.857052	0.864807	0.000187
512	9600	58	130	247401	0.943760	0.945469	0.000099
512	9600	59	280	237673	0.906651	0.911415	0.000187
512	9600	60	331	231924	0.884720	0.890858	0.000271
512	9600	61	194	235503	0.898373	0.901157	0.000118
512	9600	62	150	243639	0.929409	0.931313	0.000137
512	9600	63	430	225929	0.861851	0.869461	0.000225
512	9600	64	234	244670	0.933342	0.937202	0.000130
512	9600	65	237	241731	0.922131	0.926609	0.000351
512	9600	66	180	243941	0.930561	0.933136	0.000141
512	9600	67	276	236055	0.900478	0.905319	0.000217
512	9600	68	477	212708	0.811417	0.818676	0.000381
512	9600	69	609	205257	0.782993	0.793606	0.000179
512	9600	70	82	250411	0.955242	0.956596	0.000233
512	9600	71	287	229579	0.875774	0.880573	0.000210
512	9600	72	139	247267	0.943249	0.945427	0.000126
512	9600	73	371	229825	0.876713	0.882782	0.000179
512	9600	74	351	234008	0.892670	0.898113	0.000172
512	9600	75	95	250592	0.955933	0.957180	0.000107
512	9600	76	106	249819	0.952984	0.954803	0.000137
512	9600	77	113	247403	0.943768	0.945477	0.000095
512	9600	78	378	229515	0.875530	0.881420	0.000118
512	9600	79	186	245304	0.935760	0.938251	0.000156
512	9600	80	11	257123	0.980846	0.981121	0.000092
512	9600	81	166	243967	0.930660	0.933350	0.000118
512	9600	82	309	231550	0.883293	0.888931	0.000263
512	9600	83	124	247574	0.944420	0.946526	0.000214
512	9600	84	480	224409	0.856052	0.862919	0.000122
512	9600	85	191	242162	0.923775	0.926464	0.000118
512	9600	86	281	239329	0.912968	0.917316	0.000214
512	9600	87	30	256669	0.979115	0.979584	0.000061
512	9600	88	173	240560	0.917664	0.920277	0.000332
512	9600	89	286	235361	0.897831	0.903336	0.000175
512	9600	90	250	240341	0.916828	0.921043	0.000237
512	9600	91	384	225801	0.861362	0.867455	0.000145
512	9600	92	644	208200	0.794220	0.813377	0.007137
512	9600	93	332	232830	0.888176	0.893414	0.000183
512	9600	94	289	237687	0.906704	0.910828	0.000145
512	9600	95	115	247534	0.944267	0.946369	0.000153
512	9600	96	280	237133	0.904591	0.909233	0.000168
512	9600	97	1	258268	0.985214	0.985214	0.000000
512	9600	98	52	252924	0.964828	0.965500	0.000061
512	9600	99	281	240152	0.916107	0.919971	0.000145
512	9600	100	271	235745	0.899296	0.903984	0.000198
512	9600	101	180	243296	0.928101	0.930874	0.000275
512	9600	102	57	253258	0.966103	0.966808	0.000095
512	9600	103	123	247119	0.942684	0.944466	0.000126
512	9600	104	151	247572	0.944412	0.946346	0.000111
512	9600	105	260	237191	0.904812	0.908554	0.000114
512	9600	106	163	243809	0.930058	0.932972	0.000156
512	9600	107	76	251421	0.959095	0.960445	0.000183
512	9600	108	230	241997	0.923145	0.926620	0.000114
512	9600	109	226	240017	0.915592	0.918751	0.000141
512	9600	110	174	245735	0.937405	0.940704	0.000286
512	9600	111	80	252434	0.962959	0.964127	0.000095
512	9600	112	123	248860	0.949326	0.951031	0.000156
512	9600	113	372	226030	0.862236	0.869301	0.000355
512	9600	114	272	238818	0.911018	0.914677	0.000141
512	9600	115	178	242233	0.924046	0.927197	0.000256
512	9600	116	291	235025	0.896549	0.901878	0.000244
512	9600	117	1	258151	0.984768	0.984768	0.000000
512	9600	118	291	236732	0.903061	0.908539	0.000359
512	9600	119	225	237683	0.906689	0.909817	0.000137
512	9600	120	197	242888	0.926544	0.929779	0.000263
512	9600	121	280	234743	0.895473	0.899914	0.000137
512	9600	122	109	247995	0.946026	0.947449	0.000088
512	9600	123	255	239917	0.915211	0.919075	0.000168
512	9600	124	140	247639	0.944668	0.946880	0.000137
512	9600	125	207	244913	0.934269	0.937534	0.000160
512	9600	126	189	238830	0.911064	0.914242	0.000145
512	9600	127	233	242361	0.924534	0.928478	0.000320
512	9600	128	126	248149	0.946613	0.948261	0.000080
512	9600	129	318	229003	0.873577	0.879288	0.000237
512	9600	130	361	230989	0.881153	0.886715	0.000092
512	9600	131	283	234347	0.893963	0.897598	0.000172
512	9600	132	272	233138	0.889351	0.893585	0.000160
512	9600	133	347	237843	0.907299	0.912933	0.000309
512	9600	134	74	252296	0.962433	0.963627	0.000114
512	9600	135	193	243190	0.927696	0.930794	0.000206
512	9600	136	158	248346	0.947365	0.950314	0.000183
512	9600	137	56	253289	0.966221	0.967113	0.000195
512	9600	138	131	249498	0.951759	0.953983	0.000179
512	9600	139	331	230666	0.879921	0.884750	0.000153
512	9600	140	433	228001	0.869755	0.876335	0.000248
512	9600	141	152	244688	0.933411	0.935741	0.000168
512	9600	142	339	232428	0.886642	0.892227	0.000198
512	9600	143	286	237840	0.907288	0.911579	0.000153
512	9600	144	402	224247	0.855434	0.861176	0.000130
512	9600	145	187	243841	0.930180	0.932434	0.000126
512	9600	146	484	221648	0.845520	0.852688	0.000164
512	9600	147	230	239800	0.914764	0.918289	0.000134
512	9600	148	225	240125	0.916004	0.919373	0.000134
512	9600	149	231	240911	0.919003	0.923027	0.000206
512	9600	150	415	217813	0.830891	0.837296	0.000122
512	9600	151	74	251706	0.960182	0.961288	0.000076
512	9600	152	403	233233	0.889713	0.896027	0.000252
512	9600	153	91	252414	0.962883	0.964294	0.000156
512	9600	154	1	257935	0.983944	0.983944	0.000000
512	9600	155	42	253781	0.968098	0.968689	0.000072
512	9600	156	167	245173	0.935261	0.937740	0.000202
512	9600	157	32	255408	0.974304	0.974659	0.000072
512	9600	158	548	214870	0.819664	0.839127	0.009422
512	9600	159	381	226099	0.862499	0.868649	0.000160
512	9600	160	83	251398	0.959007	0.960148	0.000103
512	9600	161	27	255262	0.973747	0.974064	0.000034
512	9600	162	185	245923	0.938122	0.940987	0.000153
512	9600	163	259	237844	0.907303	0.911495	0.000229
512	9600	164	162	245091	0.934948	0.937233	0.000114
512	9600	165	170	243281	0.928043	0.930595	0.000114
512	9600	166	204	243002	0.926979	0.929905	0.000103
512	9600	167	395	225376	0.859741	0.866360	0.000271
512	9600	168	312	230787	0.880383	0.885452	0.000179
512	9600	169	43	255719	0.975491	0.976028	0.000065
512	9600	170	266	236547	0.902355	0.906452	0.000237
512	9600	171	251	237497	0.905979	0.909813	0.000210
512	9600	172	186	241828	0.922501	0.925194	0.000175
512	9600	173	159	244974	0.934502	0.936962	0.000141
512	9600	174	43	253931	0.968670	0.969238	0.000069
512	9600	175	126	247455	0.943966	0.946136	0.000198
512	9600	176	799	190771	0.727734	0.744091	0.002754
512	9600	177	262	236941	0.903858	0.908024	0.000217
512	9600	178	111	250450	0.955391	0.957085	0.000221
512	9600	179	148	245278	0.935661	0.938248	0.000210
512	9600	180	480	223033	0.850803	0.859413	0.000370
512	9600	181	340	233974	0.892540	0.897263	0.000095
512	9600	182	148	246361	0.939793	0.942352	0.000198
512	9600	183	287	232391	0.886501	0.890915	0.000118
512	9600	184	334	227312	0.867126	0.872799	0.000217
512	9600	185	230	241434	0.920998	0.924614	0.000191
512	9600	186	67	250776	0.956635	0.957394	0.000061
512	9600	187	323	237208	0.904877	0.910423	0.000259
512	9600	188	514	218691	0.834240	0.843681	0.000229
512	9600	189	507	214791	0.819363	0.827942	0.000217
512	9600	190	340	225313	0.859501	0.865891	0.000153
512	9600	191	73	250872	0.957001	0.958248	0.000298
512	9600	192	118	247620	0.944595	0.946388	0.000172
512	9600	193	256	241530	0.921364	0.925129	0.000164
512	9600	194	687	206372	0.787247	0.800720	0.000935
512	9600	195	235	237606	0.906395	0.910713	0.000252
512	9600	196	61	252729	0.964085	0.964928	0.000103
512	9600	197	239	238568	0.910065	0.913788	0.000126
512	9600	198	153	246467	0.940197	0.942230	0.000160
512	9600	199	137	247186	0.942940	0.945061	0.000137
512	9600	200	259	241143	0.919888	0.924210	0.000214
512	9600	201	66	252285	0.962391	0.963070	0.000080
512	9600	202	142	247077	0.942524	0.944565	0.000107
512	9600	203	298	239629	0.914112	0.919186	0.000248
512	9600	204	245	241767	0.922268	0.926308	0.000412
512	9600	205	341	232132	0.885513	0.890686	0.000153
512	9600	206	132	248779	0.949017	0.950798	0.000130
512	9600	207	297	234899	0.896069	0.900768	0.000141
512	9600	208	235	241382	0.920799	0.924355	0.000160
512	9600	209	120	248600	0.948334	0.950382	0.000118
512	9600	210	230	245015	0.934658	0.938618	0.000164
512	9600	211	139	246915	0.941906	0.944363	0.000149
512	9600	212	224	243224	0.927826	0.932045	0.000343
512	9600	213	233	235900	0.899887	0.903297	0.000168
512	9600	214	173	244861	0.934071	0.937439	0.000179
512	9600	215	279	237906	0.907539	0.911404	0.000130
512	9600	216	190	243162	0.927589	0.931000	0.000187
512	9600	217	87	248724	0.948807	0.950390	0.000195
512	9600	218	399	224942	0.858086	0.865669	0.000210
512	9600	219	198	243705	0.929661	0.932693	0.000404
512	9600	220	317	238673	0.910465	0.916252	0.000183
512	9600	221	110	248671	0.948605	0.950420	0.000217
512	9600	222	215	240714	0.918251	0.922321	0.000286
512	9600	223	55	254292	0.970047	0.970631	0.000072
512	9600	224	328	226843	0.865337	0.870277	0.000141
512	9600	225	152	246392	0.939911	0.942005	0.000111
512	9600	226	49	253666	0.967659	0.968140	0.000065
512	9600	227	76	250220	0.954514	0.955917	0.000156
512	9600	228	303	227964	0.869614	0.874950	0.000416
512	9600	229	476	222430	0.848503	0.856140	0.000229
512	9600	230	141	247819	0.945354	0.947796	0.000172
512	9600	231	188	241737	0.922153	0.925217	0.000214
512	9600	232	123	247563	0.944378	0.946373	0.000191
512	9600	233	79	252788	0.964310	0.965488	0.000126
512	9600	234	369	228827	0.872906	0.878731	0.000202
512	9600	235	288	233917	0.892323	0.896667	0.000359
512	9600	236	121	246914	0.941902	0.943771	0.000313
512	9600	237	320	234561	0.894779	0.899776	0.000137
512	9600	238	282	233588	0.891068	0.895809	0.000351
512	9600	239	65	252616	0.963654	0.964485	0.000092
512	9600	240	287	237167	0.904720	0.909794	0.000248
512	9600	241	250	242234	0.924049	0.928669	0.000206
512	9600	242	369	230468	0.879166	0.885620	0.000175
512	9600	243	378	223254	0.851646	0.857803	0.000130
512	9600	244	343	224664	0.857025	0.863346	0.000191
512	9600	245	1	257886	0.983757	0.983757	0.000000
512	9600	246	346	228193	0.870487	0.875736	0.000221
512	9600	247	305	236394	0.901772	0.906857	0.000206
512	9600	248	416	230266	0.878395	0.884720	0.000275
512	9600	249	349	232316	0.886215	0.892296	0.000271
512	9600	250	88	250263	0.954678	0.956161	0.000126
512	9600	251	160	247292	0.943344	0.945766	0.000206
512	9600	252	104	252366	0.962700	0.964470	0.000107
512	9600	253	112	248737	0.948856	0.950909	0.000099
512	9600	254	92	250710	0.956383	0.957748	0.000088
512	9600	255	237	239890	0.915108	0.918892	0.000248
512	9600	256	55	251626	0.959877	0.960739	0.000107
512	9600	257	338	231730	0.883980	0.889183	0.000183
512	9600	258	273	228984	0.873505	0.878181	0.000134
512	9600	259	77	252394	0.962807	0.963955	0.000172
512	9600	260	776	200556	0.765060	0.782791	0.003540
512	9600	261	125	249322	0.951088	0.953262	0.000168
512	9600	262	221	242073	0.923435	0.926472	0.000111
512	9600	263	1	258035	0.984325	0.984325	0.000000
512	9600	264	137	249795	0.952892	0.955433	0.000290
512	9600	265	118	250413	0.955250	0.956532	0.000103
512	9600	266	114	249156	0.950455	0.952118	0.000160
512	9600	267	38	253505	0.967045	0.967594	0.000134
512	9600	268	232	243058	0.927193	0.931480	0.000206
512	9600	269	22	255974	0.976463	0.976768	0.000137
512	9600	270	78	251272	0.958527	0.959496	0.000076
512	9600	271	665	203044	0.774551	0.785107	0.000175
512	9600	272	1	258126	0.984673	0.984673	0.000000
512	9600	273	79	250429	0.955311	0.956459	0.000164
512	9600	274	78	253004	0.965134	0.966297	0.000099
512	9600	275	49	254287	0.970028	0.970737	0.000095
512	9600	276	217	241591	0.921597	0.925060	0.000309
512	9600	277	70	252972	0.965012	0.965912	0.000076
512	9600	278	82	252749	0.964161	0.965248	0.000153
512	9600	279	191	244584	0.933014	0.935841	0.000168
512	9600	280	208	244079	0.931087	0.934319	0.000107
512	9600	281	199	241293	0.920460	0.923943	0.000195
512	9600	282	254	236234	0.901161	0.905079	0.000137
512	9600	283	746	208908	0.796921	0.809597	0.000458
512	9600	284	221	236966	0.903954	0.907360	0.000263
512	9600	285	77	252956	0.964951	0.966171	0.000214
512	9600	286	247	239324	0.912949	0.916813	0.000179
512	9600	287	129	249545	0.951939	0.954376	0.000301
512	9600	288	201	247604	0.944534	0.948212	0.000160
512	9600	289	135	248662	0.948570	0.950680	0.000092
512	9600	290	102	249607	0.952175	0.953857	0.000179
512	9600	291	238	238953	0.911533	0.915428	0.000320
512	9600	292	664	212792	0.811737	0.822906	0.000431
512	9600	293	368	227166	0.866570	0.872524	0.000355
512	9600	294	363	229278	0.874626	0.880264	0.000248
512	9600	295	63	254005	0.968952	0.970100	0.000114
512	9600	296	115	248597	0.948322	0.950180	0.000149
512	9600	297	67	252823	0.964443	0.965500	0.000198
512	9600	298	274	232448	0.886719	0.891068	0.000187
512	9600	299	100	249221	0.950703	0.952518	0.000336
512	9600	300	167	245990	0.938377	0.940414	0.000103
512	9600	301	68	250869	0.956989	0.957970	0.000134
512	9600	302	154	246927	0.941952	0.944496	0.000183
512	9600	303	408	223859	0.853954	0.861233	0.000252
512	9600	304	205	245491	0.936474	0.939892	0.000237
512	9600	305	75	251874	0.960823	0.961994	0.000103
512	9600	306	295	238237	0.908802	0.913780	0.000137
512	9600	307	329	228654	0.872246	0.877632	0.000130
512	9600	308	14	256398	0.978081	0.978271	0.000053
512	9600	309	383	231330	0.882454	0.887867	0.000160
512	9600	310	89	249657	0.952366	0.953629	0.000092
512	9600	311	31	255361	0.974125	0.974449	0.000046
512	9600	312	150	245543	0.936672	0.939152	0.000103
512	9600	313	255	237946	0.907692	0.911930	0.000141
512	9600	314	322	227385	0.867405	0.872547	0.000134
512	9600	315	16	255416	0.974335	0.974483	0.000034
512	9600	316	547	208530	0.795479	0.804787	0.000244
512	9600	317	114	249726	0.952629	0.954552	0.000187
512	9600	318	726	194689	0.742680	0.755428	0.000397
512	9600	319	26	255484	0.974594	0.975002	0.000084
512	9600	320	229	240753	0.918400	0.921928	0.000187
512	9600	321	217	242188	0.923874	0.927692	0.000389
512	9600	322	192	244580	0.932999	0.935841	0.000122
512	9600	323	330	226507	0.864056	0.868809	0.000191
512	9600	324	146	247975	0.945950	0.948193	0.000118
512	9600	325	225	243165	0.927601	0.930786	0.000175
512	9600	326	20	256412	0.978134	0.978306	0.000065
512	9600	327	424	223837	0.853870	0.860752	0.000256
512	9600	328	518	226468	0.863907	0.872971	0.000237
512	9600	329	357	231531	0.883221	0.889942	0.000271
512	9600	330	54	253508	0.967056	0.967869	0.000111
512	9600	331	168	243846	0.930199	0.932747	0.000095
512	9600	332	387	232000	0.885010	0.890930	0.000225
512	9600	333	70	253090	0.965462	0.966862	0.000267
512	9600	334	175	240910	0.918999	0.921295	0.000095
512	9600	335	131	249569	0.952030	0.954044	0.000164
512	9600	336	264	237511	0.906033	0.909603	0.000137
512	9600	337	21	255771	0.975689	0.975945	0.000057
512	9600	338	314	230913	0.880863	0.886711	0.000252
512	9600	339	63	253112	0.965546	0.966328	0.000107
512	9600	340	258	237804	0.907150	0.911362	0.000141
512	9600	341	639	212349	0.810047	0.821888	0.000401
512	9600	342	187	244189	0.931507	0.934410	0.000290
512	9600	343	182	240276	0.916580	0.919765	0.000160
512	9600	344	734	209624	0.799652	0.813126	0.000355
512	9600	345	50	253845	0.968342	0.968819	0.000069
512	9600	346	143	249157	0.950459	0.953125	0.000256
512	9600	347	546	211833	0.808079	0.816986	0.000172
512	9600	348	219	244303	0.931942	0.935680	0.000237
512	9600	349	264	236473	0.902073	0.906212	0.000175
512	9600	350	180	243964	0.930649	0.933365	0.000137
512	9600	351	165	248286	0.947136	0.949657	0.000164
512	9600	352	442	223039	0.850826	0.857670	0.000172
512	9600	353	51	252900	0.964737	0.965317	0.000065
512	9600	354	65	253611	0.967449	0.968472	0.000080
512	9600	355	30	254674	0.971504	0.972206	0.000263
512	9600	356	196	243380	0.928421	0.931427	0.000092
512	9600	357	101	249683	0.952465	0.953892	0.000111
512	9600	358	133	250024	0.953766	0.955559	0.000088
512	9600	359	74	252265	0.962315	0.963413	0.000145
512	9600	360	367	229836	0.876755	0.882935	0.000145
512	9600	361	226	234476	0.894455	0.898266	0.000217
512	9600	362	125	248288	0.947144	0.949455	0.000217
512	9600	363	456	228574	0.871941	0.881622	0.000458
512	9600	364	382	228169	0.870396	0.876221	0.000290
512	9600	365	259	243070	0.927238	0.931995	0.000202
512	9600	366	362	233153	0.889408	0.896442	0.000389
512	9600	367	39	255069	0.973011	0.973614	0.000175
512	9600	368	127	249214	0.950676	0.952496	0.000137
512	9600	369	143	248076	0.946335	0.949024	0.000179
512	9600	370	157	245151	0.935177	0.937351	0.000095
512	9600	371	91	249361	0.951237	0.952614	0.000111
512	9600	372	231	240642	0.917976	0.921833	0.000141
512	9600	373	226	242931	0.926708	0.930443	0.000267
512	9600	374	159	246895	0.941830	0.944042	0.000145
512	9600	375	238	243855	0.930233	0.933960	0.000179
512	9600	376	337	230321	0.878605	0.883762	0.000168
512	9600	377	145	246086	0.938744	0.940609	0.000080
512	9600	378	666	202947	0.774181	0.785664	0.000198
512	9600	379	279	235354	0.897804	0.902641	0.000233
512	9600	380	58	254156	0.969528	0.970184	0.000034
512	9600	381	1	258219	0.985027	0.985027	0.000000
512	9600	382	287	239138	0.912239	0.916599	0.000153
512	9600	383	100	250775	0.956631	0.958157	0.000156
512	9600	384	225	241627	0.921734	0.926086	0.000305
512	9600	385	341	226889	0.865513	0.870243	0.000164
512	9600	386	512	221376	0.844482	0.852932	0.000153
512	9600	387	160	245998	0.938408	0.940964	0.000149
512	9600	388	95	250214	0.954491	0.956001	0.000259
512	9600	389	340	227039	0.866085	0.871868	0.000168
512	9600	390	303	233839	0.892025	0.897133	0.000237
512	9600	391	114	249113	0.950291	0.951965	0.000103
512	9600	392	263	238465	0.909672	0.913765	0.000175
512	9600	393	217	243516	0.928940	0.932838	0.000259
512	9600	394	89	252561	0.963444	0.965256	0.000378
512	9600	395	190	246692	0.941055	0.944130	0.000244
512	9600	396	138	247151	0.942806	0.944511	0.000092
512	9600	397	100	249099	0.950237	0.951984	0.000187
512	9600	398	166	247040	0.942383	0.944641	0.000233
512	9600	399	376	228698	0.872414	0.878799	0.000298
512	9600	400	24	254941	0.972523	0.972755	0.000031
512	9600	401	323	234237	0.893543	0.898682	0.000183
512	9600	402	15	255645	0.975208	0.975391	0.000053
512	9600	403	344	225708	0.861008	0.865929	0.000191
512	9600	404	98	251726	0.960258	0.961880	0.000141
512	9600	405	169	244734	0.933586	0.935825	0.000137
512	9600	406	166	244811	0.933880	0.936642	0.000141
512	9600	407	253	241023	0.919430	0.923027	0.000214
512	9600	408	190	242846	0.926384	0.928917	0.000103
512	9600	409	118	246723	0.941174	0.942780	0.000114
512	9600	410	602	212003	0.808727	0.818775	0.000416
512	9600	411	413	228159	0.870358	0.876358	0.000164
512	9600	412	105	248876	0.949387	0.951603	0.000202
512	9600	413	192	242748	0.926010	0.929192	0.000145
512	9600	414	53	252838	0.964500	0.965111	0.000069
512	9600	415	46	253920	0.968628	0.969067	0.000057
512	9600	416	156	242412	0.924728	0.927547	0.000210
512	9600	417	45	254907	0.972393	0.973240	0.000103
512	9600	418	203	242750	0.926018	0.928982	0.000156
512	9600	419	142	247298	0.943367	0.945080	0.000080
512	9600	420	1	258267	0.985210	0.985210	0.000000
512	9600	421	259	231256	0.882172	0.886482	0.000259
512	9600	422	205	242755	0.926037	0.928909	0.000111
512	9600	423	427	234618	0.894997	0.901810	0.000187
512	9600	424	198	238973	0.911610	0.914486	0.000153
512	9600	425	265	239756	0.914597	0.918304	0.000141
512	9600	426	153	246355	0.939770	0.942078	0.000126
512	9600	427	363	230941	0.880970	0.886471	0.000252
512	9600	428	273	234815	0.895748	0.899963	0.000126
512	9600	429	216	244333	0.932056	0.934998	0.000221
512	9600	430	208	239758	0.914604	0.917774	0.000168
512	9600	431	12	256327	0.977810	0.977940	0.000061
512	9600	432	358	230611	0.879711	0.886105	0.000229
512	9600	433	213	242900	0.926590	0.929398	0.000179
512	9600	434	243	238724	0.910660	0.914394	0.000164
512	9600	435	530	211733	0.807697	0.817173	0.000214
512	9600	436	229	240086	0.915855	0.919559	0.000168
512	9600	437	163	247575	0.944424	0.947113	0.000114
512	9600	438	319	235673	0.899021	0.904476	0.000271
512	9600	439	167	241536	0.921387	0.923931	0.000156
512	9600	440	120	249366	0.951256	0.953239	0.000160
512	9600	441	65	252181	0.961994	0.963390	0.000164
512	9600	442	229	243500	0.928879	0.932430	0.000275
512	9600	443	368	233984	0.892578	0.898510	0.000240
512	9600	444	120	250388	0.955154	0.957279	0.000134
512	9600	445	110	248146	0.946602	0.948116	0.000103
512	9600	446	129	249548	0.951950	0.954182	0.000145
512	9600	447	197	238244	0.908829	0.911835	0.000164
512	9600	448	452	223596	0.852951	0.860085	0.000233
512	9600	449	184	241906	0.922798	0.925327	0.000164
512	9600	450	84	252070	0.961571	0.962902	0.000130
512	9600	451	115	249512	0.951813	0.953480	0.000191
512	9600	452	91	252687	0.963924	0.965321	0.000145
512	9600	453	168	243552	0.929077	0.932331	0.000202
512	9600	454	406	232445	0.886707	0.893112	0.000160
512	9600	455	259	235972	0.900162	0.904133	0.000175
512	9600	456	158	244706	0.933479	0.936188	0.000336
512	9600	457	215	239287	0.912807	0.916248	0.000137
512	9600	458	48	253754	0.967995	0.968472	0.000050
512	9600	459	481	226748	0.864975	0.873158	0.000175
512	9600	460	517	216527	0.825985	0.835217	0.000324
512	9600	461	85	250880	0.957031	0.958103	0.000099
512	9600	462	256	238394	0.909401	0.913090	0.000156
512	9600	463	300	235672	0.899017	0.904228	0.000198
512	9600	464	50	254895	0.972347	0.973015	0.000107
512	9600	465	493	219702	0.838097	0.846428	0.000252
512	9600	466	161	244878	0.934135	0.936741	0.000126
512	9600	467	192	243030	0.927086	0.929821	0.000076
512	9600	468	462	217943	0.831387	0.839367	0.000477
512	9600	469	69	252656	0.963806	0.964657	0.000195
512	9600	470	386	228478	0.871574	0.878269	0.000172
512	9600	471	615	212137	0.809238	0.818962	0.000179
512	9600	472	55	254194	0.969673	0.970566	0.000107
512	9600	473	94	249615	0.952206	0.953644	0.000153
512	9600	474	219	242508	0.925095	0.928558	0.000206
512	9600	475	343	229169	0.874210	0.879551	0.000206
512	9600	476	252	239159	0.912319	0.916267	0.000145
512	9600	477	107	249565	0.952015	0.953148	0.000072
512	9600	478	25	256242	0.977486	0.977810	0.000069
512	9600	479	275	235790	0.899467	0.904102	0.000217
512	9600	480	93	249042	0.950020	0.951839	0.000126
512	9600	481	317	235713	0.899174	0.903973	0.000320
512	9600	482	1	258265	0.985203	0.985203	0.000000
512	9600	483	694	211049	0.805088	0.818127	0.000263
512	9600	484	222	237592	0.906342	0.909142	0.000080
512	9600	485	91	248048	0.946228	0.947964	0.000175
512	9600	486	312	233974	0.892540	0.897511	0.000198
512	9600	487	333	230789	0.880390	0.885620	0.000137
512	9600	488	216	242073	0.923435	0.926891	0.000156
512	9600	489	517	219147	0.835979	0.844688	0.000210
512	9600	490	433	220755	0.842113	0.849468	0.000301
512	9600	491	290	232279	0.886074	0.890720	0.000160
512	9600	492	297	234370	0.894051	0.898232	0.000217
512	9600	493	311	235051	0.896648	0.901394	0.000187
512	9600	494	203	243755	0.929852	0.932888	0.000141
512	9600	495	64	253886	0.968498	0.969616	0.000298
512	9600	496	200	243197	0.927723	0.930515	0.000099
512	9600	497	305	237740	0.906906	0.911232	0.000156
512	9600	498	427	228630	0.872154	0.878464	0.000164
512	9600	499	437	224471	0.856289	0.864529	0.000450
512	9600	500	425	225685	0.860920	0.867146	0.000172
512	9600	501	135	246950	0.942039	0.943657	0.000103
512	9600	502	263	236820	0.903397	0.907032	0.000134
512	9600	503	305	238198	0.908653	0.913025	0.000328
512	9600	504	148	247196	0.942978	0.945415	0.000130
512	9600	505	96	251094	0.957848	0.959068	0.000050
512	9600	506	356	234250	0.893593	0.899258	0.000175
512	9600	507	478	220380	0.840683	0.847858	0.000225
512	9600	508	209	240839	0.918728	0.921871	0.000156
512	9600	509	172	244950	0.934410	0.937187	0.000179
512	9600	510	189	236621	0.902637	0.905777	0.000202
512	9600	511	260	238241	0.908817	0.912724	0.000179
512	9600	512	204	243556	0.929092	0.932335	0.000175
512	9600	513	228	237513	0.906040	0.909618	0.000183
512	9600	514	220	241029	0.919453	0.923271	0.000298
512	9600	515	84	248279	0.947109	0.948708	0.000122
512	9600	516	31	255697	0.975407	0.975815	0.000107
512	9600	517	1	257833	0.983555	0.983555	0.000000
512	9600	518	307	238708	0.910599	0.915123	0.000149
512	9600	519	366	233266	0.889839	0.895699	0.000225
512	9600	520	160	246267	0.939434	0.941593	0.000088
512	9600	521	31	254569	0.971104	0.971676	0.000141
512	9600	522	321	232838	0.888206	0.893589	0.000320
512	9600	523	188	243612	0.929306	0.932030	0.000172
512	9600	524	199	237877	0.907429	0.910847	0.000175
512	9600	525	146	245365	0.935993	0.938305	0.000175
512	9600	526	128	248374	0.947472	0.949478	0.000111
512	9600	527	322	238709	0.910603	0.915462	0.000149
512	9600	528	241	240853	0.918781	0.921959	0.000134
512	9600	529	326	236161	0.900883	0.906456	0.000267
512	9600	530	314	237381	0.905537	0.910900	0.000324
512	9600	531	156	243344	0.928284	0.930691	0.000137
512	9600	532	100	249776	0.952820	0.954266	0.000130
512	9600	533	763	195584	0.746094	0.759647	0.000523
512	9600	534	362	228331	0.871014	0.877357	0.000271
512	9600	535	404	227272	0.866974	0.873390	0.000195
512	9600	536	191	245424	0.936218	0.939133	0.000183
512	9600	537	181	248720	0.948792	0.952030	0.000198
512	9600	538	174	245268	0.935623	0.938477	0.000233
512	9600	539	125	247713	0.944950	0.946678	0.000072
512	9600	540	294	231877	0.884541	0.889038	0.000217
512	9600	541	417	225883	0.861675	0.868557	0.000149
512	9600	542	656	216478	0.825798	0.836273	0.000217
512	9600	543	236	236870	0.903587	0.906956	0.000118
512	9600	544	336	236705	0.902958	0.908291	0.000175
512	9600	545	184	243927	0.930508	0.933083	0.000103
512	9600	546	310	237294	0.905205	0.910225	0.000153
512	9600	547	31	256195	0.977306	0.977737	0.000076
512	9600	548	117	248416	0.947632	0.949020	0.000072
512	9600	549	399	225561	0.860447	0.866837	0.000175
512	9600	550	253	240279	0.916592	0.920467	0.000179
512	9600	551	150	243831	0.930141	0.932350	0.000141
512	9600	552	31	255680	0.975342	0.975998	0.000141
512	9600	553	140	248983	0.949795	0.952225	0.000271
512	9600	554	44	253129	0.965611	0.966454	0.000111
512	9600	555	310	237502	0.905998	0.911755	0.000309
512	9600	556	124	246914	0.941902	0.943535	0.000114
512	9600	557	94	250518	0.955650	0.956963	0.000179
512	9600	558	149	247109	0.942646	0.945610	0.000156
512	9600	559	67	251142	0.958031	0.958904	0.000076
512	9600	560	188	243028	0.927078	0.930134	0.000118
512	9600	561	644	214062	0.816582	0.826885	0.000252
512	9600	562	236	240424	0.917145	0.921665	0.000336
512	9600	563	93	250883	0.957043	0.958580	0.000099
512	9600	564	685	207460	0.791397	0.802837	0.000160
512	9600	565	705	204792	0.781219	0.793484	0.000267
512	9600	566	264	240125	0.916004	0.920078	0.000172
512	9600	567	1	258182	0.984886	0.984886	0.000000
512	9600	568	338	234642	0.895088	0.900768	0.000240
512	9600	569	389	228996	0.873550	0.881046	0.000309
512	9600	570	377	226602	0.864418	0.870583	0.000244
512	9600	571	158	247252	0.943192	0.945930	0.000214
512	9600	572	114	247480	0.944061	0.945847	0.000126
512	9600	573	17	256436	0.978226	0.978489	0.000080
512	9600	574	106	249807	0.952938	0.953880	0.000057
512	9600	575	160	245010	0.934639	0.937466	0.000206
512	9600	576	1	257865	0.983677	0.983677	0.000000
512	9600	577	298	229294	0.874687	0.879845	0.000340
512	9600	578	198	244951	0.934414	0.937454	0.000225
512	9600	579	34	255702	0.975426	0.975819	0.000069
512	9600	580	27	255416	0.974335	0.974644	0.000103
512	9600	581	189	242948	0.926773	0.929764	0.000217
512	9600	582	339	238698	0.910561	0.916561	0.000317
512	9600	583	529	218029	0.831715	0.840916	0.000217
512	9600	584	548	211896	0.808319	0.816956	0.000237
512	9600	585	167	244510	0.932732	0.934917	0.000168
512	9600	586	52	253439	0.966793	0.967583	0.000107
512	9600	587	247	237452	0.905807	0.910980	0.000271
512	9600	588	141	247655	0.944729	0.946991	0.000156
512	9600	589	102	249081	0.950169	0.951603	0.000175
512	9600	590	246	235824	0.899597	0.903919	0.000267
512	9600	591	322	234168	0.893280	0.898991	0.000183
512	9600	592	295	237612	0.906418	0.910591	0.000114
512	9600	593	142	248805	0.949116	0.951591	0.000153
512	9600	594	113	248321	0.947269	0.948910	0.000111
512	9600	595	156	247330	0.943489	0.946125	0.000175
512	9600	596	157	244897	0.934208	0.936424	0.000114
512	9600	597	350	230643	0.879833	0.886318	0.000320
512	9600	598	129	248770	0.948982	0.950905	0.000118
512	9600	599	419	226933	0.865681	0.871948	0.000210
512	9600	600	359	231809	0.884281	0.889778	0.000111
512	9600	601	118	249108	0.950272	0.952278	0.000149
512	9600	602	156	248141	0.946583	0.949951	0.000278
512	9600	603	269	236463	0.902035	0.906380	0.000164
512	9600	604	117	250546	0.955757	0.958172	0.000332
512	9600	605	245	236656	0.902771	0.906857	0.000172
512	9600	606	21	255935	0.976315	0.976681	0.000053
512	9600	607	92	251017	0.957554	0.958717	0.000088
512	9600	608	86	252344	0.962616	0.964153	0.000114
512	9600	609	236	239897	0.915134	0.919395	0.000145
512	9600	610	343	227967	0.869625	0.874641	0.000172
512	9600	611	181	241502	0.921257	0.924072	0.000153
512	9600	612	85	250981	0.957417	0.959015	0.000172
512	9600	613	166	244504	0.932709	0.935246	0.000214
512	9600	614	140	244988	0.934555	0.936577	0.000248
512	9600	615	93	253504	0.967041	0.969002	0.000278
512	9600	616	359	229962	0.877235	0.883759	0.000374
512	9600	617	333	233124	0.889297	0.894978	0.000298
512	9600	618	286	235871	0.899776	0.904568	0.000240
512	9600	619	356	232446	0.886711	0.891579	0.000175
512	9600	620	264	238620	0.910263	0.914196	0.000187
512	9600	621	202	238919	0.911404	0.915234	0.000256
512	9600	622	167	246782	0.941399	0.944008	0.000134
512	9600	623	1	258032	0.984314	0.984314	0.000000
512	9600	624	2	257734	0.983177	0.983181	0.000004
512	9600	625	59	253686	0.967735	0.968575	0.000145
512	9600	626	343	222890	0.850258	0.855553	0.000195
512	9600	627	179	243392	0.928467	0.931194	0.000134
512	9600	628	211	244090	0.931129	0.934422	0.000103
512	9600	629	96	251274	0.958534	0.959797	0.000080
512	9600	630	83	251201	0.958256	0.959412	0.000195
512	9600	631	477	215331	0.821423	0.829330	0.000252
512	9600	632	267	235631	0.898861	0.903225	0.000175
512	9600	633	196	237820	0.907211	0.909908	0.000134
512	9600	634	102	249242	0.950783	0.952518	0.000259
512	9600	635	23	255243	0.973675	0.973923	0.000080
512	9600	636	150	246348	0.939743	0.942558	0.000332
512	9600	637	357	230127	0.877865	0.883331	0.000130
512	9600	638	89	249531	0.951885	0.953602	0.000225
512	9600	639	307	238307	0.909069	0.913746	0.000217
512	9600	640	493	220714	0.841957	0.848972	0.000191
512	9600	641	79	251423	0.959103	0.960171	0.000164
512	9600	642	276	234778	0.895607	0.899452	0.000164
512	9600	643	114	248155	0.946636	0.948311	0.000122
512	9600	644	243	230962	0.881050	0.884193	0.000111
512	9600	645	141	247298	0.943367	0.945908	0.000210
512	9600	646	93	249134	0.950371	0.951454	0.000065
512	9600	647	114	250924	0.957199	0.958973	0.000156
512	9600	648	86	248648	0.948517	0.950138	0.000229
512	9600	649	358	233671	0.891384	0.897026	0.000313
512	9600	650	369	230218	0.878212	0.884171	0.000252
512	9600	651	339	229058	0.873787	0.879715	0.000160
512	9600	652	325	236293	0.901386	0.906979	0.000221
512	9600	653	150	245096	0.934967	0.936848	0.000088
512	9600	654	156	247787	0.945232	0.947784	0.000156
512	9600	655	492	208550	0.795555	0.803490	0.000217
512	9600	656	158	245049	0.934788	0.937164	0.000172
512	9600	657	77	254105	0.969334	0.970497	0.000149
512	9600	658	63	253541	0.967182	0.968201	0.000282
512	9600	659	410	230931	0.880932	0.887817	0.000210
512	9600	660	196	239882	0.915077	0.917889	0.000141
512	9600	661	151	244335	0.932064	0.934158	0.000149
512	9600	662	331	231444	0.882889	0.887646	0.000126
512	9600	663	251	239522	0.913704	0.916653	0.000118
512	9600	664	147	247286	0.943321	0.946064	0.000225
512	9600	665	120	249436	0.951523	0.953178	0.000095
512	9600	666	415	225449	0.860020	0.867214	0.000336
512	9600	667	468	221453	0.844776	0.852360	0.000198
512	9600	668	292	241335	0.920620	0.925419	0.000217
512	9600	669	271	239289	0.912815	0.917572	0.000187
512	9600	670	156	242164	0.923782	0.926628	0.000191
512	9600	671	337	232519	0.886990	0.892551	0.000206
512	9600	672	99	249994	0.953651	0.955585	0.000240
512	9600	673	361	229305	0.874729	0.881016	0.000217
512	9600	674	363	222205	0.847645	0.853352	0.000195
512	9600	675	208	238129	0.908390	0.911686	0.000149
512	9600	676	374	221335	0.844326	0.850224	0.000179
512	9600	677	293	234233	0.893528	0.898159	0.000195
512	9600	678	293	229567	0.875729	0.879753	0.000103
512	9600	679	302	231510	0.883141	0.887848	0.000134
512	9600	680	54	254060	0.969162	0.969818	0.000057
512	9600	681	62	252679	0.963894	0.964764	0.000088
512	9600	682	365	234357	0.894001	0.899887	0.000351
512	9600	683	450	228342	0.871056	0.878258	0.000145
512	9600	684	1	257800	0.983429	0.983429	0.000000
512	9600	685	466	229572	0.875748	0.883636	0.000244
512	9600	686	245	237942	0.907677	0.910995	0.000107
512	9600	687	161	244129	0.931278	0.933704	0.000202
512	9600	688	96	249240	0.950775	0.952297	0.000160
512	9600	689	109	248655	0.948544	0.949951	0.000271
512	9600	690	91	247764	0.945145	0.946579	0.000168
512	9600	691	340	230679	0.879971	0.885635	0.000301
512	9600	692	147	247506	0.944160	0.945885	0.000092
512	9600	693	442	226383	0.863583	0.871342	0.000309
512	9600	694	67	251647	0.959957	0.960861	0.000069
512	9600	695	248	236608	0.902588	0.906700	0.000252
512	9600	696	235	238817	0.911015	0.914627	0.000160
512	9600	697	164	244007	0.930813	0.933388	0.000183
512	9600	698	63	251927	0.961025	0.962151	0.000164
512	9600	699	72	252110	0.961723	0.962830	0.000206
512	9600	700	107	249638	0.952293	0.953606	0.000080
512	9600	701	29	256359	0.977932	0.978241	0.000053
512	9600	702	109	247250	0.943184	0.945164	0.000134
512	9600	703	218	242307	0.924328	0.927383	0.000141
512	9600	704	183	240894	0.918938	0.921196	0.000137
512	9600	705	260	237874	0.907417	0.911152	0.000141
512	9600	706	242	233984	0.892578	0.896805	0.000149
512	9600	707	266	236282	0.901344	0.905499	0.000317
512	9600	708	262	240035	0.915661	0.919769	0.000225
512	9600	709	440	222210	0.847664	0.855057	0.000374
512	9600	710	249	240512	0.917480	0.921646	0.000217
512	9600	711	188	239733	0.914509	0.917492	0.000175
512	9600	712	166	242018	0.923225	0.926388	0.000221
512	9600	713	113	249547	0.951946	0.953724	0.000263
512	9600	714	373	233832	0.891998	0.897980	0.000206
512	9600	715	647	204640	0.780640	0.791389	0.000286
512	9600	716	546	216499	0.825878	0.835613	0.000267
512	9600	717	136	250298	0.954811	0.956863	0.000183
512	9600	718	464	227001	0.865940	0.873512	0.000237
512	9600	719	174	245602	0.936897	0.939159	0.000126
512	9600	720	168	245726	0.937370	0.940502	0.000160
512	9600	721	287	232600	0.887299	0.892132	0.000229
512	9600	722	108	250890	0.957069	0.958420	0.000069
512	9600	723	318	230125	0.877857	0.882973	0.000130
512	9600	724	202	243731	0.929760	0.932659	0.000111
512	9600	725	96	251792	0.960510	0.962376	0.000156
512	9600	726	214	242306	0.924324	0.928638	0.000172
512	9600	727	38	254141	0.969471	0.969975	0.000118
512	9600	728	283	237536	0.906128	0.911255	0.000233
512	9600	729	459	224518	0.856468	0.863533	0.000145
512	9600	730	160	247532	0.944260	0.946575	0.000130
512	9600	731	105	251513	0.959446	0.960987	0.000103
512	9600	732	416	219530	0.837440	0.844410	0.000179
512	9600	733	115	248733	0.948841	0.950439	0.000130
512	9600	734	208	237308	0.905258	0.908054	0.000092
512	9600	735	137	246161	0.939030	0.941059	0.000149
512	9600	736	146	244431	0.932430	0.934654	0.000114
512	9600	737	127	248822	0.949181	0.950871	0.000099
512	9600	738	318	235359	0.897823	0.902813	0.000153
512	9600	739	237	241018	0.919411	0.923405	0.000195
512	9600	740	328	229316	0.874771	0.879585	0.000183
512	9600	741	149	247654	0.944725	0.947098	0.000137
512	9600	742	168	246234	0.939308	0.941673	0.000126
512	9600	743	169	245986	0.938362	0.940895	0.000141
512	9600	744	38	254013	0.968983	0.969395	0.000065
512	9600	745	268	231524	0.883194	0.887707	0.000183
512	9600	746	305	232702	0.887688	0.892414	0.000179
512	9600	747	150	247161	0.942844	0.945019	0.000153
512	9600	748	85	250547	0.955761	0.957249	0.000179
512	9600	749	123	250488	0.955536	0.957886	0.000374
512	9600	750	255	239064	0.911957	0.916096	0.000172
512	9600	751	348	233837	0.892017	0.897560	0.000164
512	9600	752	149	247385	0.943699	0.946007	0.000168
512	9600	753	169	244458	0.932533	0.935551	0.000198
512	9600	754	297	231538	0.883247	0.888058	0.000420
512	9600	755	106	250771	0.956615	0.958477	0.000114
512	9600	756	459	218244	0.832535	0.839779	0.000191
512	9600	757	438	220962	0.842903	0.851120	0.000401
512	9600	758	162	246254	0.939384	0.942162	0.000179
512	9600	759	217	242016	0.923218	0.926739	0.000141
512	9600	760	79	251128	0.957977	0.959190	0.000179
512	9600	761	185	243083	0.927288	0.930367	0.000134
512	9600	762	182	246515	0.940380	0.943565	0.000191
512	9600	763	267	238433	0.909550	0.913891	0.000191
512	9600	764	312	234018	0.892708	0.898010	0.000175
512	9600	765	473	211775	0.807858	0.816059	0.000172
512	9600	766	304	232825	0.888157	0.892662	0.000191
512	9600	767	322	234206	0.893425	0.898476	0.000187
512	9600	768	245	233696	0.891479	0.895817	0.000229
512	9600	769	252	237265	0.905094	0.908783	0.000149
512	9600	770	374	229965	0.877247	0.883717	0.000179
512	9600	771	107	249508	0.951797	0.953526	0.000080
512	9600	772	235	240862	0.918816	0.922554	0.000118
512	9600	773	96	250425	0.955296	0.956837	0.000137
512	9600	774	286	234916	0.896133	0.900818	0.000278
512	9600	775	65	253434	0.966774	0.967968	0.000099
512	9600	776	333	228033	0.869877	0.875347	0.000149
512	9600	777	195	242596	0.925430	0.928387	0.000153
512	9600	778	355	222197	0.847614	0.852673	0.000156
512	9600	779	137	241848	0.922577	0.924271	0.000095
512	9600	780	179	246578	0.940620	0.943291	0.000210
512	9600	781	340	227153	0.866520	0.872463	0.000301
512	9600	782	107	249159	0.950466	0.951900	0.000061
512	9600	783	501	219466	0.837196	0.845318	0.000355
512	9600	784	174	247119	0.942684	0.945644	0.000114
512	9600	785	1	258254	0.985161	0.985161	0.000000
512	9600	786	188	243009	0.927006	0.930164	0.000221
512	9600	787	197	243698	0.929634	0.932625	0.000153
512	9600	788	161	246551	0.940517	0.943024	0.000305
512	9600	789	247	240541	0.917591	0.921173	0.000282
512	9600	790	1	257853	0.983631	0.983631	0.000000
512	9600	791	146	247772	0.945175	0.947189	0.000114
512	9600	792	374	219803	0.838482	0.845177	0.000229
512	9600	793	135	245833	0.937778	0.939785	0.000149
512	9600	794	150	243994	0.930763	0.933002	0.000111
512	9600	795	150	245612	0.936935	0.938976	0.000126
512	9600	796	409	226655	0.864620	0.871162	0.000156
512	9600	797	233	242222	0.924004	0.927998	0.000149
512	9600	798	299	237970	0.907784	0.912796	0.000214
512	9600	799	272	234091	0.892986	0.897293	0.000118
512	9600	800	111	248461	0.947803	0.949211	0.000072
512	9600	801	280	233249	0.889774	0.894600	0.000168
512	9600	802	235	238647	0.910366	0.914097	0.000137
512	9600	803	213	239663	0.914242	0.917240	0.000095
512	9600	804	414	223243	0.851604	0.858414	0.000305
512	9600	805	170	247444	0.943924	0.946598	0.000237
512	9600	806	56	254349	0.970264	0.970943	0.000057
512	9600	807	535	215960	0.823822	0.831852	0.000164
512	9600	808	554	222035	0.846996	0.856049	0.000149
512	9600	809	100	247629	0.944630	0.946011	0.000137
512	9600	810	37	254362	0.970314	0.970787	0.000092
512	9600	811	88	251883	0.960857	0.962219	0.000137
512	9600	812	245	238069	0.908161	0.911991	0.000168
512	9600	813	83	252122	0.961769	0.962833	0.000072
512	9600	814	296	223085	0.851002	0.856155	0.000175
512	9600	815	1	257742	0.983208	0.983208	0.000000
512	9600	816	493	222345	0.848179	0.856277	0.000271
512	9600	817	165	242832	0.926331	0.928955	0.000156
512	9600	818	122	248635	0.948467	0.951431	0.000263
512	9600	819	331	232728	0.887787	0.893505	0.000229
512	9600	820	367	230852	0.880630	0.886494	0.000217
512	9600	821	101	249580	0.952072	0.954086	0.000217
512	9600	822	497	225420	0.859909	0.868610	0.000198
512	9600	823	345	231466	0.882973	0.888367	0.000229
512	9600	824	329	232831	0.888180	0.893177	0.000233
512	9600	825	45	254980	0.972672	0.973213	0.000107
512	9600	826	354	234867	0.895947	0.901222	0.000130
512	9600	827	444	216693	0.826618	0.833138	0.000130
512	9600	828	68	251787	0.960491	0.961609	0.000153
512	9600	829	395	228072	0.870026	0.876381	0.000145
512	9600	830	46	254808	0.972015	0.972626	0.000057
512	9600	831	248	237363	0.905468	0.909168	0.000149
512	9600	832	113	250037	0.953815	0.955605	0.000130
512	9600	833	199	240086	0.915855	0.919064	0.000130
512	9600	834	137	246872	0.941742	0.943665	0.000137
512	9600	835	387	229186	0.874275	0.881031	0.000229
512	9600	836	302	238313	0.909092	0.913677	0.000153
512	9600	837	65	251253	0.958454	0.959328	0.000080
512	9600	838	171	242210	0.923958	0.926517	0.000141
512	9600	839	86	250799	0.956722	0.957985	0.000076
512	9600	840	476	216549	0.826069	0.834152	0.000214
512	9600	841	625	213883	0.815899	0.826138	0.000324
512	9600	842	301	235694	0.899101	0.903820	0.000206
512	9600	843	267	237264	0.905090	0.909084	0.000137
512	9600	844	466	227241	0.866856	0.874168	0.000198
512	9600	845	139	247028	0.942337	0.943752	0.000156
512	9600	846	300	233451	0.890545	0.895020	0.000214
512	9600	847	110	249497	0.951756	0.953388	0.000156
512	9600	848	131	249368	0.951263	0.953270	0.000214
512	9600	849	263	238597	0.910175	0.914970	0.000179
512	9600	850	300	235876	0.899796	0.904713	0.000160
512	9600	851	277	238294	0.909019	0.913891	0.000229
512	9600	852	359	232856	0.888275	0.894672	0.000217
512	9600	853	335	234809	0.895725	0.901165	0.000153
512	9600	854	70	253035	0.965252	0.966026	0.000088
512	9600	855	525	211717	0.807636	0.816666	0.000256
512	9600	856	139	249994	0.953651	0.955761	0.000114
512	9600	857	276	235040	0.896606	0.901237	0.000233
512	9600	858	17	257058	0.980598	0.980709	0.000027
512	9600	859	393	230874	0.880714	0.887608	0.000450
512	9600	860	189	245661	0.937122	0.939701	0.000195
512	9600	861	296	223436	0.852341	0.857117	0.000221
512	9600	862	242	240303	0.916683	0.921291	0.000347
512	9600	863	162	247225	0.943089	0.945137	0.000114
512	9600	864	234	241159	0.919949	0.923794	0.000244
512	9600	865	198	245305	0.935764	0.938641	0.000179
512	9600	866	185	242717	0.925892	0.929100	0.000313
512	9600	867	197	241562	0.921486	0.925293	0.000416
512	9600	868	191	242418	0.924751	0.927330	0.000118
512	9600	869	108	249908	0.953323	0.955082	0.000206
512	9600	870	76	251294	0.958611	0.959370	0.000103
512	9600	871	245	243432	0.928619	0.932671	0.000191
512	9600	872	222	241307	0.920513	0.924355	0.000187
512	9600	873	230	240110	0.915947	0.918880	0.000118
512	9600	874	268	234341	0.893940	0.899036	0.000580
512	9600	875	95	251219	0.958324	0.959579	0.000141
512	9600	876	111	247243	0.943157	0.944969	0.000088
512	9600	877	291	234614	0.894981	0.899872	0.000179
512	9600	878	235	242308	0.924332	0.928574	0.000397
512	9600	879	228	242552	0.925262	0.928593	0.000137
512	9600	880	283	238000	0.907898	0.913155	0.000324
512	9600	881	691	204981	0.781940	0.792835	0.000252
512	9600	882	186	246037	0.938557	0.942051	0.000389
512	9600	883	353	229914	0.877052	0.882355	0.000210
512	9600	884	124	247379	0.943676	0.945480	0.000122
512	9600	885	187	243732	0.929764	0.932838	0.000237
512	9600	886	526	217633	0.830204	0.840099	0.000252
512	9600	887	412	226134	0.862633	0.870182	0.000370
512	9600	888	72	252911	0.964779	0.965782	0.000088
512	9600	889	230	237845	0.907307	0.911354	0.000278
512	9600	890	253	241126	0.919823	0.923862	0.000172
512	9600	891	112	250781	0.956654	0.959019	0.000259
512	9600	892	79	252398	0.962822	0.964485	0.000153
512	9600	893	338	231398	0.882713	0.888859	0.000252
512	9600	894	55	254570	0.971107	0.971939	0.000111
512	9600	895	168	244926	0.934319	0.936596	0.000107
512	9600	896	203	242749	0.926014	0.929298	0.000107
512	9600	897	224	238513	0.909855	0.912762	0.000111
512	9600	898	161	249419	0.951458	0.954021	0.000233
512	9600	899	242	237850	0.907326	0.910961	0.000458
512	9600	900	251	237160	0.904694	0.908287	0.000134
512	9600	901	173	245946	0.938210	0.940594	0.000172
512	9600	902	164	244604	0.933090	0.935631	0.000156
512	9600	903	108	248483	0.947887	0.949562	0.000084
512	9600	904	441	212658	0.811226	0.818222	0.000191
512	9600	905	93	250902	0.957115	0.958336	0.000080
512	9600	906	249	241874	0.922676	0.926357	0.000126
512	9600	907	264	237099	0.904461	0.908566	0.000271
512	9600	908	24	256026	0.976662	0.976837	0.000050
512	9600	909	314	232201	0.885777	0.891155	0.000195
512	9600	910	123	246262	0.939415	0.941422	0.000175
512	9600	911	75	252967	0.964993	0.965904	0.000069
512	9600	912	39	253671	0.967678	0.968216	0.000069
512	9600	913	206	236956	0.903915	0.906788	0.000130
512	9600	914	186	243894	0.930382	0.932880	0.000153
512	9600	915	118	248466	0.947823	0.949989	0.000202
512	9600	916	372	233327	0.890072	0.896530	0.000507
512	9600	917	640	216839	0.827175	0.837494	0.000156
512	9600	918	142	249896	0.953278	0.955151	0.000134
512	9600	919	205	244028	0.930893	0.934105	0.000122
512	9600	920	58	254383	0.970394	0.971516	0.000164
512	9600	921	300	239732	0.914505	0.918961	0.000179
512	9600	922	87	251887	0.960873	0.961964	0.000103
512	9600	923	413	224382	0.855949	0.862518	0.000214
512	9600	924	98	250639	0.956112	0.958008	0.000248
512	9600	925	158	247122	0.942696	0.945374	0.000195
512	9600	926	49	254444	0.970627	0.971371	0.000137
512	9600	927	200	242218	0.923988	0.926937	0.000156
512	9600	928	316	236964	0.903946	0.908546	0.000164
512	9600	929	243	239458	0.913460	0.917606	0.000210
512	9600	930	232	239441	0.913395	0.917377	0.000210
512	9600	931	155	247437	0.943897	0.946579	0.000175
512	9600	932	424	219163	0.836040	0.843121	0.000198
512	9600	933	52	252943	0.964901	0.965527	0.000065
512	9600	934	1	258250	0.985146	0.985146	0.000000
512	9600	935	234	237296	0.905212	0.909378	0.000248
512	9600	936	350	233803	0.891888	0.897972	0.000278
512	9600	937	82	251356	0.958847	0.959953	0.000072
512	9600	938	353	232357	0.886372	0.891323	0.000164
512	9600	939	134	248873	0.949375	0.951660	0.000233
512	9600	940	136	250221	0.954517	0.957146	0.000301
512	9600	941	52	254722	0.971687	0.972500	0.000092
512	9600	942	175	243286	0.928062	0.930470	0.000130
512	9600	943	174	244628	0.933182	0.936249	0.000130
512	9600	944	104	249678	0.952446	0.954147	0.000153
512	9600	945	278	239019	0.911785	0.916443	0.000206
512	9600	946	162	246651	0.940899	0.943275	0.000244
512	9600	947	310	232176	0.885681	0.890713	0.000366
512	9600	948	283	237175	0.904751	0.908985	0.000118
512	9600	949	174	246052	0.938614	0.941181	0.000164
512	9600	950	319	233446	0.890526	0.895233	0.000153
512	9600	951	612	203635	0.776806	0.786938	0.000160
512	9600	952	127	246806	0.941490	0.943798	0.000172
512	9600	953	318	235356	0.897812	0.903076	0.000175
512	9600	954	276	235185	0.897160	0.901276	0.000111
512	9600	955	264	236039	0.900417	0.905430	0.000179
512	9600	956	335	237112	0.904510	0.910267	0.000198
512	9600	957	195	240414	0.917107	0.920422	0.000172
512	9600	958	139	247466	0.944008	0.946587	0.000198
512	9600	959	388	233214	0.889641	0.895878	0.000259
512	9600	960	170	245454	0.936333	0.938747	0.000118
512	9600	961	177	245046	0.934776	0.937588	0.000278
512	9600	962	255	236065	0.900517	0.904568	0.000149
512	9600	963	423	223841	0.853886	0.860813	0.000217
512	9600	964	170	244632	0.933197	0.936058	0.000286
512	9600	965	160	246782	0.941399	0.943874	0.000118
512	9600	966	247	239115	0.912151	0.916523	0.000248
512	9600	967	80	251590	0.959740	0.960987	0.000164
512	9600	968	81	250207	0.954464	0.955524	0.000107
512	9600	969	163	245211	0.935406	0.938335	0.000298
512	9600	970	274	236721	0.903019	0.907833	0.000256
512	9600	971	294	236178	0.900948	0.905598	0.000164
512	9600	972	483	218328	0.832855	0.840199	0.000240
512	9600	973	290	236616	0.902618	0.906788	0.000305
512	9600	974	122	248564	0.948196	0.950386	0.000107
512	9600	975	139	248027	0.946148	0.948818	0.000282
512	9600	976	254	237077	0.904377	0.908375	0.000130
512	9600	977	297	236934	0.903831	0.908001	0.000221
512	9600	978	28	256324	0.977798	0.978119	0.000061
512	9600	979	93	251183	0.958187	0.959736	0.000214
512	9600	980	65	254171	0.969585	0.970337	0.000050
512	9600	981	272	240939	0.919109	0.923420	0.000401
512	9600	982	134	248322	0.947273	0.949207	0.000137
512	9600	983	143	247173	0.942890	0.945271	0.000145
512	9600	984	58	251318	0.958702	0.959469	0.000088
512	9600	985	170	246885	0.941792	0.944031	0.000095
512	9600	986	26	254477	0.970753	0.971115	0.000080
512	9600	987	206	242679	0.925747	0.929321	0.000134
512	9600	988	72	252068	0.961563	0.962379	0.000061
512	9600	989	582	211514	0.806862	0.817738	0.000313
512	9600	990	148	243741	0.929798	0.931770	0.000084
512	9600	991	51	252580	0.963516	0.964039	0.000080
512	9600	992	306	236149	0.900837	0.906082	0.000248
512	9600	993	398	232592	0.887268	0.894047	0.000229
512	9600	994	503	219660	0.837936	0.845982	0.000237
512	9600	995	161	246634	0.940834	0.943287	0.000160
512	9600	996	648	201247	0.767696	0.777771	0.000263
512	9600	997	264	232626	0.887398	0.891968	0.000233
512	9600	998	379	225712	0.861023	0.867298	0.000248
512	9600	999	114	251102	0.957878	0.960133	0.000210
512	9600	1000	241	241029	0.919453	0.923309	0.000153
