512	9000	2	33	13	0.000050	0.000378	0.000050
512	9000	3	28	8	0.000031	0.000328	0.000031
512	9000	4	32	8	0.000031	0.000343	0.000031
512	9000	5	60	15	0.000057	0.000698	0.000057
512	9000	6	52	14	0.000053	0.000713	0.000053
512	9000	7	54	11	0.000042	0.000610	0.000042
512	9000	8	50	9	0.000034	0.000473	0.000034
512	9000	9	41	18	0.000069	0.000507	0.000069
512	9000	10	34	12	0.000046	0.000359	0.000046
512	9000	11	51	23	0.000088	0.000603	0.000088
512	9000	12	28	14	0.000053	0.000469	0.000053
512	9000	13	38	11	0.000042	0.000511	0.000042
512	9000	14	43	12	0.000046	0.000595	0.000046
512	9000	15	25	11	0.000042	0.000275	0.000042
512	9000	16	61	16	0.000061	0.000774	0.000061
512	9000	17	26	13	0.000050	0.000343	0.000050
512	9000	18	69	14	0.000053	0.000736	0.000053
512	9000	19	37	10	0.000038	0.000511	0.000038
512	9000	20	46	16	0.000061	0.000660	0.000061
512	9000	21	40	15	0.000057	0.000530	0.000057
512	9000	22	33	10	0.000038	0.000332	0.000038
512	9000	23	44	19	0.000072	0.000614	0.000072
512	9000	24	20	12	0.000046	0.000305	0.000046
512	9000	25	40	11	0.000042	0.000469	0.000042
512	9000	26	38	13	0.000050	0.000465	0.000050
512	9000	27	19	6	0.000023	0.000175	0.000023
512	9000	28	29	6	0.000023	0.000286	0.000023
512	9000	29	18	6	0.000023	0.000160	0.000023
512	9000	30	51	9	0.000034	0.000416	0.000034
512	9000	31	32	9	0.000034	0.000381	0.000034
512	9000	32	23	12	0.000046	0.000240	0.000046
512	9000	33	51	17	0.000065	0.000767	0.000065
512	9000	34	45	10	0.000038	0.000504	0.000038
512	9000	35	33	15	0.000057	0.000393	0.000057
512	9000	36	58	14	0.000053	0.000736	0.000053
512	9000	37	76	20	0.000076	0.000950	0.000076
512	9000	38	58	15	0.000057	0.000744	0.000057
512	9000	39	50	12	0.000046	0.000576	0.000046
512	9000	40	26	12	0.000046	0.000336	0.000046
512	9000	41	41	13	0.000050	0.000416	0.000050
512	9000	42	43	8	0.000031	0.000431	0.000031
512	9000	43	33	9	0.000034	0.000401	0.000034
512	9000	44	56	17	0.000065	0.000633	0.000065
512	9000	45	22	19	0.000072	0.000381	0.000072
512	9000	46	47	12	0.000046	0.000469	0.000046
512	9000	47	35	13	0.000050	0.000393	0.000050
512	9000	48	31	10	0.000038	0.000340	0.000038
512	9000	49	62	18	0.000069	0.000660	0.000069
512	9000	50	34	10	0.000038	0.000412	0.000038
512	9000	51	41	17	0.000065	0.000389	0.000065
512	9000	52	55	11	0.000042	0.000626	0.000042
512	9000	53	52	16	0.000061	0.000656	0.000061
512	9000	54	27	8	0.000031	0.000267	0.000031
512	9000	55	37	11	0.000042	0.000401	0.000042
512	9000	56	54	11	0.000042	0.000576	0.000042
512	9000	57	29	10	0.000038	0.000397	0.000038
512	9000	58	51	13	0.000050	0.000679	0.000050
512	9000	59	31	8	0.000031	0.000282	0.000031
512	9000	60	43	15	0.000057	0.000507	0.000057
512	9000	61	39	9	0.000034	0.000343	0.000034
512	9000	62	39	9	0.000034	0.000465	0.000034
512	9000	63	45	9	0.000034	0.000504	0.000034
512	9000	64	60	11	0.000042	0.000629	0.000042
512	9000	65	58	15	0.000057	0.000839	0.000057
512	9000	66	42	14	0.000053	0.000488	0.000053
512	9000	67	63	15	0.000057	0.000759	0.000057
512	9000	68	39	9	0.000034	0.000473	0.000034
512	9000	69	20	10	0.000038	0.000263	0.000038
512	9000	70	44	17	0.000065	0.000519	0.000065
512	9000	71	43	9	0.000034	0.000446	0.000034
512	9000	72	31	12	0.000046	0.000328	0.000046
512	9000	73	30	16	0.000061	0.000362	0.000061
512	9000	74	47	12	0.000046	0.000565	0.000046
512	9000	75	29	9	0.000034	0.000275	0.000034
512	9000	76	28	13	0.000050	0.000347	0.000050
512	9000	77	44	9	0.000034	0.000370	0.000034
512	9000	78	42	11	0.000042	0.000565	0.000042
512	9000	79	57	13	0.000050	0.000614	0.000050
512	9000	80	25	9	0.000034	0.000263	0.000034
512	9000	81	40	15	0.000057	0.000515	0.000057
512	9000	82	28	12	0.000046	0.000252	0.000046
512	9000	83	30	12	0.000046	0.000431	0.000046
512	9000	84	21	6	0.000023	0.000206	0.000023
512	9000	85	56	14	0.000053	0.000687	0.000053
512	9000	86	26	10	0.000038	0.000286	0.000038
512	9000	87	46	14	0.000053	0.000584	0.000053
512	9000	88	36	8	0.000031	0.000404	0.000031
512	9000	89	37	11	0.000042	0.000435	0.000042
512	9000	90	33	17	0.000065	0.000408	0.000065
512	9000	91	34	15	0.000057	0.000381	0.000057
512	9000	92	35	12	0.000046	0.000427	0.000046
512	9000	93	58	13	0.000050	0.000614	0.000050
512	9000	94	40	15	0.000057	0.000523	0.000057
512	9000	95	44	18	0.000069	0.000576	0.000069
512	9000	96	19	10	0.000038	0.000248	0.000038
512	9000	97	32	18	0.000069	0.000439	0.000069
512	9000	98	60	12	0.000046	0.000694	0.000046
512	9000	99	29	13	0.000050	0.000332	0.000050
512	9000	100	23	7	0.000027	0.000275	0.000027
512	9000	101	35	9	0.000034	0.000378	0.000034
512	9000	102	34	16	0.000061	0.000435	0.000061
512	9000	103	45	17	0.000065	0.000458	0.000065
512	9000	104	64	14	0.000053	0.000832	0.000053
512	9000	105	49	11	0.000042	0.000576	0.000042
512	9000	106	34	8	0.000031	0.000347	0.000031
512	9000	107	28	10	0.000038	0.000370	0.000038
512	9000	108	49	18	0.000069	0.000519	0.000069
512	9000	109	25	7	0.000027	0.000271	0.000027
512	9000	110	50	10	0.000038	0.000477	0.000038
512	9000	111	55	10	0.000038	0.000584	0.000038
512	9000	112	72	20	0.000076	0.000862	0.000076
512	9000	113	66	11	0.000042	0.000740	0.000042
512	9000	114	30	12	0.000046	0.000332	0.000046
512	9000	115	47	14	0.000053	0.000557	0.000053
512	9000	116	38	11	0.000042	0.000328	0.000042
512	9000	117	53	14	0.000053	0.000496	0.000053
512	9000	118	63	10	0.000038	0.000721	0.000038
512	9000	119	35	15	0.000057	0.000473	0.000057
512	9000	120	36	14	0.000053	0.000381	0.000053
512	9000	121	47	8	0.000031	0.000401	0.000031
512	9000	122	26	12	0.000046	0.000244	0.000046
512	9000	123	23	7	0.000027	0.000233	0.000027
512	9000	124	29	15	0.000057	0.000366	0.000057
512	9000	125	45	8	0.000031	0.000462	0.000031
512	9000	126	31	13	0.000050	0.000332	0.000050
512	9000	127	41	16	0.000061	0.000610	0.000061
512	9000	128	58	9	0.000034	0.000587	0.000034
512	9000	129	59	17	0.000065	0.000854	0.000065
512	9000	130	45	15	0.000057	0.000504	0.000057
512	9000	131	12	6	0.000023	0.000111	0.000023
512	9000	132	30	14	0.000053	0.000381	0.000053
512	9000	133	43	13	0.000050	0.000477	0.000050
512	9000	134	60	14	0.000053	0.000706	0.000053
512	9000	135	50	19	0.000072	0.000591	0.000072
512	9000	136	53	8	0.000031	0.000530	0.000031
512	9000	137	25	6	0.000023	0.000206	0.000023
512	9000	138	23	14	0.000053	0.000401	0.000053
512	9000	139	24	16	0.000061	0.000355	0.000061
512	9000	140	45	7	0.000027	0.000446	0.000027
512	9000	141	33	21	0.000080	0.000465	0.000080
512	9000	142	19	17	0.000065	0.000214	0.000065
512	9000	143	41	11	0.000042	0.000450	0.000042
512	9000	144	33	14	0.000053	0.000408	0.000053
512	9000	145	24	11	0.000042	0.000305	0.000042
512	9000	146	40	14	0.000053	0.000484	0.000053
512	9000	147	45	9	0.000034	0.000477	0.000034
512	9000	148	53	11	0.000042	0.000565	0.000042
512	9000	149	30	9	0.000034	0.000229	0.000034
512	9000	150	31	8	0.000031	0.000427	0.000031
512	9000	151	44	10	0.000038	0.000549	0.000038
512	9000	152	62	14	0.000053	0.000801	0.000053
512	9000	153	19	8	0.000031	0.000229	0.000031
512	9000	154	50	16	0.000061	0.000572	0.000061
512	9000	155	41	20	0.000076	0.000549	0.000076
512	9000	156	48	11	0.000042	0.000462	0.000042
512	9000	157	39	14	0.000053	0.000507	0.000053
512	9000	158	31	6	0.000023	0.000298	0.000023
512	9000	159	40	10	0.000038	0.000454	0.000038
512	9000	160	23	8	0.000031	0.000233	0.000031
512	9000	161	31	11	0.000042	0.000381	0.000042
512	9000	162	37	19	0.000072	0.000465	0.000072
512	9000	163	37	13	0.000050	0.000420	0.000050
512	9000	164	41	14	0.000053	0.000538	0.000053
512	9000	165	40	11	0.000042	0.000408	0.000042
512	9000	166	37	16	0.000061	0.000549	0.000061
512	9000	167	28	7	0.000027	0.000256	0.000027
512	9000	168	36	9	0.000034	0.000355	0.000034
512	9000	169	24	8	0.000031	0.000256	0.000031
512	9000	170	43	13	0.000050	0.000511	0.000050
512	9000	171	63	16	0.000061	0.000721	0.000061
512	9000	172	37	13	0.000050	0.000420	0.000050
512	9000	173	52	13	0.000050	0.000622	0.000050
512	9000	174	46	19	0.000072	0.000565	0.000072
512	9000	175	41	14	0.000053	0.000412	0.000053
512	9000	176	61	10	0.000038	0.000744	0.000038
512	9000	177	13	17	0.000065	0.000172	0.000065
512	9000	178	20	13	0.000050	0.000221	0.000050
512	9000	179	30	11	0.000042	0.000366	0.000042
512	9000	180	49	10	0.000038	0.000450	0.000038
512	9000	181	31	11	0.000042	0.000397	0.000042
512	9000	182	64	12	0.000046	0.000813	0.000046
512	9000	183	49	11	0.000042	0.000568	0.000042
512	9000	184	39	7	0.000027	0.000317	0.000027
512	9000	185	34	15	0.000057	0.000450	0.000057
512	9000	186	32	25	0.000095	0.000469	0.000095
512	9000	187	31	16	0.000061	0.000317	0.000061
512	9000	188	31	11	0.000042	0.000401	0.000042
512	9000	189	35	9	0.000034	0.000366	0.000034
512	9000	190	40	8	0.000031	0.000420	0.000031
512	9000	191	56	11	0.000042	0.000614	0.000042
512	9000	192	73	16	0.000061	0.000801	0.000061
512	9000	193	42	8	0.000031	0.000450	0.000031
512	9000	194	27	9	0.000034	0.000301	0.000034
512	9000	195	45	8	0.000031	0.000469	0.000031
512	9000	196	28	10	0.000038	0.000381	0.000038
512	9000	197	43	11	0.000042	0.000465	0.000042
512	9000	198	20	5	0.000019	0.000145	0.000019
512	9000	199	44	12	0.000046	0.000427	0.000046
512	9000	200	53	15	0.000057	0.000622	0.000057
512	9000	201	44	10	0.000038	0.000500	0.000038
512	9000	202	44	9	0.000034	0.000500	0.000034
512	9000	203	36	15	0.000057	0.000458	0.000057
512	9000	204	54	12	0.000046	0.000679	0.000046
512	9000	205	49	18	0.000069	0.000626	0.000069
512	9000	206	53	9	0.000034	0.000580	0.000034
512	9000	207	54	11	0.000042	0.000710	0.000042
512	9000	208	49	14	0.000053	0.000587	0.000053
512	9000	209	42	13	0.000050	0.000423	0.000050
512	9000	210	22	8	0.000031	0.000244	0.000031
512	9000	211	51	12	0.000046	0.000420	0.000046
512	9000	212	32	12	0.000046	0.000397	0.000046
512	9000	213	35	11	0.000042	0.000359	0.000042
512	9000	214	44	10	0.000038	0.000511	0.000038
512	9000	215	45	17	0.000065	0.000576	0.000065
512	9000	216	41	10	0.000038	0.000469	0.000038
512	9000	217	21	9	0.000034	0.000214	0.000034
512	9000	218	40	11	0.000042	0.000423	0.000042
512	9000	219	47	16	0.000061	0.000607	0.000061
512	9000	220	39	11	0.000042	0.000488	0.000042
512	9000	221	37	11	0.000042	0.000454	0.000042
512	9000	222	62	13	0.000050	0.000694	0.000050
512	9000	223	25	13	0.000050	0.000313	0.000050
512	9000	224	45	18	0.000069	0.000530	0.000069
512	9000	225	67	17	0.000065	0.000683	0.000065
512	9000	226	62	12	0.000046	0.000629	0.000046
512	9000	227	54	8	0.000031	0.000572	0.000031
512	9000	228	26	10	0.000038	0.000301	0.000038
512	9000	229	18	14	0.000053	0.000179	0.000053
512	9000	230	73	8	0.000031	0.000732	0.000031
512	9000	231	43	10	0.000038	0.000580	0.000038
512	9000	232	31	16	0.000061	0.000324	0.000061
512	9000	233	38	10	0.000038	0.000431	0.000038
512	9000	234	42	10	0.000038	0.000427	0.000038
512	9000	235	63	20	0.000076	0.000809	0.000076
512	9000	236	51	19	0.000072	0.000683	0.000072
512	9000	237	57	14	0.000053	0.000721	0.000053
512	9000	238	33	15	0.000057	0.000450	0.000057
512	9000	239	41	10	0.000038	0.000446	0.000038
512	9000	240	56	17	0.000065	0.000702	0.000065
512	9000	241	51	15	0.000057	0.000557	0.000057
512	9000	242	42	11	0.000042	0.000431	0.000042
512	9000	243	43	10	0.000038	0.000416	0.000038
512	9000	244	48	14	0.000053	0.000484	0.000053
512	9000	245	42	10	0.000038	0.000626	0.000038
512	9000	246	37	11	0.000042	0.000435	0.000042
512	9000	247	54	14	0.000053	0.000618	0.000053
512	9000	248	40	9	0.000034	0.000523	0.000034
512	9000	249	29	13	0.000050	0.000378	0.000050
512	9000	250	27	6	0.000023	0.000217	0.000023
512	9000	251	39	18	0.000069	0.000507	0.000069
512	9000	252	59	19	0.000072	0.000736	0.000072
512	9000	253	33	25	0.000095	0.000473	0.000095
512	9000	254	14	8	0.000031	0.000156	0.000031
512	9000	255	36	10	0.000038	0.000401	0.000038
512	9000	256	64	15	0.000057	0.000713	0.000057
512	9000	257	28	12	0.000046	0.000313	0.000046
512	9000	258	39	8	0.000031	0.000389	0.000031
512	9000	259	42	10	0.000038	0.000465	0.000038
512	9000	260	39	17	0.000065	0.000458	0.000065
512	9000	261	40	9	0.000034	0.000572	0.000034
512	9000	262	33	10	0.000038	0.000412	0.000038
512	9000	263	30	8	0.000031	0.000305	0.000031
512	9000	264	48	11	0.000042	0.000565	0.000042
512	9000	265	50	14	0.000053	0.000618	0.000053
512	9000	266	49	11	0.000042	0.000595	0.000042
512	9000	267	44	10	0.000038	0.000446	0.000038
512	9000	268	47	12	0.000046	0.000542	0.000046
512	9000	269	24	8	0.000031	0.000263	0.000031
512	9000	270	40	10	0.000038	0.000446	0.000038
512	9000	271	18	15	0.000057	0.000256	0.000057
512	9000	272	40	17	0.000065	0.000469	0.000065
512	9000	273	70	16	0.000061	0.000710	0.000061
512	9000	274	29	9	0.000034	0.000217	0.000034
512	9000	275	45	15	0.000057	0.000576	0.000057
512	9000	276	31	8	0.000031	0.000359	0.000031
512	9000	277	25	13	0.000050	0.000408	0.000050
512	9000	278	48	12	0.000046	0.000519	0.000046
512	9000	279	38	21	0.000080	0.000496	0.000080
512	9000	280	40	9	0.000034	0.000458	0.000034
512	9000	281	30	6	0.000023	0.000278	0.000023
512	9000	282	35	11	0.000042	0.000416	0.000042
512	9000	283	23	14	0.000053	0.000351	0.000053
512	9000	284	25	7	0.000027	0.000267	0.000027
512	9000	285	41	13	0.000050	0.000507	0.000050
512	9000	286	23	15	0.000057	0.000351	0.000057
512	9000	287	38	13	0.000050	0.000431	0.000050
512	9000	288	42	10	0.000038	0.000462	0.000038
512	9000	289	31	11	0.000042	0.000381	0.000042
512	9000	290	53	16	0.000061	0.000610	0.000061
512	9000	291	35	10	0.000038	0.000462	0.000038
512	9000	292	32	10	0.000038	0.000397	0.000038
512	9000	293	35	12	0.000046	0.000378	0.000046
512	9000	294	12	9	0.000034	0.000126	0.000034
512	9000	295	46	14	0.000053	0.000507	0.000053
512	9000	296	35	13	0.000050	0.000416	0.000050
512	9000	297	30	17	0.000065	0.000397	0.000065
512	9000	298	31	17	0.000065	0.000458	0.000065
512	9000	299	64	11	0.000042	0.000759	0.000042
512	9000	300	18	5	0.000019	0.000156	0.000019
512	9000	301	45	16	0.000061	0.000484	0.000061
512	9000	302	16	15	0.000057	0.000191	0.000057
512	9000	303	45	12	0.000046	0.000500	0.000046
512	9000	304	41	9	0.000034	0.000401	0.000034
512	9000	305	65	16	0.000061	0.000732	0.000061
512	9000	306	32	9	0.000034	0.000366	0.000034
512	9000	307	41	14	0.000053	0.000427	0.000053
512	9000	308	32	17	0.000065	0.000324	0.000065
512	9000	309	34	20	0.000076	0.000431	0.000076
512	9000	310	44	13	0.000050	0.000614	0.000050
512	9000	311	32	15	0.000057	0.000511	0.000057
512	9000	312	34	12	0.000046	0.000298	0.000046
512	9000	313	57	13	0.000050	0.000607	0.000050
512	9000	314	43	15	0.000057	0.000584	0.000057
512	9000	315	30	7	0.000027	0.000324	0.000027
512	9000	316	30	13	0.000050	0.000401	0.000050
512	9000	317	80	18	0.000069	0.000885	0.000069
512	9000	318	68	21	0.000080	0.000858	0.000080
512	9000	319	45	17	0.000065	0.000546	0.000065
512	9000	320	36	9	0.000034	0.000404	0.000034
512	9000	321	46	10	0.000038	0.000519	0.000038
512	9000	322	53	21	0.000080	0.000553	0.000080
512	9000	323	27	9	0.000034	0.000347	0.000034
512	9000	324	50	10	0.000038	0.000546	0.000038
512	9000	325	25	11	0.000042	0.000267	0.000042
512	9000	326	53	9	0.000034	0.000587	0.000034
512	9000	327	23	19	0.000072	0.000359	0.000072
512	9000	328	30	13	0.000050	0.000332	0.000050
512	9000	329	66	12	0.000046	0.000694	0.000046
512	9000	330	50	10	0.000038	0.000549	0.000038
512	9000	331	34	10	0.000038	0.000393	0.000038
512	9000	332	43	8	0.000031	0.000378	0.000031
512	9000	333	42	11	0.000042	0.000526	0.000042
512	9000	334	41	13	0.000050	0.000526	0.000050
512	9000	335	48	12	0.000046	0.000584	0.000046
512	9000	336	52	25	0.000095	0.000664	0.000095
512	9000	337	55	10	0.000038	0.000633	0.000038
512	9000	338	48	12	0.000046	0.000546	0.000046
512	9000	339	44	12	0.000046	0.000458	0.000046
512	9000	340	49	11	0.000042	0.000572	0.000042
512	9000	341	44	17	0.000065	0.000614	0.000065
512	9000	342	57	9	0.000034	0.000500	0.000034
512	9000	343	23	11	0.000042	0.000233	0.000042
512	9000	344	48	7	0.000027	0.000462	0.000027
512	9000	345	27	9	0.000034	0.000347	0.000034
512	9000	346	63	12	0.000046	0.000668	0.000046
512	9000	347	22	13	0.000050	0.000240	0.000050
512	9000	348	61	16	0.000061	0.000786	0.000061
512	9000	349	19	9	0.000034	0.000237	0.000034
512	9000	350	42	8	0.000031	0.000477	0.000031
512	9000	351	35	12	0.000046	0.000534	0.000046
512	9000	352	38	12	0.000046	0.000446	0.000046
512	9000	353	31	10	0.000038	0.000397	0.000038
512	9000	354	60	15	0.000057	0.000721	0.000057
512	9000	355	52	17	0.000065	0.000698	0.000065
512	9000	356	47	18	0.000069	0.000587	0.000069
512	9000	357	46	15	0.000057	0.000481	0.000057
512	9000	358	38	11	0.000042	0.000458	0.000042
512	9000	359	39	14	0.000053	0.000427	0.000053
512	9000	360	26	11	0.000042	0.000298	0.000042
512	9000	361	39	13	0.000050	0.000523	0.000050
512	9000	362	33	12	0.000046	0.000362	0.000046
512	9000	363	28	13	0.000050	0.000351	0.000050
512	9000	364	42	10	0.000038	0.000435	0.000038
512	9000	365	37	8	0.000031	0.000317	0.000031
512	9000	366	29	6	0.000023	0.000320	0.000023
512	9000	367	33	13	0.000050	0.000504	0.000050
512	9000	368	35	9	0.000034	0.000404	0.000034
512	9000	369	50	11	0.000042	0.000465	0.000042
512	9000	370	18	7	0.000027	0.000164	0.000027
512	9000	371	46	15	0.000057	0.000587	0.000057
512	9000	372	19	11	0.000042	0.000259	0.000042
512	9000	373	31	19	0.000072	0.000408	0.000072
512	9000	374	36	8	0.000031	0.000351	0.000031
512	9000	375	44	9	0.000034	0.000416	0.000034
512	9000	376	47	12	0.000046	0.000576	0.000046
512	9000	377	40	9	0.000034	0.000462	0.000034
512	9000	378	42	14	0.000053	0.000546	0.000053
512	9000	379	62	11	0.000042	0.000732	0.000042
512	9000	380	40	9	0.000034	0.000408	0.000034
512	9000	381	48	15	0.000057	0.000671	0.000057
512	9000	382	42	14	0.000053	0.000549	0.000053
512	9000	383	42	8	0.000031	0.000355	0.000031
512	9000	384	43	14	0.000053	0.000542	0.000053
512	9000	385	44	12	0.000046	0.000477	0.000046
512	9000	386	44	13	0.000050	0.000469	0.000050
512	9000	387	47	15	0.000057	0.000557	0.000057
512	9000	388	38	9	0.000034	0.000401	0.000034
512	9000	389	48	8	0.000031	0.000473	0.000031
512	9000	390	15	14	0.000053	0.000206	0.000053
512	9000	391	47	9	0.000034	0.000496	0.000034
512	9000	392	38	15	0.000057	0.000546	0.000057
512	9000	393	44	13	0.000050	0.000557	0.000050
512	9000	394	44	10	0.000038	0.000557	0.000038
512	9000	395	35	13	0.000050	0.000378	0.000050
512	9000	396	51	9	0.000034	0.000530	0.000034
512	9000	397	15	10	0.000038	0.000179	0.000038
512	9000	398	31	16	0.000061	0.000378	0.000061
512	9000	399	41	10	0.000038	0.000431	0.000038
512	9000	400	33	17	0.000065	0.000500	0.000065
512	9000	401	43	15	0.000057	0.000450	0.000057
512	9000	402	16	5	0.000019	0.000134	0.000019
512	9000	403	73	9	0.000034	0.000732	0.000034
512	9000	404	52	20	0.000076	0.000656	0.000076
512	9000	405	27	7	0.000027	0.000278	0.000027
512	9000	406	42	10	0.000038	0.000465	0.000038
512	9000	407	49	10	0.000038	0.000488	0.000038
512	9000	408	48	21	0.000080	0.000683	0.000080
512	9000	409	18	5	0.000019	0.000168	0.000019
512	9000	410	47	9	0.000034	0.000481	0.000034
512	9000	411	23	9	0.000034	0.000252	0.000034
512	9000	412	46	13	0.000050	0.000488	0.000050
512	9000	413	25	14	0.000053	0.000267	0.000053
512	9000	414	39	10	0.000038	0.000484	0.000038
512	9000	415	63	13	0.000050	0.000778	0.000050
512	9000	416	36	11	0.000042	0.000412	0.000042
512	9000	417	39	9	0.000034	0.000416	0.000034
512	9000	418	25	16	0.000061	0.000347	0.000061
512	9000	419	22	7	0.000027	0.000248	0.000027
512	9000	420	48	11	0.000042	0.000488	0.000042
512	9000	421	26	9	0.000034	0.000298	0.000034
512	9000	422	24	10	0.000038	0.000259	0.000038
512	9000	423	20	10	0.000038	0.000248	0.000038
512	9000	424	35	12	0.000046	0.000404	0.000046
512	9000	425	45	12	0.000046	0.000553	0.000046
512	9000	426	34	11	0.000042	0.000351	0.000042
512	9000	427	42	14	0.000053	0.000488	0.000053
512	9000	428	56	12	0.000046	0.000603	0.000046
512	9000	429	45	14	0.000053	0.000523	0.000053
512	9000	430	33	8	0.000031	0.000320	0.000031
512	9000	431	28	9	0.000034	0.000378	0.000034
512	9000	432	13	5	0.000019	0.000103	0.000019
512	9000	433	29	13	0.000050	0.000435	0.000050
512	9000	434	44	21	0.000080	0.000511	0.000080
512	9000	435	48	11	0.000042	0.000599	0.000042
512	9000	436	42	10	0.000038	0.000534	0.000038
512	9000	437	53	12	0.000046	0.000668	0.000046
512	9000	438	56	13	0.000050	0.000683	0.000050
512	9000	439	35	20	0.000076	0.000458	0.000076
512	9000	440	36	26	0.000099	0.000439	0.000099
512	9000	441	37	27	0.000103	0.000534	0.000103
512	9000	442	39	10	0.000038	0.000469	0.000038
512	9000	443	54	15	0.000057	0.000656	0.000057
512	9000	444	55	16	0.000061	0.000626	0.000061
512	9000	445	42	16	0.000061	0.000389	0.000061
512	9000	446	55	16	0.000061	0.000759	0.000061
512	9000	447	36	8	0.000031	0.000416	0.000031
512	9000	448	57	11	0.000042	0.000671	0.000042
512	9000	449	42	11	0.000042	0.000496	0.000042
512	9000	450	56	15	0.000057	0.000580	0.000057
512	9000	451	52	21	0.000080	0.000729	0.000080
512	9000	452	55	9	0.000034	0.000465	0.000034
512	9000	453	14	12	0.000046	0.000248	0.000046
512	9000	454	29	10	0.000038	0.000389	0.000038
512	9000	455	28	9	0.000034	0.000290	0.000034
512	9000	456	44	9	0.000034	0.000427	0.000034
512	9000	457	48	12	0.000046	0.000546	0.000046
512	9000	458	43	13	0.000050	0.000610	0.000050
512	9000	459	48	11	0.000042	0.000507	0.000042
512	9000	460	39	9	0.000034	0.000359	0.000034
512	9000	461	43	7	0.000027	0.000393	0.000027
512	9000	462	27	8	0.000031	0.000317	0.000031
512	9000	463	43	22	0.000084	0.000523	0.000084
512	9000	464	31	7	0.000027	0.000362	0.000027
512	9000	465	25	14	0.000053	0.000389	0.000053
512	9000	466	33	14	0.000053	0.000416	0.000053
512	9000	467	45	18	0.000069	0.000599	0.000069
512	9000	468	25	12	0.000046	0.000431	0.000046
512	9000	469	49	10	0.000038	0.000568	0.000038
512	9000	470	36	10	0.000038	0.000477	0.000038
512	9000	471	38	24	0.000092	0.000473	0.000092
512	9000	472	43	10	0.000038	0.000526	0.000038
512	9000	473	33	18	0.000069	0.000401	0.000069
512	9000	474	17	10	0.000038	0.000191	0.000038
512	9000	475	50	20	0.000076	0.000618	0.000076
512	9000	476	38	7	0.000027	0.000343	0.000027
512	9000	477	40	8	0.000031	0.000389	0.000031
512	9000	478	41	18	0.000069	0.000538	0.000069
512	9000	479	49	11	0.000042	0.000633	0.000042
512	9000	480	36	9	0.000034	0.000423	0.000034
512	9000	481	32	12	0.000046	0.000351	0.000046
512	9000	482	36	13	0.000050	0.000534	0.000050
512	9000	483	56	13	0.000050	0.000671	0.000050
512	9000	484	26	10	0.000038	0.000381	0.000038
512	9000	485	37	14	0.000053	0.000450	0.000053
512	9000	486	30	11	0.000042	0.000313	0.000042
512	9000	487	39	13	0.000050	0.000427	0.000050
512	9000	488	37	8	0.000031	0.000301	0.000031
512	9000	489	19	15	0.000057	0.000210	0.000057
512	9000	490	42	13	0.000050	0.000507	0.000050
512	9000	491	61	20	0.000076	0.000805	0.000076
512	9000	492	36	8	0.000031	0.000381	0.000031
512	9000	493	49	17	0.000065	0.000648	0.000065
512	9000	494	44	11	0.000042	0.000526	0.000042
512	9000	495	20	11	0.000042	0.000294	0.000042
512	9000	496	40	17	0.000065	0.000511	0.000065
512	9000	497	28	11	0.000042	0.000351	0.000042
512	9000	498	51	17	0.000065	0.000534	0.000065
512	9000	499	77	14	0.000053	0.000870	0.000053
512	9000	500	36	12	0.000046	0.000378	0.000046
512	9000	501	49	11	0.000042	0.000546	0.000042
512	9000	502	26	9	0.000034	0.000282	0.000034
512	9000	503	34	16	0.000061	0.000416	0.000061
512	9000	504	32	15	0.000057	0.000401	0.000057
512	9000	505	26	8	0.000031	0.000320	0.000031
512	9000	506	10	7	0.000027	0.000118	0.000027
512	9000	507	44	15	0.000057	0.000538	0.000057
512	9000	508	54	8	0.000031	0.000572	0.000031
512	9000	509	33	11	0.000042	0.000355	0.000042
512	9000	510	40	10	0.000038	0.000401	0.000038
512	9000	511	46	11	0.000042	0.000519	0.000042
512	9000	512	32	10	0.000038	0.000381	0.000038
512	9000	513	35	11	0.000042	0.000385	0.000042
512	9000	514	45	14	0.000053	0.000603	0.000053
512	9000	515	32	12	0.000046	0.000374	0.000046
512	9000	516	45	13	0.000050	0.000534	0.000050
512	9000	517	53	10	0.000038	0.000553	0.000038
512	9000	518	51	9	0.000034	0.000629	0.000034
512	9000	519	26	24	0.000092	0.000401	0.000092
512	9000	520	33	9	0.000034	0.000351	0.000034
512	9000	521	14	8	0.000031	0.000160	0.000031
512	9000	522	19	10	0.000038	0.000259	0.000038
512	9000	523	27	14	0.000053	0.000366	0.000053
512	9000	524	33	14	0.000053	0.000420	0.000053
512	9000	525	41	8	0.000031	0.000397	0.000031
512	9000	526	13	4	0.000015	0.000095	0.000015
512	9000	527	24	12	0.000046	0.000275	0.000046
512	9000	528	29	8	0.000031	0.000298	0.000031
512	9000	529	16	10	0.000038	0.000233	0.000038
512	9000	530	40	15	0.000057	0.000580	0.000057
512	9000	531	37	18	0.000069	0.000469	0.000069
512	9000	532	45	12	0.000046	0.000549	0.000046
512	9000	533	21	16	0.000061	0.000286	0.000061
512	9000	534	54	13	0.000050	0.000702	0.000050
512	9000	535	30	11	0.000042	0.000408	0.000042
512	9000	536	32	14	0.000053	0.000446	0.000053
512	9000	537	41	15	0.000057	0.000633	0.000057
512	9000	538	38	27	0.000103	0.000443	0.000103
512	9000	539	32	16	0.000061	0.000469	0.000061
512	9000	540	36	13	0.000050	0.000446	0.000050
512	9000	541	44	12	0.000046	0.000431	0.000046
512	9000	542	47	9	0.000034	0.000542	0.000034
512	9000	543	37	10	0.000038	0.000462	0.000038
512	9000	544	27	7	0.000027	0.000256	0.000027
512	9000	545	54	9	0.000034	0.000549	0.000034
512	9000	546	34	12	0.000046	0.000408	0.000046
512	9000	547	57	7	0.000027	0.000523	0.000027
512	9000	548	31	22	0.000084	0.000347	0.000084
512	9000	549	50	14	0.000053	0.000637	0.000053
512	9000	550	48	8	0.000031	0.000469	0.000031
512	9000	551	43	10	0.000038	0.000416	0.000038
512	9000	552	47	19	0.000072	0.000584	0.000072
512	9000	553	51	13	0.000050	0.000599	0.000050
512	9000	554	54	11	0.000042	0.000526	0.000042
512	9000	555	37	12	0.000046	0.000435	0.000046
512	9000	556	36	20	0.000076	0.000549	0.000076
512	9000	557	43	15	0.000057	0.000465	0.000057
512	9000	558	38	12	0.000046	0.000477	0.000046
512	9000	559	27	11	0.000042	0.000389	0.000042
512	9000	560	40	8	0.000031	0.000397	0.000031
512	9000	561	27	15	0.000057	0.000435	0.000057
512	9000	562	36	15	0.000057	0.000488	0.000057
512	9000	563	28	15	0.000057	0.000267	0.000057
512	9000	564	49	9	0.000034	0.000511	0.000034
512	9000	565	24	8	0.000031	0.000278	0.000031
512	9000	566	44	8	0.000031	0.000462	0.000031
512	9000	567	22	12	0.000046	0.000259	0.000046
512	9000	568	71	23	0.000088	0.001019	0.000088
512	9000	569	38	8	0.000031	0.000458	0.000031
512	9000	570	49	15	0.000057	0.000576	0.000057
512	9000	571	39	12	0.000046	0.000454	0.000046
512	9000	572	59	12	0.000046	0.000713	0.000046
512	9000	573	43	11	0.000042	0.000423	0.000042
512	9000	574	22	6	0.000023	0.000183	0.000023
512	9000	575	18	8	0.000031	0.000168	0.000031
512	9000	576	37	10	0.000038	0.000324	0.000038
512	9000	577	46	10	0.000038	0.000458	0.000038
512	9000	578	39	10	0.000038	0.000473	0.000038
512	9000	579	31	11	0.000042	0.000393	0.000042
512	9000	580	30	9	0.000034	0.000343	0.000034
512	9000	581	48	13	0.000050	0.000515	0.000050
512	9000	582	26	13	0.000050	0.000328	0.000050
512	9000	583	24	13	0.000050	0.000340	0.000050
512	9000	584	45	18	0.000069	0.000496	0.000069
512	9000	585	69	10	0.000038	0.000690	0.000038
512	9000	586	29	15	0.000057	0.000381	0.000057
512	9000	587	66	15	0.000057	0.000797	0.000057
512	9000	588	26	8	0.000031	0.000240	0.000031
512	9000	589	33	18	0.000069	0.000397	0.000069
512	9000	590	9	5	0.000019	0.000084	0.000019
512	9000	591	42	13	0.000050	0.000492	0.000050
512	9000	592	44	10	0.000038	0.000603	0.000038
512	9000	593	40	11	0.000042	0.000542	0.000042
512	9000	594	31	10	0.000038	0.000370	0.000038
512	9000	595	42	22	0.000084	0.000469	0.000084
512	9000	596	32	9	0.000034	0.000340	0.000034
512	9000	597	34	13	0.000050	0.000381	0.000050
512	9000	598	30	10	0.000038	0.000420	0.000038
512	9000	599	65	11	0.000042	0.000820	0.000042
512	9000	600	44	12	0.000046	0.000618	0.000046
512	9000	601	42	15	0.000057	0.000553	0.000057
512	9000	602	45	15	0.000057	0.000546	0.000057
512	9000	603	42	21	0.000080	0.000534	0.000080
512	9000	604	28	10	0.000038	0.000256	0.000038
512	9000	605	27	15	0.000057	0.000343	0.000057
512	9000	606	45	12	0.000046	0.000561	0.000046
512	9000	607	39	9	0.000034	0.000347	0.000034
512	9000	608	41	12	0.000046	0.000492	0.000046
512	9000	609	49	17	0.000065	0.000706	0.000065
512	9000	610	50	7	0.000027	0.000477	0.000027
512	9000	611	13	12	0.000046	0.000172	0.000046
512	9000	612	36	7	0.000027	0.000343	0.000027
512	9000	613	66	11	0.000042	0.000717	0.000042
512	9000	614	56	19	0.000072	0.000683	0.000072
512	9000	615	31	9	0.000034	0.000340	0.000034
512	9000	616	42	8	0.000031	0.000385	0.000031
512	9000	617	22	10	0.000038	0.000286	0.000038
512	9000	618	34	16	0.000061	0.000385	0.000061
512	9000	619	27	19	0.000072	0.000340	0.000072
512	9000	620	39	12	0.000046	0.000378	0.000046
512	9000	621	69	13	0.000050	0.000900	0.000050
512	9000	622	21	17	0.000065	0.000248	0.000065
512	9000	623	45	9	0.000034	0.000416	0.000034
512	9000	624	33	10	0.000038	0.000366	0.000038
512	9000	625	53	11	0.000042	0.000561	0.000042
512	9000	626	46	14	0.000053	0.000431	0.000053
512	9000	627	20	8	0.000031	0.000206	0.000031
512	9000	628	28	14	0.000053	0.000404	0.000053
512	9000	629	46	8	0.000031	0.000477	0.000031
512	9000	630	29	9	0.000034	0.000385	0.000034
512	9000	631	34	10	0.000038	0.000431	0.000038
512	9000	632	53	10	0.000038	0.000546	0.000038
512	9000	633	59	10	0.000038	0.000626	0.000038
512	9000	634	24	11	0.000042	0.000290	0.000042
512	9000	635	23	20	0.000076	0.000317	0.000076
512	9000	636	52	19	0.000072	0.000641	0.000072
512	9000	637	28	8	0.000031	0.000343	0.000031
512	9000	638	36	7	0.000027	0.000355	0.000027
512	9000	639	29	8	0.000031	0.000252	0.000031
512	9000	640	45	12	0.000046	0.000565	0.000046
512	9000	641	56	16	0.000061	0.000687	0.000061
512	9000	642	36	11	0.000042	0.000401	0.000042
512	9000	643	64	20	0.000076	0.000774	0.000076
512	9000	644	25	10	0.000038	0.000317	0.000038
512	9000	645	31	10	0.000038	0.000362	0.000038
512	9000	646	23	15	0.000057	0.000282	0.000057
512	9000	647	35	12	0.000046	0.000378	0.000046
512	9000	648	47	10	0.000038	0.000549	0.000038
512	9000	649	46	14	0.000053	0.000561	0.000053
512	9000	650	52	13	0.000050	0.000580	0.000050
512	9000	651	51	11	0.000042	0.000561	0.000042
512	9000	652	43	12	0.000046	0.000484	0.000046
512	9000	653	24	14	0.000053	0.000366	0.000053
512	9000	654	29	9	0.000034	0.000362	0.000034
512	9000	655	25	16	0.000061	0.000378	0.000061
512	9000	656	31	15	0.000057	0.000385	0.000057
512	9000	657	41	7	0.000027	0.000351	0.000027
512	9000	658	55	21	0.000080	0.000629	0.000080
512	9000	659	33	10	0.000038	0.000298	0.000038
512	9000	660	32	11	0.000042	0.000336	0.000042
512	9000	661	37	16	0.000061	0.000454	0.000061
512	9000	662	39	9	0.000034	0.000439	0.000034
512	9000	663	36	7	0.000027	0.000385	0.000027
512	9000	664	38	9	0.000034	0.000458	0.000034
512	9000	665	57	10	0.000038	0.000721	0.000038
512	9000	666	56	9	0.000034	0.000599	0.000034
512	9000	667	35	9	0.000034	0.000378	0.000034
512	9000	668	69	20	0.000076	0.000851	0.000076
512	9000	669	48	14	0.000053	0.000565	0.000053
512	9000	670	46	15	0.000057	0.000561	0.000057
512	9000	671	37	11	0.000042	0.000496	0.000042
512	9000	672	25	11	0.000042	0.000286	0.000042
512	9000	673	72	13	0.000050	0.000690	0.000050
512	9000	674	58	12	0.000046	0.000778	0.000046
512	9000	675	51	20	0.000076	0.000671	0.000076
512	9000	676	31	8	0.000031	0.000336	0.000031
512	9000	677	49	17	0.000065	0.000633	0.000065
512	9000	678	42	13	0.000050	0.000381	0.000050
512	9000	679	22	11	0.000042	0.000298	0.000042
512	9000	680	46	14	0.000053	0.000523	0.000053
512	9000	681	37	12	0.000046	0.000431	0.000046
512	9000	682	25	12	0.000046	0.000214	0.000046
512	9000	683	53	9	0.000034	0.000557	0.000034
512	9000	684	36	10	0.000038	0.000446	0.000038
512	9000	685	36	6	0.000023	0.000351	0.000023
512	9000	686	30	10	0.000038	0.000446	0.000038
512	9000	687	47	14	0.000053	0.000557	0.000053
512	9000	688	36	12	0.000046	0.000416	0.000046
512	9000	689	26	11	0.000042	0.000328	0.000042
512	9000	690	47	11	0.000042	0.000519	0.000042
512	9000	691	27	8	0.000031	0.000275	0.000031
512	9000	692	53	13	0.000050	0.000618	0.000050
512	9000	693	21	13	0.000050	0.000221	0.000050
512	9000	694	49	9	0.000034	0.000553	0.000034
512	9000	695	39	11	0.000042	0.000473	0.000042
512	9000	696	49	12	0.000046	0.000580	0.000046
512	9000	697	39	12	0.000046	0.000473	0.000046
512	9000	698	32	16	0.000061	0.000381	0.000061
512	9000	699	46	17	0.000065	0.000504	0.000065
512	9000	700	29	10	0.000038	0.000328	0.000038
512	9000	701	26	12	0.000046	0.000294	0.000046
512	9000	702	80	14	0.000053	0.000862	0.000053
512	9000	703	47	12	0.000046	0.000565	0.000046
512	9000	704	29	9	0.000034	0.000282	0.000034
512	9000	705	37	13	0.000050	0.000393	0.000050
512	9000	706	61	12	0.000046	0.000687	0.000046
512	9000	707	35	9	0.000034	0.000408	0.000034
512	9000	708	58	10	0.000038	0.000633	0.000038
512	9000	709	35	12	0.000046	0.000492	0.000046
512	9000	710	25	13	0.000050	0.000366	0.000050
512	9000	711	41	7	0.000027	0.000389	0.000027
512	9000	712	56	11	0.000042	0.000641	0.000042
512	9000	713	38	12	0.000046	0.000412	0.000046
512	9000	714	13	7	0.000027	0.000126	0.000027
512	9000	715	35	12	0.000046	0.000336	0.000046
512	9000	716	19	13	0.000050	0.000221	0.000050
512	9000	717	43	8	0.000031	0.000500	0.000031
512	9000	718	32	17	0.000065	0.000504	0.000065
512	9000	719	50	13	0.000050	0.000515	0.000050
512	9000	720	39	12	0.000046	0.000542	0.000046
512	9000	721	28	13	0.000050	0.000378	0.000050
512	9000	722	44	12	0.000046	0.000507	0.000046
512	9000	723	52	13	0.000050	0.000652	0.000050
512	9000	724	51	19	0.000072	0.000622	0.000072
512	9000	725	31	8	0.000031	0.000317	0.000031
512	9000	726	46	8	0.000031	0.000469	0.000031
512	9000	727	45	13	0.000050	0.000565	0.000050
512	9000	728	59	9	0.000034	0.000561	0.000034
512	9000	729	35	15	0.000057	0.000420	0.000057
512	9000	730	26	9	0.000034	0.000256	0.000034
512	9000	731	37	15	0.000057	0.000580	0.000057
512	9000	732	44	15	0.000057	0.000515	0.000057
512	9000	733	51	15	0.000057	0.000607	0.000057
512	9000	734	31	12	0.000046	0.000332	0.000046
512	9000	735	38	17	0.000065	0.000523	0.000065
512	9000	736	37	15	0.000057	0.000477	0.000057
512	9000	737	24	18	0.000069	0.000301	0.000069
512	9000	738	46	11	0.000042	0.000626	0.000042
512	9000	739	30	9	0.000034	0.000340	0.000034
512	9000	740	52	11	0.000042	0.000488	0.000042
512	9000	741	33	10	0.000038	0.000336	0.000038
512	9000	742	42	13	0.000050	0.000496	0.000050
512	9000	743	51	16	0.000061	0.000622	0.000061
512	9000	744	33	11	0.000042	0.000301	0.000042
512	9000	745	63	12	0.000046	0.000710	0.000046
512	9000	746	40	8	0.000031	0.000504	0.000031
512	9000	747	63	9	0.000034	0.000595	0.000034
512	9000	748	32	13	0.000050	0.000488	0.000050
512	9000	749	37	7	0.000027	0.000492	0.000027
512	9000	750	15	10	0.000038	0.000168	0.000038
512	9000	751	30	6	0.000023	0.000332	0.000023
512	9000	752	43	13	0.000050	0.000675	0.000050
512	9000	753	28	14	0.000053	0.000355	0.000053
512	9000	754	53	9	0.000034	0.000565	0.000034
512	9000	755	26	8	0.000031	0.000259	0.000031
512	9000	756	41	11	0.000042	0.000507	0.000042
512	9000	757	41	7	0.000027	0.000515	0.000027
512	9000	758	34	8	0.000031	0.000351	0.000031
512	9000	759	47	13	0.000050	0.000565	0.000050
512	9000	760	37	12	0.000046	0.000458	0.000046
512	9000	761	52	20	0.000076	0.000668	0.000076
512	9000	762	48	10	0.000038	0.000557	0.000038
512	9000	763	38	8	0.000031	0.000378	0.000031
512	9000	764	22	14	0.000053	0.000309	0.000053
512	9000	765	22	9	0.000034	0.000237	0.000034
512	9000	766	44	11	0.000042	0.000416	0.000042
512	9000	767	22	10	0.000038	0.000271	0.000038
512	9000	768	49	10	0.000038	0.000584	0.000038
512	9000	769	45	8	0.000031	0.000427	0.000031
512	9000	770	36	7	0.000027	0.000427	0.000027
512	9000	771	58	15	0.000057	0.000595	0.000057
512	9000	772	26	7	0.000027	0.000290	0.000027
512	9000	773	32	15	0.000057	0.000488	0.000057
512	9000	774	45	7	0.000027	0.000481	0.000027
512	9000	775	36	11	0.000042	0.000366	0.000042
512	9000	776	59	11	0.000042	0.000637	0.000042
512	9000	777	56	10	0.000038	0.000660	0.000038
512	9000	778	25	7	0.000027	0.000221	0.000027
512	9000	779	32	10	0.000038	0.000328	0.000038
512	9000	780	52	8	0.000031	0.000534	0.000031
512	9000	781	33	9	0.000034	0.000374	0.000034
512	9000	782	56	13	0.000050	0.000645	0.000050
512	9000	783	54	10	0.000038	0.000648	0.000038
512	9000	784	26	11	0.000042	0.000229	0.000042
512	9000	785	45	13	0.000050	0.000568	0.000050
512	9000	786	25	9	0.000034	0.000355	0.000034
512	9000	787	47	10	0.000038	0.000523	0.000038
512	9000	788	22	8	0.000031	0.000252	0.000031
512	9000	789	42	13	0.000050	0.000549	0.000050
512	9000	790	29	14	0.000053	0.000454	0.000053
512	9000	791	33	14	0.000053	0.000416	0.000053
512	9000	792	34	7	0.000027	0.000332	0.000027
512	9000	793	52	23	0.000088	0.000687	0.000088
512	9000	794	44	13	0.000050	0.000443	0.000050
512	9000	795	26	9	0.000034	0.000336	0.000034
512	9000	796	32	21	0.000080	0.000565	0.000080
512	9000	797	41	12	0.000046	0.000454	0.000046
512	9000	798	28	13	0.000050	0.000313	0.000050
512	9000	799	36	19	0.000072	0.000465	0.000072
512	9000	800	38	15	0.000057	0.000347	0.000057
512	9000	801	39	15	0.000057	0.000603	0.000057
512	9000	802	53	11	0.000042	0.000538	0.000042
512	9000	803	29	6	0.000023	0.000225	0.000023
512	9000	804	42	10	0.000038	0.000492	0.000038
512	9000	805	40	11	0.000042	0.000401	0.000042
512	9000	806	37	13	0.000050	0.000507	0.000050
512	9000	807	53	8	0.000031	0.000488	0.000031
512	9000	808	30	14	0.000053	0.000420	0.000053
512	9000	809	57	23	0.000088	0.000690	0.000088
512	9000	810	36	8	0.000031	0.000420	0.000031
512	9000	811	43	8	0.000031	0.000412	0.000031
512	9000	812	39	8	0.000031	0.000462	0.000031
512	9000	813	36	7	0.000027	0.000275	0.000027
512	9000	814	54	9	0.000034	0.000500	0.000034
512	9000	815	38	12	0.000046	0.000401	0.000046
512	9000	816	27	12	0.000046	0.000359	0.000046
512	9000	817	41	8	0.000031	0.000484	0.000031
512	9000	818	34	12	0.000046	0.000477	0.000046
512	9000	819	43	13	0.000050	0.000473	0.000050
512	9000	820	37	10	0.000038	0.000370	0.000038
512	9000	821	73	11	0.000042	0.000847	0.000042
512	9000	822	32	10	0.000038	0.000401	0.000038
512	9000	823	83	23	0.000088	0.001060	0.000088
512	9000	824	22	11	0.000042	0.000309	0.000042
512	9000	825	42	10	0.000038	0.000446	0.000038
512	9000	826	41	10	0.000038	0.000427	0.000038
512	9000	827	49	11	0.000042	0.000576	0.000042
512	9000	828	39	16	0.000061	0.000443	0.000061
512	9000	829	43	16	0.000061	0.000519	0.000061
512	9000	830	34	11	0.000042	0.000324	0.000042
512	9000	831	43	10	0.000038	0.000561	0.000038
512	9000	832	46	16	0.000061	0.000557	0.000061
512	9000	833	39	8	0.000031	0.000404	0.000031
512	9000	834	47	14	0.000053	0.000591	0.000053
512	9000	835	50	16	0.000061	0.000572	0.000061
512	9000	836	31	12	0.000046	0.000381	0.000046
512	9000	837	36	9	0.000034	0.000298	0.000034
512	9000	838	39	12	0.000046	0.000469	0.000046
512	9000	839	36	8	0.000031	0.000370	0.000031
512	9000	840	34	10	0.000038	0.000404	0.000038
512	9000	841	33	18	0.000069	0.000423	0.000069
512	9000	842	43	10	0.000038	0.000431	0.000038
512	9000	843	47	9	0.000034	0.000568	0.000034
512	9000	844	40	14	0.000053	0.000504	0.000053
512	9000	845	41	9	0.000034	0.000481	0.000034
512	9000	846	12	8	0.000031	0.000210	0.000031
512	9000	847	42	11	0.000042	0.000488	0.000042
512	9000	848	63	12	0.000046	0.000698	0.000046
512	9000	849	43	15	0.000057	0.000507	0.000057
512	9000	850	29	8	0.000031	0.000309	0.000031
512	9000	851	39	17	0.000065	0.000526	0.000065
512	9000	852	37	10	0.000038	0.000366	0.000038
512	9000	853	31	8	0.000031	0.000332	0.000031
512	9000	854	18	12	0.000046	0.000252	0.000046
512	9000	855	40	10	0.000038	0.000446	0.000038
512	9000	856	59	14	0.000053	0.000652	0.000053
512	9000	857	27	21	0.000080	0.000320	0.000080
512	9000	858	32	11	0.000042	0.000385	0.000042
512	9000	859	17	9	0.000034	0.000153	0.000034
512	9000	860	25	16	0.000061	0.000401	0.000061
512	9000	861	33	10	0.000038	0.000347	0.000038
512	9000	862	23	8	0.000031	0.000263	0.000031
512	9000	863	36	10	0.000038	0.000427	0.000038
512	9000	864	48	11	0.000042	0.000534	0.000042
512	9000	865	48	15	0.000057	0.000603	0.000057
512	9000	866	36	12	0.000046	0.000511	0.000046
512	9000	867	34	9	0.000034	0.000381	0.000034
512	9000	868	55	12	0.000046	0.000557	0.000046
512	9000	869	24	9	0.000034	0.000240	0.000034
512	9000	870	36	13	0.000050	0.000519	0.000050
512	9000	871	22	8	0.000031	0.000252	0.000031
512	9000	872	44	10	0.000038	0.000435	0.000038
512	9000	873	32	14	0.000053	0.000378	0.000053
512	9000	874	23	22	0.000084	0.000362	0.000084
512	9000	875	37	19	0.000072	0.000496	0.000072
512	9000	876	54	13	0.000050	0.000538	0.000050
512	9000	877	55	7	0.000027	0.000549	0.000027
512	9000	878	54	10	0.000038	0.000607	0.000038
512	9000	879	44	24	0.000092	0.000568	0.000092
512	9000	880	33	13	0.000050	0.000355	0.000050
512	9000	881	44	16	0.000061	0.000626	0.000061
512	9000	882	56	13	0.000050	0.000572	0.000050
512	9000	883	48	15	0.000057	0.000710	0.000057
512	9000	884	30	9	0.000034	0.000404	0.000034
512	9000	885	35	14	0.000053	0.000397	0.000053
512	9000	886	8	6	0.000023	0.000084	0.000023
512	9000	887	42	20	0.000076	0.000572	0.000076
512	9000	888	44	10	0.000038	0.000618	0.000038
512	9000	889	87	11	0.000042	0.000931	0.000042
512	9000	890	40	10	0.000038	0.000465	0.000038
512	9000	891	55	10	0.000038	0.000614	0.000038
512	9000	892	62	13	0.000050	0.000652	0.000050
512	9000	893	62	18	0.000069	0.000668	0.000069
512	9000	894	42	20	0.000076	0.000511	0.000076
512	9000	895	20	9	0.000034	0.000233	0.000034
512	9000	896	47	10	0.000038	0.000580	0.000038
512	9000	897	33	10	0.000038	0.000301	0.000038
512	9000	898	38	17	0.000065	0.000542	0.000065
512	9000	899	57	14	0.000053	0.000656	0.000053
512	9000	900	16	10	0.000038	0.000191	0.000038
512	9000	901	54	9	0.000034	0.000565	0.000034
512	9000	902	19	6	0.000023	0.000221	0.000023
512	9000	903	57	16	0.000061	0.000637	0.000061
512	9000	904	36	7	0.000027	0.000370	0.000027
512	9000	905	24	11	0.000042	0.000290	0.000042
512	9000	906	45	12	0.000046	0.000507	0.000046
512	9000	907	10	16	0.000061	0.000160	0.000061
512	9000	908	24	12	0.000046	0.000313	0.000046
512	9000	909	28	7	0.000027	0.000305	0.000027
512	9000	910	41	8	0.000031	0.000362	0.000031
512	9000	911	23	7	0.000027	0.000183	0.000027
512	9000	912	46	11	0.000042	0.000397	0.000042
512	9000	913	23	7	0.000027	0.000206	0.000027
512	9000	914	33	14	0.000053	0.000332	0.000053
512	9000	915	33	9	0.000034	0.000401	0.000034
512	9000	916	25	11	0.000042	0.000294	0.000042
512	9000	917	28	12	0.000046	0.000336	0.000046
512	9000	918	35	19	0.000072	0.000481	0.000072
512	9000	919	64	20	0.000076	0.000755	0.000076
512	9000	920	30	17	0.000065	0.000389	0.000065
512	9000	921	37	6	0.000023	0.000305	0.000023
512	9000	922	26	11	0.000042	0.000263	0.000042
512	9000	923	33	16	0.000061	0.000381	0.000061
512	9000	924	48	17	0.000065	0.000694	0.000065
512	9000	925	17	8	0.000031	0.000179	0.000031
512	9000	926	60	12	0.000046	0.000664	0.000046
512	9000	927	48	10	0.000038	0.000465	0.000038
512	9000	928	62	7	0.000027	0.000523	0.000027
512	9000	929	28	7	0.000027	0.000351	0.000027
512	9000	930	61	15	0.000057	0.000648	0.000057
512	9000	931	35	13	0.000050	0.000317	0.000050
512	9000	932	42	13	0.000050	0.000546	0.000050
512	9000	933	64	10	0.000038	0.000736	0.000038
512	9000	934	33	12	0.000046	0.000484	0.000046
512	9000	935	30	13	0.000050	0.000549	0.000050
512	9000	936	37	12	0.000046	0.000496	0.000046
512	9000	937	48	19	0.000072	0.000774	0.000072
512	9000	938	24	13	0.000050	0.000324	0.000050
512	9000	939	61	15	0.000057	0.000771	0.000057
512	9000	940	29	18	0.000069	0.000443	0.000069
512	9000	941	46	12	0.000046	0.000622	0.000046
512	9000	942	24	15	0.000057	0.000271	0.000057
512	9000	943	37	15	0.000057	0.000618	0.000057
512	9000	944	51	13	0.000050	0.000629	0.000050
512	9000	945	44	15	0.000057	0.000492	0.000057
512	9000	946	57	11	0.000042	0.000568	0.000042
512	9000	947	32	11	0.000042	0.000378	0.000042
512	9000	948	53	10	0.000038	0.000549	0.000038
512	9000	949	32	7	0.000027	0.000271	0.000027
512	9000	950	36	16	0.000061	0.000446	0.000061
512	9000	951	36	8	0.000031	0.000366	0.000031
512	9000	952	53	10	0.000038	0.000572	0.000038
512	9000	953	38	8	0.000031	0.000443	0.000031
512	9000	954	39	9	0.000034	0.000496	0.000034
512	9000	955	40	12	0.000046	0.000481	0.000046
512	9000	956	49	14	0.000053	0.000530	0.000053
512	9000	957	28	8	0.000031	0.000286	0.000031
512	9000	958	54	9	0.000034	0.000534	0.000034
512	9000	959	29	7	0.000027	0.000275	0.000027
512	9000	960	54	12	0.000046	0.000580	0.000046
512	9000	961	45	11	0.000042	0.000504	0.000042
512	9000	962	28	10	0.000038	0.000183	0.000038
512	9000	963	47	8	0.000031	0.000546	0.000031
512	9000	964	61	21	0.000080	0.000870	0.000080
512	9000	965	35	9	0.000034	0.000370	0.000034
512	9000	966	30	10	0.000038	0.000324	0.000038
512	9000	967	20	9	0.000034	0.000256	0.000034
512	9000	968	42	17	0.000065	0.000462	0.000065
512	9000	969	56	9	0.000034	0.000526	0.000034
512	9000	970	44	14	0.000053	0.000492	0.000053
512	9000	971	41	10	0.000038	0.000473	0.000038
512	9000	972	38	18	0.000069	0.000607	0.000069
512	9000	973	55	7	0.000027	0.000496	0.000027
512	9000	974	34	13	0.000050	0.000435	0.000050
512	9000	975	40	16	0.000061	0.000526	0.000061
512	9000	976	17	14	0.000053	0.000221	0.000053
512	9000	977	30	8	0.000031	0.000278	0.000031
512	9000	978	48	8	0.000031	0.000534	0.000031
512	9000	979	46	10	0.000038	0.000557	0.000038
512	9000	980	69	13	0.000050	0.000862	0.000050
512	9000	981	37	10	0.000038	0.000404	0.000038
512	9000	982	50	10	0.000038	0.000607	0.000038
512	9000	983	39	8	0.000031	0.000431	0.000031
512	9000	984	34	13	0.000050	0.000431	0.000050
512	9000	985	39	11	0.000042	0.000507	0.000042
512	9000	986	25	7	0.000027	0.000214	0.000027
512	9000	987	31	9	0.000034	0.000340	0.000034
512	9000	988	43	11	0.000042	0.000397	0.000042
512	9000	989	37	11	0.000042	0.000420	0.000042
512	9000	990	61	9	0.000034	0.000587	0.000034
512	9000	991	35	13	0.000050	0.000431	0.000050
512	9000	992	43	13	0.000050	0.000595	0.000050
512	9000	993	54	10	0.000038	0.000504	0.000038
512	9000	994	19	6	0.000023	0.000233	0.000023
512	9000	995	51	13	0.000050	0.000568	0.000050
512	9000	996	42	12	0.000046	0.000488	0.000046
512	9000	997	32	18	0.000069	0.000381	0.000069
512	9000	998	37	18	0.000069	0.000408	0.000069
512	9000	999	17	11	0.000042	0.000221	0.000042
512	9000	1000	46	10	0.000038	0.000439	0.000038
