512	9800	2	9564	160	0.000610	0.195583	0.000610
512	9800	3	9437	133	0.000507	0.196465	0.000507
512	9800	4	9403	112	0.000427	0.193344	0.000427
512	9800	5	9394	146	0.000557	0.193115	0.000557
512	9800	6	9516	98	0.000374	0.190208	0.000374
512	9800	7	9545	192	0.000732	0.196388	0.000732
512	9800	8	9421	99	0.000378	0.192894	0.000378
512	9800	9	9330	132	0.000504	0.190422	0.000504
512	9800	10	9355	110	0.000420	0.193619	0.000420
512	9800	11	9429	150	0.000572	0.191315	0.000572
512	9800	12	9495	169	0.000645	0.194393	0.000645
512	9800	13	9508	98	0.000374	0.195766	0.000374
512	9800	14	9434	141	0.000538	0.190933	0.000538
512	9800	15	9528	103	0.000393	0.198502	0.000393
512	9800	16	9569	169	0.000645	0.200321	0.000645
512	9800	17	9262	125	0.000477	0.193569	0.000477
512	9800	18	9569	114	0.000435	0.197121	0.000435
512	9800	19	9646	159	0.000607	0.201637	0.000607
512	9800	20	9309	111	0.000423	0.187439	0.000423
512	9800	21	9519	174	0.000664	0.192871	0.000664
512	9800	22	9659	151	0.000576	0.202316	0.000576
512	9800	23	9447	220	0.000839	0.187462	0.000839
512	9800	24	9562	131	0.000500	0.198395	0.000500
512	9800	25	9408	141	0.000538	0.193977	0.000538
512	9800	26	9358	123	0.000469	0.192436	0.000469
512	9800	27	9573	119	0.000454	0.194855	0.000454
512	9800	28	9472	171	0.000652	0.204739	0.000652
512	9800	29	9621	127	0.000484	0.206059	0.000484
512	9800	30	9521	119	0.000454	0.196095	0.000454
512	9800	31	9484	107	0.000408	0.195351	0.000408
512	9800	32	9476	100	0.000381	0.195782	0.000381
512	9800	33	9362	195	0.000744	0.191154	0.000744
512	9800	34	9492	102	0.000389	0.198868	0.000389
512	9800	35	9582	116	0.000443	0.194469	0.000443
512	9800	36	9352	103	0.000393	0.199963	0.000393
512	9800	37	9526	145	0.000553	0.192604	0.000553
512	9800	38	9288	144	0.000549	0.196491	0.000549
512	9800	39	9382	171	0.000652	0.193752	0.000652
512	9800	40	9322	125	0.000477	0.193733	0.000477
512	9800	41	9554	144	0.000549	0.195232	0.000549
512	9800	42	9510	121	0.000462	0.192902	0.000462
512	9800	43	9740	107	0.000408	0.202900	0.000408
512	9800	44	9428	104	0.000397	0.189331	0.000397
512	9800	45	9285	147	0.000561	0.192181	0.000561
512	9800	46	9378	140	0.000534	0.193905	0.000534
512	9800	47	9358	99	0.000378	0.192390	0.000378
512	9800	48	9499	122	0.000465	0.197933	0.000465
512	9800	49	9486	115	0.000439	0.193169	0.000439
512	9800	50	9617	105	0.000401	0.195286	0.000401
512	9800	51	9330	92	0.000351	0.191410	0.000351
512	9800	52	9352	129	0.000492	0.192570	0.000492
512	9800	53	9589	120	0.000458	0.198822	0.000458
512	9800	54	9505	107	0.000408	0.196545	0.000408
512	9800	55	9375	167	0.000637	0.194706	0.000637
512	9800	56	9458	108	0.000412	0.196815	0.000412
512	9800	57	9524	242	0.000923	0.197239	0.000923
512	9800	58	9373	117	0.000446	0.194653	0.000446
512	9800	59	9681	168	0.000641	0.194958	0.000641
512	9800	60	9557	240	0.000916	0.198086	0.000916
512	9800	61	9420	128	0.000488	0.195156	0.000488
512	9800	62	9538	117	0.000446	0.197319	0.000446
512	9800	63	9350	150	0.000572	0.194115	0.000572
512	9800	64	9446	140	0.000534	0.195404	0.000534
512	9800	65	9625	148	0.000565	0.194611	0.000565
512	9800	66	9461	190	0.000725	0.194553	0.000725
512	9800	67	9439	120	0.000458	0.187813	0.000458
512	9800	68	9410	112	0.000427	0.199329	0.000427
512	9800	69	9654	119	0.000454	0.192047	0.000454
512	9800	70	9542	214	0.000816	0.196373	0.000816
512	9800	71	9563	111	0.000423	0.200760	0.000423
512	9800	72	9565	121	0.000462	0.196987	0.000462
512	9800	73	9593	108	0.000412	0.192879	0.000412
512	9800	74	9375	175	0.000668	0.200562	0.000668
512	9800	75	9447	132	0.000504	0.200104	0.000504
512	9800	76	9418	142	0.000542	0.193233	0.000542
512	9800	77	9645	127	0.000484	0.199997	0.000484
512	9800	78	9334	126	0.000481	0.192574	0.000481
512	9800	79	9482	204	0.000778	0.192364	0.000778
512	9800	80	9536	153	0.000584	0.200802	0.000584
512	9800	81	9325	131	0.000500	0.192780	0.000500
512	9800	82	9551	135	0.000515	0.194210	0.000515
512	9800	83	9475	124	0.000473	0.195892	0.000473
512	9800	84	9497	137	0.000523	0.188816	0.000523
512	9800	85	9369	125	0.000477	0.188934	0.000477
512	9800	86	9533	113	0.000431	0.198376	0.000431
512	9800	87	9527	134	0.000511	0.192318	0.000511
512	9800	88	9562	108	0.000412	0.190571	0.000412
512	9800	89	9438	176	0.000671	0.195812	0.000671
512	9800	90	9426	156	0.000595	0.191319	0.000595
512	9800	91	9468	171	0.000652	0.196289	0.000652
512	9800	92	9624	153	0.000584	0.197800	0.000584
512	9800	93	9598	150	0.000572	0.204311	0.000572
512	9800	94	9428	158	0.000603	0.193016	0.000603
512	9800	95	9606	110	0.000420	0.195564	0.000420
512	9800	96	9423	145	0.000553	0.196804	0.000553
512	9800	97	9364	148	0.000565	0.188572	0.000565
512	9800	98	9479	122	0.000465	0.190773	0.000465
512	9800	99	9602	107	0.000408	0.191536	0.000408
512	9800	100	9578	111	0.000423	0.198799	0.000423
512	9800	101	9525	132	0.000504	0.205807	0.000504
512	9800	102	9328	169	0.000645	0.193062	0.000645
512	9800	103	9497	92	0.000351	0.194607	0.000351
512	9800	104	9587	180	0.000687	0.197964	0.000687
512	9800	105	9677	103	0.000393	0.195305	0.000393
512	9800	106	9365	153	0.000584	0.196968	0.000584
512	9800	107	9568	133	0.000507	0.194195	0.000507
512	9800	108	9539	117	0.000446	0.196735	0.000446
512	9800	109	9372	277	0.001057	0.193127	0.001057
512	9800	110	9762	247	0.000942	0.198086	0.000942
512	9800	111	9556	94	0.000359	0.194054	0.000359
512	9800	112	9503	232	0.000885	0.193684	0.000885
512	9800	113	9493	138	0.000526	0.190502	0.000526
512	9800	114	9429	129	0.000492	0.204552	0.000492
512	9800	115	9794	135	0.000515	0.197887	0.000515
512	9800	116	9455	135	0.000515	0.198982	0.000515
512	9800	117	9455	188	0.000717	0.200809	0.000717
512	9800	118	9493	138	0.000526	0.197426	0.000526
512	9800	119	9504	92	0.000351	0.193352	0.000351
512	9800	120	9571	144	0.000549	0.193394	0.000549
512	9800	121	9483	160	0.000610	0.188042	0.000610
512	9800	122	9472	152	0.000580	0.195171	0.000580
512	9800	123	9627	164	0.000626	0.200066	0.000626
512	9800	124	9513	129	0.000492	0.200596	0.000492
512	9800	125	9566	221	0.000843	0.195107	0.000843
512	9800	126	9459	233	0.000889	0.205765	0.000889
512	9800	127	9597	153	0.000584	0.199055	0.000584
512	9800	128	9338	150	0.000572	0.192734	0.000572
512	9800	129	9361	113	0.000431	0.192017	0.000431
512	9800	130	9464	183	0.000698	0.197838	0.000698
512	9800	131	9367	92	0.000351	0.190479	0.000351
512	9800	132	9482	119	0.000454	0.194706	0.000454
512	9800	133	9550	142	0.000542	0.201294	0.000542
512	9800	134	9557	137	0.000523	0.197601	0.000523
512	9800	135	9431	126	0.000481	0.197102	0.000481
512	9800	136	9469	170	0.000648	0.197514	0.000648
512	9800	137	9495	146	0.000557	0.195007	0.000557
512	9800	138	9390	142	0.000542	0.191406	0.000542
512	9800	139	9292	80	0.000305	0.188602	0.000305
512	9800	140	9501	157	0.000599	0.198517	0.000599
512	9800	141	9425	139	0.000530	0.198597	0.000530
512	9800	142	9559	144	0.000549	0.199108	0.000549
512	9800	143	9293	144	0.000549	0.191280	0.000549
512	9800	144	9362	125	0.000477	0.192997	0.000477
512	9800	145	9274	177	0.000675	0.189285	0.000675
512	9800	146	9498	121	0.000462	0.193848	0.000462
512	9800	147	9551	136	0.000519	0.194004	0.000519
512	9800	148	9509	173	0.000660	0.191593	0.000660
512	9800	149	9372	111	0.000423	0.191261	0.000423
512	9800	150	9697	206	0.000786	0.200050	0.000786
512	9800	151	9560	132	0.000504	0.193707	0.000504
512	9800	152	9574	180	0.000687	0.196556	0.000687
512	9800	153	9461	184	0.000702	0.195786	0.000702
512	9800	154	9360	137	0.000523	0.191078	0.000523
512	9800	155	9381	264	0.001007	0.193638	0.001007
512	9800	156	9704	153	0.000584	0.197063	0.000584
512	9800	157	9423	136	0.000519	0.198845	0.000519
512	9800	158	9410	155	0.000591	0.192654	0.000591
512	9800	159	9495	123	0.000469	0.192871	0.000469
512	9800	160	9377	142	0.000542	0.189949	0.000542
512	9800	161	9552	142	0.000542	0.198467	0.000542
512	9800	162	9434	109	0.000416	0.199066	0.000416
512	9800	163	9514	126	0.000481	0.200680	0.000481
512	9800	164	9523	112	0.000427	0.196918	0.000427
512	9800	165	9448	140	0.000534	0.191486	0.000534
512	9800	166	9537	105	0.000401	0.193920	0.000401
512	9800	167	9669	214	0.000816	0.199688	0.000816
512	9800	168	9326	195	0.000744	0.191975	0.000744
512	9800	169	9388	143	0.000546	0.195831	0.000546
512	9800	170	9357	150	0.000572	0.190369	0.000572
512	9800	171	9387	130	0.000496	0.199108	0.000496
512	9800	172	9514	173	0.000660	0.195042	0.000660
512	9800	173	9482	126	0.000481	0.202785	0.000481
512	9800	174	9420	145	0.000553	0.197941	0.000553
512	9800	175	9564	133	0.000507	0.191853	0.000507
512	9800	176	9620	140	0.000534	0.194378	0.000534
512	9800	177	9488	120	0.000458	0.195065	0.000458
512	9800	178	9382	213	0.000813	0.195969	0.000813
512	9800	179	9489	101	0.000385	0.195141	0.000385
512	9800	180	9636	101	0.000385	0.195351	0.000385
512	9800	181	9625	176	0.000671	0.199947	0.000671
512	9800	182	9486	90	0.000343	0.194420	0.000343
512	9800	183	9496	151	0.000576	0.198326	0.000576
512	9800	184	9495	103	0.000393	0.195316	0.000393
512	9800	185	9596	120	0.000458	0.194748	0.000458
512	9800	186	9624	104	0.000397	0.197422	0.000397
512	9800	187	9495	145	0.000553	0.196239	0.000553
512	9800	188	9503	107	0.000408	0.196308	0.000408
512	9800	189	9610	116	0.000443	0.199574	0.000443
512	9800	190	9465	137	0.000523	0.192112	0.000523
512	9800	191	9458	102	0.000389	0.194782	0.000389
512	9800	192	9376	116	0.000443	0.195293	0.000443
512	9800	193	9622	139	0.000530	0.194187	0.000530
512	9800	194	9555	139	0.000530	0.200191	0.000530
512	9800	195	9347	109	0.000416	0.190487	0.000416
512	9800	196	9349	164	0.000626	0.194118	0.000626
512	9800	197	9563	139	0.000530	0.195618	0.000530
512	9800	198	9462	108	0.000412	0.193909	0.000412
512	9800	199	9435	126	0.000481	0.193913	0.000481
512	9800	200	9473	195	0.000744	0.191078	0.000744
512	9800	201	9517	114	0.000435	0.191422	0.000435
512	9800	202	9638	188	0.000717	0.199699	0.000717
512	9800	203	9406	153	0.000584	0.193314	0.000584
512	9800	204	9555	124	0.000473	0.203278	0.000473
512	9800	205	9655	116	0.000443	0.201202	0.000443
512	9800	206	9446	177	0.000675	0.197266	0.000675
512	9800	207	9717	163	0.000622	0.203060	0.000622
512	9800	208	9462	188	0.000717	0.197281	0.000717
512	9800	209	9877	134	0.000511	0.207970	0.000511
512	9800	210	9401	130	0.000496	0.191345	0.000496
512	9800	211	9524	157	0.000599	0.198715	0.000599
512	9800	212	9672	117	0.000446	0.195976	0.000446
512	9800	213	9428	159	0.000607	0.197495	0.000607
512	9800	214	9398	173	0.000660	0.195335	0.000660
512	9800	215	9350	120	0.000458	0.200073	0.000458
512	9800	216	9289	169	0.000645	0.194298	0.000645
512	9800	217	9516	109	0.000416	0.190956	0.000416
512	9800	218	9552	93	0.000355	0.192543	0.000355
512	9800	219	9261	117	0.000446	0.188217	0.000446
512	9800	220	9382	121	0.000462	0.195374	0.000462
512	9800	221	9317	107	0.000408	0.191452	0.000408
512	9800	222	9426	172	0.000656	0.196781	0.000656
512	9800	223	9514	121	0.000462	0.194962	0.000462
512	9800	224	9408	117	0.000446	0.191769	0.000446
512	9800	225	9468	97	0.000370	0.196320	0.000370
512	9800	226	9397	134	0.000511	0.193287	0.000511
512	9800	227	9528	152	0.000580	0.201252	0.000580
512	9800	228	9459	216	0.000824	0.198132	0.000824
512	9800	229	9493	145	0.000553	0.194515	0.000553
512	9800	230	9417	177	0.000675	0.190292	0.000675
512	9800	231	9493	152	0.000580	0.195683	0.000580
512	9800	232	9464	130	0.000496	0.196869	0.000496
512	9800	233	9322	258	0.000984	0.196671	0.000984
512	9800	234	9530	114	0.000435	0.193253	0.000435
512	9800	235	9458	111	0.000423	0.195873	0.000423
512	9800	236	9587	238	0.000908	0.197498	0.000908
512	9800	237	9281	208	0.000793	0.193062	0.000793
512	9800	238	9520	138	0.000526	0.199623	0.000526
512	9800	239	9608	134	0.000511	0.197548	0.000511
512	9800	240	9499	149	0.000568	0.199532	0.000568
512	9800	241	9472	123	0.000469	0.190144	0.000469
512	9800	242	9501	99	0.000378	0.197910	0.000378
512	9800	243	9330	179	0.000683	0.187595	0.000683
512	9800	244	9523	166	0.000633	0.193630	0.000633
512	9800	245	9525	103	0.000393	0.197929	0.000393
512	9800	246	9502	129	0.000492	0.193558	0.000492
512	9800	247	9646	144	0.000549	0.194382	0.000549
512	9800	248	9409	133	0.000507	0.194904	0.000507
512	9800	249	9331	113	0.000431	0.191700	0.000431
512	9800	250	9537	147	0.000561	0.200439	0.000561
512	9800	251	9318	202	0.000771	0.190880	0.000771
512	9800	252	9604	181	0.000690	0.197701	0.000690
512	9800	253	9399	184	0.000702	0.193119	0.000702
512	9800	254	9603	115	0.000439	0.198563	0.000439
512	9800	255	9561	95	0.000362	0.196007	0.000362
512	9800	256	9675	163	0.000622	0.197994	0.000622
512	9800	257	9460	156	0.000595	0.195412	0.000595
512	9800	258	9402	177	0.000675	0.191978	0.000675
512	9800	259	9256	136	0.000519	0.199703	0.000519
512	9800	260	9620	140	0.000534	0.198544	0.000534
512	9800	261	9701	181	0.000690	0.198254	0.000690
512	9800	262	9520	293	0.001118	0.196205	0.001118
512	9800	263	9462	182	0.000694	0.196518	0.000694
512	9800	264	9480	132	0.000504	0.196472	0.000504
512	9800	265	9605	138	0.000526	0.197048	0.000526
512	9800	266	9507	123	0.000469	0.199135	0.000469
512	9800	267	9460	180	0.000687	0.196705	0.000687
512	9800	268	9535	104	0.000397	0.197609	0.000397
512	9800	269	9532	231	0.000881	0.198048	0.000881
512	9800	270	9481	151	0.000576	0.200558	0.000576
512	9800	271	9598	129	0.000492	0.194427	0.000492
512	9800	272	9617	133	0.000507	0.196644	0.000507
512	9800	273	9543	100	0.000381	0.195305	0.000381
512	9800	274	9590	154	0.000587	0.197090	0.000587
512	9800	275	9474	84	0.000320	0.195984	0.000320
512	9800	276	9583	109	0.000416	0.196022	0.000416
512	9800	277	9311	204	0.000778	0.193768	0.000778
512	9800	278	9581	278	0.001060	0.195705	0.001060
512	9800	279	9605	219	0.000835	0.198959	0.000835
512	9800	280	9459	137	0.000523	0.199490	0.000523
512	9800	281	9387	136	0.000519	0.189678	0.000519
512	9800	282	9479	133	0.000507	0.189018	0.000507
512	9800	283	9734	143	0.000546	0.196587	0.000546
512	9800	284	9700	111	0.000423	0.198528	0.000423
512	9800	285	9535	122	0.000465	0.192329	0.000465
512	9800	286	9595	124	0.000473	0.194950	0.000473
512	9800	287	9339	88	0.000336	0.189140	0.000336
512	9800	288	9391	140	0.000534	0.192894	0.000534
512	9800	289	9460	106	0.000404	0.197147	0.000404
512	9800	290	9353	190	0.000725	0.192085	0.000725
512	9800	291	9396	119	0.000454	0.198509	0.000454
512	9800	292	9553	119	0.000454	0.198082	0.000454
512	9800	293	9532	167	0.000637	0.193657	0.000637
512	9800	294	9489	233	0.000889	0.193497	0.000889
512	9800	295	9343	127	0.000484	0.194946	0.000484
512	9800	296	9734	97	0.000370	0.201466	0.000370
512	9800	297	9409	99	0.000378	0.192181	0.000378
512	9800	298	9465	128	0.000488	0.192406	0.000488
512	9800	299	9484	202	0.000771	0.193893	0.000771
512	9800	300	9391	132	0.000504	0.191383	0.000504
512	9800	301	9618	192	0.000732	0.198536	0.000732
512	9800	302	9385	118	0.000450	0.198097	0.000450
512	9800	303	9496	107	0.000408	0.196213	0.000408
512	9800	304	9454	117	0.000446	0.187683	0.000446
512	9800	305	9340	144	0.000549	0.191967	0.000549
512	9800	306	9579	114	0.000435	0.194576	0.000435
512	9800	307	9532	142	0.000542	0.196499	0.000542
512	9800	308	9233	105	0.000401	0.192776	0.000401
512	9800	309	9528	100	0.000381	0.191402	0.000381
512	9800	310	9483	118	0.000450	0.198666	0.000450
512	9800	311	9637	118	0.000450	0.198399	0.000450
512	9800	312	9428	106	0.000404	0.185719	0.000404
512	9800	313	9523	104	0.000397	0.190334	0.000397
512	9800	314	9567	166	0.000633	0.203255	0.000633
512	9800	315	9512	128	0.000488	0.200859	0.000488
512	9800	316	9562	169	0.000645	0.197392	0.000645
512	9800	317	9628	98	0.000374	0.193539	0.000374
512	9800	318	9561	125	0.000477	0.194256	0.000477
512	9800	319	9473	115	0.000439	0.198948	0.000439
512	9800	320	9375	115	0.000439	0.188595	0.000439
512	9800	321	9478	166	0.000633	0.200459	0.000633
512	9800	322	9529	119	0.000454	0.201672	0.000454
512	9800	323	9592	182	0.000694	0.196957	0.000694
512	9800	324	9503	120	0.000458	0.196709	0.000458
512	9800	325	9442	164	0.000626	0.199234	0.000626
512	9800	326	9600	114	0.000435	0.196556	0.000435
512	9800	327	9584	156	0.000595	0.202271	0.000595
512	9800	328	9591	152	0.000580	0.199627	0.000580
512	9800	329	9399	147	0.000561	0.196800	0.000561
512	9800	330	9676	104	0.000397	0.191544	0.000397
512	9800	331	9312	114	0.000435	0.184406	0.000435
512	9800	332	9554	136	0.000519	0.192875	0.000519
512	9800	333	9442	131	0.000500	0.199902	0.000500
512	9800	334	9522	106	0.000404	0.194664	0.000404
512	9800	335	9394	112	0.000427	0.191170	0.000427
512	9800	336	9607	125	0.000477	0.200317	0.000477
512	9800	337	9588	107	0.000408	0.192055	0.000408
512	9800	338	9486	172	0.000656	0.192368	0.000656
512	9800	339	9458	106	0.000404	0.194019	0.000404
512	9800	340	9430	201	0.000767	0.199677	0.000767
512	9800	341	9571	112	0.000427	0.188858	0.000427
512	9800	342	9480	115	0.000439	0.198170	0.000439
512	9800	343	9529	120	0.000458	0.194611	0.000458
512	9800	344	9443	103	0.000393	0.189613	0.000393
512	9800	345	9523	191	0.000729	0.198532	0.000729
512	9800	346	9584	180	0.000687	0.199070	0.000687
512	9800	347	9447	137	0.000523	0.195847	0.000523
512	9800	348	9524	108	0.000412	0.194183	0.000412
512	9800	349	9659	104	0.000397	0.200958	0.000397
512	9800	350	9374	190	0.000725	0.199474	0.000725
512	9800	351	9460	129	0.000492	0.192787	0.000492
512	9800	352	9598	185	0.000706	0.199097	0.000706
512	9800	353	9316	187	0.000713	0.192753	0.000713
512	9800	354	9397	101	0.000385	0.194798	0.000385
512	9800	355	9524	224	0.000854	0.194473	0.000854
512	9800	356	9462	143	0.000546	0.202675	0.000546
512	9800	357	9552	132	0.000504	0.199574	0.000504
512	9800	358	9421	117	0.000446	0.191093	0.000446
512	9800	359	9464	152	0.000580	0.193443	0.000580
512	9800	360	9434	114	0.000435	0.189758	0.000435
512	9800	361	9549	142	0.000542	0.201939	0.000542
512	9800	362	9611	109	0.000416	0.195232	0.000416
512	9800	363	9542	181	0.000690	0.195835	0.000690
512	9800	364	9569	91	0.000347	0.195740	0.000347
512	9800	365	9443	115	0.000439	0.195053	0.000439
512	9800	366	9492	147	0.000561	0.193031	0.000561
512	9800	367	9428	180	0.000687	0.191875	0.000687
512	9800	368	9347	103	0.000393	0.187542	0.000393
512	9800	369	9490	130	0.000496	0.189735	0.000496
512	9800	370	9438	117	0.000446	0.192505	0.000446
512	9800	371	9750	122	0.000465	0.194675	0.000465
512	9800	372	9637	149	0.000568	0.197979	0.000568
512	9800	373	9692	149	0.000568	0.201378	0.000568
512	9800	374	9475	126	0.000481	0.193813	0.000481
512	9800	375	9427	164	0.000626	0.195713	0.000626
512	9800	376	9559	162	0.000618	0.198040	0.000618
512	9800	377	9576	130	0.000496	0.195305	0.000496
512	9800	378	9311	125	0.000477	0.190460	0.000477
512	9800	379	9658	186	0.000710	0.201527	0.000710
512	9800	380	9531	134	0.000511	0.192318	0.000511
512	9800	381	9424	119	0.000454	0.195988	0.000454
512	9800	382	9491	110	0.000420	0.192711	0.000420
512	9800	383	9565	171	0.000652	0.193642	0.000652
512	9800	384	9644	103	0.000393	0.193031	0.000393
512	9800	385	9535	100	0.000381	0.196659	0.000381
512	9800	386	9342	135	0.000515	0.195965	0.000515
512	9800	387	9632	133	0.000507	0.200298	0.000507
512	9800	388	9544	144	0.000549	0.192314	0.000549
512	9800	389	9555	142	0.000542	0.196003	0.000542
512	9800	390	9558	129	0.000492	0.198170	0.000492
512	9800	391	9592	108	0.000412	0.198620	0.000412
512	9800	392	9494	156	0.000595	0.191284	0.000595
512	9800	393	9627	106	0.000404	0.204288	0.000404
512	9800	394	9522	130	0.000496	0.193542	0.000496
512	9800	395	9890	122	0.000465	0.201771	0.000465
512	9800	396	9477	164	0.000626	0.196220	0.000626
512	9800	397	9660	159	0.000607	0.202122	0.000607
512	9800	398	9454	111	0.000423	0.194992	0.000423
512	9800	399	9451	148	0.000565	0.196285	0.000565
512	9800	400	9358	142	0.000542	0.193657	0.000542
512	9800	401	9606	111	0.000423	0.195911	0.000423
512	9800	402	9287	152	0.000580	0.198227	0.000580
512	9800	403	9362	111	0.000423	0.188351	0.000423
512	9800	404	9413	119	0.000454	0.188931	0.000454
512	9800	405	9437	163	0.000622	0.196758	0.000622
512	9800	406	9432	114	0.000435	0.192986	0.000435
512	9800	407	9580	125	0.000477	0.197712	0.000477
512	9800	408	9512	164	0.000626	0.197666	0.000626
512	9800	409	9490	193	0.000736	0.204563	0.000736
512	9800	410	9418	162	0.000618	0.194633	0.000618
512	9800	411	9562	125	0.000477	0.195576	0.000477
512	9800	412	9383	121	0.000462	0.191437	0.000462
512	9800	413	9468	95	0.000362	0.194275	0.000362
512	9800	414	9500	156	0.000595	0.188095	0.000595
512	9800	415	9343	132	0.000504	0.194519	0.000504
512	9800	416	9621	128	0.000488	0.194046	0.000488
512	9800	417	9628	162	0.000618	0.200718	0.000618
512	9800	418	9376	193	0.000736	0.193035	0.000736
512	9800	419	9587	110	0.000420	0.197086	0.000420
512	9800	420	9428	118	0.000450	0.193413	0.000450
512	9800	421	9563	115	0.000439	0.191471	0.000439
512	9800	422	9534	135	0.000515	0.196934	0.000515
512	9800	423	9643	280	0.001068	0.205944	0.001068
512	9800	424	9479	101	0.000385	0.192646	0.000385
512	9800	425	9547	101	0.000385	0.194920	0.000385
512	9800	426	9362	143	0.000546	0.187519	0.000546
512	9800	427	9575	107	0.000408	0.193787	0.000408
512	9800	428	9349	131	0.000500	0.195389	0.000500
512	9800	429	9658	137	0.000523	0.195442	0.000523
512	9800	430	9513	126	0.000481	0.201962	0.000481
512	9800	431	9371	110	0.000420	0.193874	0.000420
512	9800	432	9573	102	0.000389	0.197975	0.000389
512	9800	433	9406	171	0.000652	0.196980	0.000652
512	9800	434	9444	175	0.000668	0.194000	0.000668
512	9800	435	9575	100	0.000381	0.195835	0.000381
512	9800	436	9426	120	0.000458	0.199333	0.000458
512	9800	437	9534	145	0.000553	0.193359	0.000553
512	9800	438	9747	143	0.000546	0.191761	0.000546
512	9800	439	9530	157	0.000599	0.199127	0.000599
512	9800	440	9557	159	0.000607	0.197289	0.000607
512	9800	441	9553	168	0.000641	0.198498	0.000641
512	9800	442	9515	217	0.000828	0.198952	0.000828
512	9800	443	9610	140	0.000534	0.200745	0.000534
512	9800	444	9454	159	0.000607	0.194820	0.000607
512	9800	445	9392	107	0.000408	0.195927	0.000408
512	9800	446	9382	141	0.000538	0.196976	0.000538
512	9800	447	9561	166	0.000633	0.198509	0.000633
512	9800	448	9572	100	0.000381	0.192234	0.000381
512	9800	449	9524	87	0.000332	0.191826	0.000332
512	9800	450	9384	203	0.000774	0.190441	0.000774
512	9800	451	9697	96	0.000366	0.195900	0.000366
512	9800	452	9458	167	0.000637	0.199673	0.000637
512	9800	453	9319	131	0.000500	0.192955	0.000500
512	9800	454	9439	100	0.000381	0.194992	0.000381
512	9800	455	9606	117	0.000446	0.197708	0.000446
512	9800	456	9567	110	0.000420	0.199097	0.000420
512	9800	457	9382	106	0.000404	0.191998	0.000404
512	9800	458	9341	128	0.000488	0.188541	0.000488
512	9800	459	9510	103	0.000393	0.196606	0.000393
512	9800	460	9575	142	0.000542	0.193878	0.000542
512	9800	461	9642	184	0.000702	0.199760	0.000702
512	9800	462	9505	111	0.000423	0.199490	0.000423
512	9800	463	9364	143	0.000546	0.192890	0.000546
512	9800	464	9502	129	0.000492	0.198002	0.000492
512	9800	465	9300	147	0.000561	0.195889	0.000561
512	9800	466	9449	100	0.000381	0.195652	0.000381
512	9800	467	9496	123	0.000469	0.196735	0.000469
512	9800	468	9562	157	0.000599	0.193996	0.000599
512	9800	469	9376	93	0.000355	0.192055	0.000355
512	9800	470	9485	105	0.000401	0.195824	0.000401
512	9800	471	9566	205	0.000782	0.193871	0.000782
512	9800	472	9287	365	0.001392	0.194557	0.001392
512	9800	473	9639	126	0.000481	0.199406	0.000481
512	9800	474	9385	106	0.000404	0.197124	0.000404
512	9800	475	9489	154	0.000587	0.195965	0.000587
512	9800	476	9440	98	0.000374	0.196804	0.000374
512	9800	477	9472	145	0.000553	0.192749	0.000553
512	9800	478	9632	120	0.000458	0.195911	0.000458
512	9800	479	9396	101	0.000385	0.194332	0.000385
512	9800	480	9612	141	0.000538	0.195225	0.000538
512	9800	481	9542	124	0.000473	0.199196	0.000473
512	9800	482	9567	173	0.000660	0.200462	0.000660
512	9800	483	9563	91	0.000347	0.192978	0.000347
512	9800	484	9540	105	0.000401	0.193745	0.000401
512	9800	485	9541	145	0.000553	0.195293	0.000553
512	9800	486	9499	121	0.000462	0.194389	0.000462
512	9800	487	9510	214	0.000816	0.195290	0.000816
512	9800	488	9565	138	0.000526	0.195461	0.000526
512	9800	489	9468	170	0.000648	0.199715	0.000648
512	9800	490	9622	114	0.000435	0.199253	0.000435
512	9800	491	9451	143	0.000546	0.190887	0.000546
512	9800	492	9673	140	0.000534	0.201172	0.000534
512	9800	493	9488	195	0.000744	0.199142	0.000744
512	9800	494	9376	170	0.000648	0.193546	0.000648
512	9800	495	9389	130	0.000496	0.187542	0.000496
512	9800	496	9368	103	0.000393	0.194897	0.000393
512	9800	497	9394	156	0.000595	0.197578	0.000595
512	9800	498	9416	157	0.000599	0.194588	0.000599
512	9800	499	9314	150	0.000572	0.194950	0.000572
512	9800	500	9356	122	0.000465	0.193676	0.000465
512	9800	501	9583	120	0.000458	0.196178	0.000458
512	9800	502	9362	167	0.000637	0.193588	0.000637
512	9800	503	9469	197	0.000751	0.189461	0.000751
512	9800	504	9331	136	0.000519	0.188057	0.000519
512	9800	505	9474	141	0.000538	0.192677	0.000538
512	9800	506	9603	108	0.000412	0.194355	0.000412
512	9800	507	9607	147	0.000561	0.198166	0.000561
512	9800	508	9476	170	0.000648	0.192352	0.000648
512	9800	509	9477	106	0.000404	0.192001	0.000404
512	9800	510	9404	104	0.000397	0.191284	0.000397
512	9800	511	9334	145	0.000553	0.195564	0.000553
512	9800	512	9561	115	0.000439	0.190769	0.000439
512	9800	513	9136	120	0.000458	0.188011	0.000458
512	9800	514	9434	127	0.000484	0.190544	0.000484
512	9800	515	9409	107	0.000408	0.193878	0.000408
512	9800	516	9651	145	0.000553	0.198822	0.000553
512	9800	517	9659	194	0.000740	0.198189	0.000740
512	9800	518	9485	147	0.000561	0.191723	0.000561
512	9800	519	9508	125	0.000477	0.202709	0.000477
512	9800	520	9438	129	0.000492	0.191845	0.000492
512	9800	521	9804	119	0.000454	0.196674	0.000454
512	9800	522	9589	166	0.000633	0.197544	0.000633
512	9800	523	9451	142	0.000542	0.197266	0.000542
512	9800	524	9540	177	0.000675	0.200253	0.000675
512	9800	525	9372	136	0.000519	0.188610	0.000519
512	9800	526	9557	114	0.000435	0.196392	0.000435
512	9800	527	9325	129	0.000492	0.195038	0.000492
512	9800	528	9574	136	0.000519	0.199120	0.000519
512	9800	529	9524	153	0.000584	0.198238	0.000584
512	9800	530	9539	141	0.000538	0.192604	0.000538
512	9800	531	9467	174	0.000664	0.200829	0.000664
512	9800	532	9441	127	0.000484	0.191151	0.000484
512	9800	533	9526	164	0.000626	0.199104	0.000626
512	9800	534	9466	143	0.000546	0.197186	0.000546
512	9800	535	9513	220	0.000839	0.195683	0.000839
512	9800	536	9534	113	0.000431	0.196712	0.000431
512	9800	537	9323	142	0.000542	0.191097	0.000542
512	9800	538	9369	111	0.000423	0.194298	0.000423
512	9800	539	9644	135	0.000515	0.203568	0.000515
512	9800	540	9253	129	0.000492	0.193085	0.000492
512	9800	541	9697	122	0.000465	0.193954	0.000465
512	9800	542	9617	145	0.000553	0.198357	0.000553
512	9800	543	9621	94	0.000359	0.199883	0.000359
512	9800	544	9616	115	0.000439	0.195133	0.000439
512	9800	545	9555	103	0.000393	0.195610	0.000393
512	9800	546	9503	138	0.000526	0.199047	0.000526
512	9800	547	9502	97	0.000370	0.198196	0.000370
512	9800	548	9565	106	0.000404	0.196186	0.000404
512	9800	549	9399	124	0.000473	0.197136	0.000473
512	9800	550	9575	131	0.000500	0.196060	0.000500
512	9800	551	9423	114	0.000435	0.195305	0.000435
512	9800	552	9390	127	0.000484	0.193562	0.000484
512	9800	553	9470	191	0.000729	0.196728	0.000729
512	9800	554	9496	91	0.000347	0.198341	0.000347
512	9800	555	9414	116	0.000443	0.192394	0.000443
512	9800	556	9492	159	0.000607	0.196690	0.000607
512	9800	557	9286	115	0.000439	0.190723	0.000439
512	9800	558	9594	137	0.000523	0.196487	0.000523
512	9800	559	9400	115	0.000439	0.189186	0.000439
512	9800	560	9588	104	0.000397	0.189854	0.000397
512	9800	561	9360	149	0.000568	0.192642	0.000568
512	9800	562	9573	105	0.000401	0.200531	0.000401
512	9800	563	9588	120	0.000458	0.199352	0.000458
512	9800	564	9430	133	0.000507	0.196102	0.000507
512	9800	565	9489	116	0.000443	0.198353	0.000443
512	9800	566	9586	110	0.000420	0.200211	0.000420
512	9800	567	9636	136	0.000519	0.194283	0.000519
512	9800	568	9534	213	0.000813	0.194157	0.000813
512	9800	569	9473	91	0.000347	0.197002	0.000347
512	9800	570	9587	92	0.000351	0.192936	0.000351
512	9800	571	9448	120	0.000458	0.195847	0.000458
512	9800	572	9512	137	0.000523	0.199326	0.000523
512	9800	573	9453	108	0.000412	0.198635	0.000412
512	9800	574	9504	105	0.000401	0.196949	0.000401
512	9800	575	9421	94	0.000359	0.191395	0.000359
512	9800	576	9394	149	0.000568	0.195957	0.000568
512	9800	577	9429	136	0.000519	0.192677	0.000519
512	9800	578	9590	111	0.000423	0.191483	0.000423
512	9800	579	9469	129	0.000492	0.197514	0.000492
512	9800	580	9537	209	0.000797	0.201916	0.000797
512	9800	581	9481	110	0.000420	0.198742	0.000420
512	9800	582	9492	126	0.000481	0.199738	0.000481
512	9800	583	9511	175	0.000668	0.194538	0.000668
512	9800	584	9539	123	0.000469	0.197273	0.000469
512	9800	585	9616	211	0.000805	0.196953	0.000805
512	9800	586	9480	110	0.000420	0.192635	0.000420
512	9800	587	9498	119	0.000454	0.193356	0.000454
512	9800	588	9538	165	0.000629	0.197899	0.000629
512	9800	589	9507	93	0.000355	0.188866	0.000355
512	9800	590	9309	126	0.000481	0.188198	0.000481
512	9800	591	9628	119	0.000454	0.203400	0.000454
512	9800	592	9549	181	0.000690	0.195515	0.000690
512	9800	593	9393	187	0.000713	0.197033	0.000713
512	9800	594	9354	124	0.000473	0.196945	0.000473
512	9800	595	9338	99	0.000378	0.193604	0.000378
512	9800	596	9456	121	0.000462	0.198013	0.000462
512	9800	597	9439	202	0.000771	0.192196	0.000771
512	9800	598	9521	121	0.000462	0.199589	0.000462
512	9800	599	9499	157	0.000599	0.198284	0.000599
512	9800	600	9602	128	0.000488	0.200729	0.000488
512	9800	601	9468	190	0.000725	0.198246	0.000725
512	9800	602	9569	142	0.000542	0.205406	0.000542
512	9800	603	9441	150	0.000572	0.199722	0.000572
512	9800	604	9711	104	0.000397	0.199696	0.000397
512	9800	605	9623	194	0.000740	0.202255	0.000740
512	9800	606	9314	115	0.000439	0.194000	0.000439
512	9800	607	9507	131	0.000500	0.194176	0.000500
512	9800	608	9473	150	0.000572	0.201771	0.000572
512	9800	609	9404	106	0.000404	0.195992	0.000404
512	9800	610	9406	118	0.000450	0.197090	0.000450
512	9800	611	9543	159	0.000607	0.198269	0.000607
512	9800	612	9371	159	0.000607	0.195866	0.000607
512	9800	613	9552	128	0.000488	0.193058	0.000488
512	9800	614	9469	208	0.000793	0.200718	0.000793
512	9800	615	9578	119	0.000454	0.199417	0.000454
512	9800	616	9218	140	0.000534	0.191841	0.000534
512	9800	617	9501	179	0.000683	0.198132	0.000683
512	9800	618	9419	118	0.000450	0.199139	0.000450
512	9800	619	9248	112	0.000427	0.189312	0.000427
512	9800	620	9360	114	0.000435	0.190613	0.000435
512	9800	621	9534	144	0.000549	0.197559	0.000549
512	9800	622	9514	155	0.000591	0.194992	0.000591
512	9800	623	9463	126	0.000481	0.194996	0.000481
512	9800	624	9542	116	0.000443	0.190586	0.000443
512	9800	625	9386	147	0.000561	0.198299	0.000561
512	9800	626	9357	135	0.000515	0.198448	0.000515
512	9800	627	9609	138	0.000526	0.196327	0.000526
512	9800	628	9507	123	0.000469	0.192123	0.000469
512	9800	629	9315	184	0.000702	0.194920	0.000702
512	9800	630	9486	457	0.001743	0.201885	0.001743
512	9800	631	9635	140	0.000534	0.200512	0.000534
512	9800	632	9521	225	0.000858	0.196468	0.000858
512	9800	633	9467	86	0.000328	0.193981	0.000328
512	9800	634	9461	91	0.000347	0.194324	0.000347
512	9800	635	9320	116	0.000443	0.193867	0.000443
512	9800	636	9639	193	0.000736	0.192474	0.000736
512	9800	637	9437	106	0.000404	0.190590	0.000404
512	9800	638	9491	171	0.000652	0.193272	0.000652
512	9800	639	9350	128	0.000488	0.189266	0.000488
512	9800	640	9590	169	0.000645	0.198376	0.000645
512	9800	641	9346	132	0.000504	0.193810	0.000504
512	9800	642	9650	183	0.000698	0.204926	0.000698
512	9800	643	9605	174	0.000664	0.198746	0.000664
512	9800	644	9485	160	0.000610	0.198742	0.000610
512	9800	645	9621	197	0.000751	0.193329	0.000751
512	9800	646	9463	103	0.000393	0.188366	0.000393
512	9800	647	9533	131	0.000500	0.197586	0.000500
512	9800	648	9364	192	0.000732	0.196121	0.000732
512	9800	649	9548	115	0.000439	0.199699	0.000439
512	9800	650	9510	121	0.000462	0.198627	0.000462
512	9800	651	9616	95	0.000362	0.196789	0.000362
512	9800	652	9580	134	0.000511	0.199886	0.000511
512	9800	653	9365	168	0.000641	0.196991	0.000641
512	9800	654	9444	169	0.000645	0.193668	0.000645
512	9800	655	9449	151	0.000576	0.192955	0.000576
512	9800	656	9431	101	0.000385	0.191727	0.000385
512	9800	657	9430	168	0.000641	0.193775	0.000641
512	9800	658	9378	112	0.000427	0.191051	0.000427
512	9800	659	9574	121	0.000462	0.201721	0.000462
512	9800	660	9481	136	0.000519	0.194714	0.000519
512	9800	661	9442	270	0.001030	0.196758	0.001030
512	9800	662	9577	138	0.000526	0.190697	0.000526
512	9800	663	9492	122	0.000465	0.190933	0.000465
512	9800	664	9232	181	0.000690	0.196381	0.000690
512	9800	665	9234	174	0.000664	0.193470	0.000664
512	9800	666	9391	128	0.000488	0.197025	0.000488
512	9800	667	9337	152	0.000580	0.190266	0.000580
512	9800	668	9530	107	0.000408	0.194656	0.000408
512	9800	669	9505	136	0.000519	0.194481	0.000519
512	9800	670	9638	220	0.000839	0.198357	0.000839
512	9800	671	9423	107	0.000408	0.198708	0.000408
512	9800	672	9350	125	0.000477	0.195179	0.000477
512	9800	673	9397	130	0.000496	0.191814	0.000496
512	9800	674	9254	138	0.000526	0.190563	0.000526
512	9800	675	9534	105	0.000401	0.195454	0.000401
512	9800	676	9496	139	0.000530	0.191265	0.000530
512	9800	677	9395	171	0.000652	0.193130	0.000652
512	9800	678	9627	97	0.000370	0.194687	0.000370
512	9800	679	9278	126	0.000481	0.193897	0.000481
512	9800	680	9452	109	0.000416	0.189526	0.000416
512	9800	681	9649	214	0.000816	0.203648	0.000816
512	9800	682	9565	147	0.000561	0.194515	0.000561
512	9800	683	9462	92	0.000351	0.192924	0.000351
512	9800	684	9486	157	0.000599	0.195820	0.000599
512	9800	685	9427	97	0.000370	0.192799	0.000370
512	9800	686	9706	120	0.000458	0.199726	0.000458
512	9800	687	9561	205	0.000782	0.195122	0.000782
512	9800	688	9437	202	0.000771	0.194984	0.000771
512	9800	689	9514	143	0.000546	0.204853	0.000546
512	9800	690	9503	117	0.000446	0.192310	0.000446
512	9800	691	9444	200	0.000763	0.193668	0.000763
512	9800	692	9469	144	0.000549	0.201279	0.000549
512	9800	693	9459	107	0.000408	0.192848	0.000408
512	9800	694	9550	117	0.000446	0.201939	0.000446
512	9800	695	9590	139	0.000530	0.196827	0.000530
512	9800	696	9449	138	0.000526	0.198841	0.000526
512	9800	697	9441	110	0.000420	0.195244	0.000420
512	9800	698	9303	139	0.000530	0.197079	0.000530
512	9800	699	9394	154	0.000587	0.200832	0.000587
512	9800	700	9477	161	0.000614	0.197472	0.000614
512	9800	701	9581	116	0.000443	0.195065	0.000443
512	9800	702	9363	96	0.000366	0.189495	0.000366
512	9800	703	9459	192	0.000732	0.192005	0.000732
512	9800	704	9565	152	0.000580	0.199188	0.000580
512	9800	705	9440	427	0.001629	0.194138	0.001629
512	9800	706	9635	102	0.000389	0.193508	0.000389
512	9800	707	9545	186	0.000710	0.197884	0.000710
512	9800	708	9547	124	0.000473	0.199005	0.000473
512	9800	709	9486	131	0.000500	0.196152	0.000500
512	9800	710	9630	106	0.000404	0.192230	0.000404
512	9800	711	9476	114	0.000435	0.193390	0.000435
512	9800	712	9444	185	0.000706	0.198292	0.000706
512	9800	713	9669	162	0.000618	0.202232	0.000618
512	9800	714	9445	126	0.000481	0.190842	0.000481
512	9800	715	9591	139	0.000530	0.196308	0.000530
512	9800	716	9681	142	0.000542	0.198093	0.000542
512	9800	717	9422	110	0.000420	0.203197	0.000420
512	9800	718	9500	95	0.000362	0.197002	0.000362
512	9800	719	9613	162	0.000618	0.197258	0.000618
512	9800	720	9393	167	0.000637	0.194996	0.000637
512	9800	721	9403	101	0.000385	0.195686	0.000385
512	9800	722	9624	129	0.000492	0.193867	0.000492
512	9800	723	9479	134	0.000511	0.195549	0.000511
512	9800	724	9523	121	0.000462	0.194725	0.000462
512	9800	725	9535	135	0.000515	0.196148	0.000515
512	9800	726	9586	119	0.000454	0.200333	0.000454
512	9800	727	9479	131	0.000500	0.197166	0.000500
512	9800	728	9647	113	0.000431	0.196144	0.000431
512	9800	729	9438	120	0.000458	0.198830	0.000458
512	9800	730	9550	153	0.000584	0.193867	0.000584
512	9800	731	9490	141	0.000538	0.197205	0.000538
512	9800	732	9556	126	0.000481	0.193581	0.000481
512	9800	733	9467	119	0.000454	0.195366	0.000454
512	9800	734	9564	128	0.000488	0.200165	0.000488
512	9800	735	9447	126	0.000481	0.193527	0.000481
512	9800	736	9514	95	0.000362	0.191593	0.000362
512	9800	737	9380	128	0.000488	0.196793	0.000488
512	9800	738	9616	172	0.000656	0.201145	0.000656
512	9800	739	9468	91	0.000347	0.198597	0.000347
512	9800	740	9560	135	0.000515	0.197903	0.000515
512	9800	741	9401	145	0.000553	0.196770	0.000553
512	9800	742	9301	104	0.000397	0.193539	0.000397
512	9800	743	9509	114	0.000435	0.195351	0.000435
512	9800	744	9353	112	0.000427	0.193462	0.000427
512	9800	745	9535	127	0.000484	0.202202	0.000484
512	9800	746	9427	206	0.000786	0.195801	0.000786
512	9800	747	9562	126	0.000481	0.195518	0.000481
512	9800	748	9362	135	0.000515	0.191357	0.000515
512	9800	749	9538	191	0.000729	0.191654	0.000729
512	9800	750	9510	96	0.000366	0.197346	0.000366
512	9800	751	9416	153	0.000584	0.197010	0.000584
512	9800	752	9612	170	0.000648	0.203239	0.000648
512	9800	753	9543	141	0.000538	0.193764	0.000538
512	9800	754	9441	170	0.000648	0.191566	0.000648
512	9800	755	9672	93	0.000355	0.193726	0.000355
512	9800	756	9454	117	0.000446	0.196888	0.000446
512	9800	757	9635	142	0.000542	0.202969	0.000542
512	9800	758	9742	144	0.000549	0.194439	0.000549
512	9800	759	9723	129	0.000492	0.200962	0.000492
512	9800	760	9478	171	0.000652	0.190536	0.000652
512	9800	761	9578	150	0.000572	0.196674	0.000572
512	9800	762	9325	127	0.000484	0.193539	0.000484
512	9800	763	9377	161	0.000614	0.194218	0.000614
512	9800	764	9537	148	0.000565	0.198383	0.000565
512	9800	765	9733	149	0.000568	0.204075	0.000568
512	9800	766	9486	146	0.000557	0.195915	0.000557
512	9800	767	9336	133	0.000507	0.189491	0.000507
512	9800	768	9515	118	0.000450	0.196049	0.000450
512	9800	769	9806	128	0.000488	0.199532	0.000488
512	9800	770	9558	150	0.000572	0.197464	0.000572
512	9800	771	9529	150	0.000572	0.193470	0.000572
512	9800	772	9271	100	0.000381	0.195202	0.000381
512	9800	773	9498	139	0.000530	0.196529	0.000530
512	9800	774	9610	159	0.000607	0.197571	0.000607
512	9800	775	9453	109	0.000416	0.193718	0.000416
512	9800	776	9486	205	0.000782	0.196888	0.000782
512	9800	777	9428	229	0.000874	0.199154	0.000874
512	9800	778	9496	207	0.000790	0.196583	0.000790
512	9800	779	9453	108	0.000412	0.191475	0.000412
512	9800	780	9508	117	0.000446	0.195644	0.000446
512	9800	781	9444	102	0.000389	0.195133	0.000389
512	9800	782	9468	136	0.000519	0.196537	0.000519
512	9800	783	9624	86	0.000328	0.195839	0.000328
512	9800	784	9405	113	0.000431	0.191200	0.000431
512	9800	785	9450	179	0.000683	0.196804	0.000683
512	9800	786	9530	134	0.000511	0.192616	0.000511
512	9800	787	9617	145	0.000553	0.195427	0.000553
512	9800	788	9562	247	0.000942	0.193916	0.000942
512	9800	789	9502	165	0.000629	0.196918	0.000629
512	9800	790	9422	128	0.000488	0.193424	0.000488
512	9800	791	9592	166	0.000633	0.195614	0.000633
512	9800	792	9540	162	0.000618	0.195518	0.000618
512	9800	793	9431	109	0.000416	0.194988	0.000416
512	9800	794	9474	178	0.000679	0.197746	0.000679
512	9800	795	9437	132	0.000504	0.197155	0.000504
512	9800	796	9566	104	0.000397	0.192860	0.000397
512	9800	797	9544	103	0.000393	0.191124	0.000393
512	9800	798	9543	154	0.000587	0.196857	0.000587
512	9800	799	9537	118	0.000450	0.200352	0.000450
512	9800	800	9626	104	0.000397	0.196785	0.000397
512	9800	801	9442	100	0.000381	0.193085	0.000381
512	9800	802	9449	129	0.000492	0.192738	0.000492
512	9800	803	9728	87	0.000332	0.189869	0.000332
512	9800	804	9569	96	0.000366	0.193554	0.000366
512	9800	805	9631	230	0.000877	0.195965	0.000877
512	9800	806	9455	111	0.000423	0.193432	0.000423
512	9800	807	9602	94	0.000359	0.198891	0.000359
512	9800	808	9339	142	0.000542	0.192764	0.000542
512	9800	809	9566	118	0.000450	0.197765	0.000450
512	9800	810	9483	182	0.000694	0.196075	0.000694
512	9800	811	9326	99	0.000378	0.193195	0.000378
512	9800	812	9458	127	0.000484	0.196526	0.000484
512	9800	813	9549	176	0.000671	0.196411	0.000671
512	9800	814	9634	122	0.000465	0.198277	0.000465
512	9800	815	9520	99	0.000378	0.191269	0.000378
512	9800	816	9507	114	0.000435	0.197060	0.000435
512	9800	817	9452	132	0.000504	0.194992	0.000504
512	9800	818	9541	130	0.000496	0.193054	0.000496
512	9800	819	9576	116	0.000443	0.199886	0.000443
512	9800	820	9488	122	0.000465	0.193562	0.000465
512	9800	821	9680	219	0.000835	0.200981	0.000835
512	9800	822	9422	126	0.000481	0.191612	0.000481
512	9800	823	9438	124	0.000473	0.199787	0.000473
512	9800	824	9520	94	0.000359	0.201408	0.000359
512	9800	825	9362	118	0.000450	0.194782	0.000450
512	9800	826	9778	161	0.000614	0.199654	0.000614
512	9800	827	9348	155	0.000591	0.196087	0.000591
512	9800	828	9515	210	0.000801	0.194611	0.000801
512	9800	829	9509	114	0.000435	0.196754	0.000435
512	9800	830	9561	101	0.000385	0.201965	0.000385
512	9800	831	9445	213	0.000813	0.190792	0.000813
512	9800	832	9623	220	0.000839	0.199657	0.000839
512	9800	833	9593	146	0.000557	0.194057	0.000557
512	9800	834	9448	98	0.000374	0.197861	0.000374
512	9800	835	9410	151	0.000576	0.196774	0.000576
512	9800	836	9536	143	0.000546	0.197922	0.000546
512	9800	837	9714	112	0.000427	0.205566	0.000427
512	9800	838	9455	178	0.000679	0.201080	0.000679
512	9800	839	9568	123	0.000469	0.196915	0.000469
512	9800	840	9447	127	0.000484	0.200993	0.000484
512	9800	841	9449	104	0.000397	0.192665	0.000397
512	9800	842	9647	143	0.000546	0.196999	0.000546
512	9800	843	9476	136	0.000519	0.197758	0.000519
512	9800	844	9637	171	0.000652	0.195915	0.000652
512	9800	845	9497	127	0.000484	0.193977	0.000484
512	9800	846	9474	133	0.000507	0.191906	0.000507
512	9800	847	9228	115	0.000439	0.191605	0.000439
512	9800	848	9469	135	0.000515	0.193043	0.000515
512	9800	849	9260	115	0.000439	0.194420	0.000439
512	9800	850	9476	132	0.000504	0.198776	0.000504
512	9800	851	9439	110	0.000420	0.196095	0.000420
512	9800	852	9528	141	0.000538	0.196499	0.000538
512	9800	853	9383	122	0.000465	0.196861	0.000465
512	9800	854	9506	139	0.000530	0.202553	0.000530
512	9800	855	9574	122	0.000465	0.193390	0.000465
512	9800	856	9446	174	0.000664	0.197739	0.000664
512	9800	857	9506	171	0.000652	0.194874	0.000652
512	9800	858	9654	145	0.000553	0.192982	0.000553
512	9800	859	9523	119	0.000454	0.194714	0.000454
512	9800	860	9691	124	0.000473	0.200821	0.000473
512	9800	861	9554	177	0.000675	0.196850	0.000675
512	9800	862	9472	150	0.000572	0.196445	0.000572
512	9800	863	9409	124	0.000473	0.191299	0.000473
512	9800	864	9448	119	0.000454	0.193138	0.000454
512	9800	865	9476	118	0.000450	0.190754	0.000450
512	9800	866	9677	109	0.000416	0.196777	0.000416
512	9800	867	9602	98	0.000374	0.192062	0.000374
512	9800	868	9527	170	0.000648	0.194908	0.000648
512	9800	869	9416	106	0.000404	0.193958	0.000404
512	9800	870	9510	157	0.000599	0.197708	0.000599
512	9800	871	9681	132	0.000504	0.200405	0.000504
512	9800	872	9603	142	0.000542	0.195137	0.000542
512	9800	873	9656	122	0.000465	0.203041	0.000465
512	9800	874	9702	123	0.000469	0.202457	0.000469
512	9800	875	9406	125	0.000477	0.201420	0.000477
512	9800	876	9504	119	0.000454	0.198792	0.000454
512	9800	877	9533	130	0.000496	0.198391	0.000496
512	9800	878	9693	121	0.000462	0.203239	0.000462
512	9800	879	9500	224	0.000854	0.202728	0.000854
512	9800	880	9494	99	0.000378	0.195255	0.000378
512	9800	881	9444	119	0.000454	0.191963	0.000454
512	9800	882	9664	141	0.000538	0.194027	0.000538
512	9800	883	9586	198	0.000755	0.200821	0.000755
512	9800	884	9529	103	0.000393	0.193623	0.000393
512	9800	885	9521	221	0.000843	0.195522	0.000843
512	9800	886	9486	141	0.000538	0.197891	0.000538
512	9800	887	9548	152	0.000580	0.195133	0.000580
512	9800	888	9394	255	0.000973	0.198082	0.000973
512	9800	889	9403	102	0.000389	0.195351	0.000389
512	9800	890	9527	204	0.000778	0.191143	0.000778
512	9800	891	9317	113	0.000431	0.192921	0.000431
512	9800	892	9529	155	0.000591	0.199417	0.000591
512	9800	893	9455	174	0.000664	0.196850	0.000664
512	9800	894	9567	164	0.000626	0.195862	0.000626
512	9800	895	9454	136	0.000519	0.194218	0.000519
512	9800	896	9518	163	0.000622	0.197094	0.000622
512	9800	897	9650	98	0.000374	0.193787	0.000374
512	9800	898	9403	146	0.000557	0.201321	0.000557
512	9800	899	9454	116	0.000443	0.192734	0.000443
512	9800	900	9394	148	0.000565	0.195110	0.000565
512	9800	901	9567	105	0.000401	0.194553	0.000401
512	9800	902	9575	127	0.000484	0.193096	0.000484
512	9800	903	9445	102	0.000389	0.191792	0.000389
512	9800	904	9320	108	0.000412	0.188618	0.000412
512	9800	905	9490	167	0.000637	0.193836	0.000637
512	9800	906	9449	198	0.000755	0.190834	0.000755
512	9800	907	9489	134	0.000511	0.195248	0.000511
512	9800	908	9360	133	0.000507	0.201000	0.000507
512	9800	909	9536	104	0.000397	0.198864	0.000397
512	9800	910	9413	164	0.000626	0.192574	0.000626
512	9800	911	9534	110	0.000420	0.193382	0.000420
512	9800	912	9493	136	0.000519	0.193241	0.000519
512	9800	913	9471	183	0.000698	0.196117	0.000698
512	9800	914	9355	125	0.000477	0.195557	0.000477
512	9800	915	9442	125	0.000477	0.197861	0.000477
512	9800	916	9540	195	0.000744	0.198906	0.000744
512	9800	917	9423	126	0.000481	0.196091	0.000481
512	9800	918	9442	128	0.000488	0.197437	0.000488
512	9800	919	9590	128	0.000488	0.193481	0.000488
512	9800	920	9476	204	0.000778	0.197094	0.000778
512	9800	921	9466	131	0.000500	0.194450	0.000500
512	9800	922	9537	137	0.000523	0.198372	0.000523
512	9800	923	9535	129	0.000492	0.195042	0.000492
512	9800	924	9386	143	0.000546	0.196518	0.000546
512	9800	925	9400	101	0.000385	0.196770	0.000385
512	9800	926	9443	176	0.000671	0.196621	0.000671
512	9800	927	9582	120	0.000458	0.198051	0.000458
512	9800	928	9615	150	0.000572	0.199421	0.000572
512	9800	929	9645	117	0.000446	0.197960	0.000446
512	9800	930	9514	141	0.000538	0.189137	0.000538
512	9800	931	9567	132	0.000504	0.200157	0.000504
512	9800	932	9466	128	0.000488	0.190884	0.000488
512	9800	933	9434	88	0.000336	0.193451	0.000336
512	9800	934	9457	124	0.000473	0.194817	0.000473
512	9800	935	9508	157	0.000599	0.196945	0.000599
512	9800	936	9518	127	0.000484	0.197735	0.000484
512	9800	937	9512	171	0.000652	0.197357	0.000652
512	9800	938	9616	134	0.000511	0.202168	0.000511
512	9800	939	9441	110	0.000420	0.193897	0.000420
512	9800	940	9414	182	0.000694	0.192955	0.000694
512	9800	941	9516	148	0.000565	0.198521	0.000565
512	9800	942	9407	129	0.000492	0.192398	0.000492
512	9800	943	9636	120	0.000458	0.198952	0.000458
512	9800	944	9390	106	0.000404	0.197662	0.000404
512	9800	945	9364	154	0.000587	0.195583	0.000587
512	9800	946	9508	158	0.000603	0.195934	0.000603
512	9800	947	9215	111	0.000423	0.193272	0.000423
512	9800	948	9366	112	0.000427	0.192818	0.000427
512	9800	949	9396	133	0.000507	0.186863	0.000507
512	9800	950	9510	131	0.000500	0.199554	0.000500
512	9800	951	9368	174	0.000664	0.190605	0.000664
512	9800	952	9424	115	0.000439	0.195953	0.000439
512	9800	953	9594	140	0.000534	0.202724	0.000534
512	9800	954	9543	96	0.000366	0.191814	0.000366
512	9800	955	9393	141	0.000538	0.195724	0.000538
512	9800	956	9604	98	0.000374	0.195824	0.000374
512	9800	957	9464	124	0.000473	0.195877	0.000473
512	9800	958	9454	147	0.000561	0.196831	0.000561
512	9800	959	9540	132	0.000504	0.192284	0.000504
512	9800	960	9315	143	0.000546	0.192383	0.000546
512	9800	961	9585	161	0.000614	0.200470	0.000614
512	9800	962	9570	119	0.000454	0.192577	0.000454
512	9800	963	9476	137	0.000523	0.200169	0.000523
512	9800	964	9508	182	0.000694	0.193508	0.000694
512	9800	965	9383	170	0.000648	0.197044	0.000648
512	9800	966	9402	89	0.000340	0.192600	0.000340
512	9800	967	9404	134	0.000511	0.198208	0.000511
512	9800	968	9311	145	0.000553	0.194443	0.000553
512	9800	969	9242	201	0.000767	0.198059	0.000767
512	9800	970	9346	216	0.000824	0.193703	0.000824
512	9800	971	9430	157	0.000599	0.193066	0.000599
512	9800	972	9604	216	0.000824	0.204670	0.000824
512	9800	973	9361	132	0.000504	0.194363	0.000504
512	9800	974	9489	106	0.000404	0.197651	0.000404
512	9800	975	9511	88	0.000336	0.194664	0.000336
512	9800	976	9433	223	0.000851	0.195663	0.000851
512	9800	977	9489	102	0.000389	0.190380	0.000389
512	9800	978	9423	116	0.000443	0.198189	0.000443
512	9800	979	9575	126	0.000481	0.194538	0.000481
512	9800	980	9362	163	0.000622	0.195774	0.000622
512	9800	981	9506	127	0.000484	0.190811	0.000484
512	9800	982	9415	126	0.000481	0.195129	0.000481
512	9800	983	9389	127	0.000484	0.193386	0.000484
512	9800	984	9447	135	0.000515	0.196049	0.000515
512	9800	985	9431	107	0.000408	0.193478	0.000408
512	9800	986	9467	92	0.000351	0.196472	0.000351
512	9800	987	9451	251	0.000957	0.199024	0.000957
512	9800	988	9460	126	0.000481	0.193718	0.000481
512	9800	989	9265	204	0.000778	0.194550	0.000778
512	9800	990	9583	107	0.000408	0.198711	0.000408
512	9800	991	9468	136	0.000519	0.199421	0.000519
512	9800	992	9436	125	0.000477	0.193348	0.000477
512	9800	993	9411	136	0.000519	0.194450	0.000519
512	9800	994	9584	172	0.000656	0.205025	0.000656
512	9800	995	9263	106	0.000404	0.196682	0.000404
512	9800	996	9470	110	0.000420	0.197060	0.000420
512	9800	997	9444	124	0.000473	0.198009	0.000473
512	9800	998	9344	115	0.000439	0.195107	0.000439
512	9800	999	9511	166	0.000633	0.192886	0.000633
512	9800	1000	9514	161	0.000614	0.195183	0.000614
