512	9550	2	5591	34258	0.130684	0.332191	0.130684
512	9550	3	5419	21175	0.080776	0.349812	0.080776
512	9550	4	5834	22590	0.086174	0.367249	0.086174
512	9550	5	6146	11529	0.043980	0.311104	0.043980
512	9550	6	5338	24753	0.094425	0.387093	0.094425
512	9550	7	5920	15503	0.059139	0.287079	0.059139
512	9550	8	5993	22852	0.087173	0.346424	0.087173
512	9550	9	5032	47406	0.180840	0.392014	0.180840
512	9550	10	5978	11953	0.045597	0.299385	0.045597
512	9550	11	5317	24666	0.094093	0.333038	0.094093
512	9550	12	5109	33748	0.128738	0.386772	0.128738
512	9550	13	6199	11473	0.043766	0.298557	0.043766
512	9550	14	5088	55957	0.213459	0.357780	0.213459
512	9550	15	5219	17967	0.068539	0.387611	0.068539
512	9550	16	5570	51137	0.195072	0.340794	0.011795
512	9550	17	5465	18044	0.068832	0.335960	0.068832
512	9550	18	5222	31890	0.121651	0.364750	0.121651
512	9550	19	5395	38404	0.146500	0.365437	0.146500
512	9550	20	5797	19800	0.075531	0.326420	0.075531
512	9550	21	5651	23890	0.091133	0.304314	0.091133
512	9550	22	5591	32852	0.125320	0.323845	0.125320
512	9550	23	5579	20859	0.079571	0.345837	0.079571
512	9550	24	6126	14851	0.056652	0.305386	0.056652
512	9550	25	5633	15937	0.060795	0.300404	0.060795
512	9550	26	4712	39849	0.152012	0.402096	0.152012
512	9550	27	5351	24193	0.092289	0.360329	0.092289
512	9550	28	5777	13749	0.052448	0.312664	0.052448
512	9550	29	5022	66985	0.255527	0.389858	0.020466
512	9550	30	5105	31987	0.122021	0.384453	0.122021
512	9550	31	5450	29875	0.113964	0.325634	0.113964
512	9550	32	5541	12695	0.048428	0.313015	0.048428
512	9550	33	5234	42641	0.162663	0.386845	0.162663
512	9550	34	5717	27040	0.103149	0.342850	0.103149
512	9550	35	6124	10822	0.041283	0.292923	0.041283
512	9550	36	5026	29165	0.111256	0.378601	0.111256
512	9550	37	5369	40980	0.156326	0.358376	0.156326
512	9550	38	5897	19450	0.074196	0.282913	0.074196
512	9550	39	5880	12039	0.045925	0.309761	0.045925
512	9550	40	5920	19780	0.075455	0.329086	0.075455
512	9550	41	6224	18196	0.069412	0.270607	0.069412
512	9550	42	5830	12128	0.046265	0.323505	0.046265
512	9550	43	5179	26798	0.102226	0.410175	0.102226
512	9550	44	5241	44524	0.169846	0.390858	0.169846
512	9550	45	5271	38555	0.147076	0.365765	0.147076
512	9550	46	5292	26722	0.101936	0.338703	0.101936
512	9550	47	6058	18509	0.070606	0.297672	0.070606
512	9550	48	5578	16004	0.061050	0.316010	0.061050
512	9550	49	5351	30667	0.116985	0.346184	0.116985
512	9550	50	5618	19878	0.075829	0.322178	0.075829
512	9550	51	5378	35186	0.134224	0.345242	0.134224
512	9550	52	5448	24948	0.095169	0.349339	0.095169
512	9550	53	5768	20579	0.078503	0.320625	0.078503
512	9550	54	5126	23674	0.090309	0.356407	0.090309
512	9550	55	6177	10998	0.041954	0.275520	0.041954
512	9550	56	6189	16643	0.063488	0.291813	0.063488
512	9550	57	5234	27323	0.104229	0.326618	0.104229
512	9550	58	5317	27802	0.106056	0.364510	0.106056
512	9550	59	5948	14756	0.056290	0.339184	0.056290
512	9550	60	5377	21045	0.080280	0.340473	0.080280
512	9550	61	5576	15871	0.060543	0.351830	0.060543
512	9550	62	6311	12792	0.048798	0.292103	0.048798
512	9550	63	5428	26890	0.102577	0.372169	0.102577
512	9550	64	4842	35350	0.134850	0.393036	0.134850
512	9550	65	5821	23671	0.090298	0.347458	0.090298
512	9550	66	5734	22186	0.084633	0.341164	0.084633
512	9550	67	6004	21216	0.080933	0.321144	0.080933
512	9550	68	5921	20866	0.079597	0.333912	0.079597
512	9550	69	6038	16147	0.061596	0.295765	0.061596
512	9550	70	5814	23833	0.090916	0.305462	0.090916
512	9550	71	5835	22241	0.084843	0.345486	0.084843
512	9550	72	5007	68832	0.262573	0.395657	0.005344
512	9550	73	6295	9660	0.036850	0.270004	0.036850
512	9550	74	5880	16851	0.064281	0.290501	0.064281
512	9550	75	6000	20814	0.079399	0.333027	0.079399
512	9550	76	5829	15136	0.057739	0.301628	0.057739
512	9550	77	5582	23339	0.089031	0.358364	0.089031
512	9550	78	6520	7602	0.028999	0.276730	0.028999
512	9550	79	5355	18592	0.070923	0.332184	0.070923
512	9550	80	5373	28038	0.106956	0.325066	0.106956
512	9550	81	5283	25050	0.095558	0.380844	0.095558
512	9550	82	5738	32745	0.124912	0.353065	0.124912
512	9550	83	4834	28521	0.108799	0.404037	0.108799
512	9550	84	6548	8780	0.033493	0.253696	0.033493
512	9550	85	5197	27313	0.104191	0.344402	0.104191
512	9550	86	5346	34855	0.132961	0.359184	0.132961
512	9550	87	4949	39151	0.149349	0.398468	0.149349
512	9550	88	6182	9736	0.037140	0.281738	0.037140
512	9550	89	5641	21015	0.080166	0.302998	0.080166
512	9550	90	5746	24153	0.092136	0.326256	0.092136
512	9550	91	4743	50516	0.192703	0.418983	0.192703
512	9550	92	7071	3973	0.015156	0.234383	0.015156
512	9550	93	5612	42422	0.161827	0.353302	0.161827
512	9550	94	5634	15273	0.058262	0.297318	0.058262
512	9550	95	5256	50909	0.194202	0.361893	0.031975
512	9550	96	5544	24005	0.091572	0.381077	0.091572
512	9550	97	4972	37764	0.144058	0.358395	0.144058
512	9550	98	5505	28183	0.107510	0.391792	0.107510
512	9550	99	5997	23537	0.089787	0.302399	0.089787
512	9550	100	6246	7882	0.030067	0.250893	0.030067
512	9550	101	5910	24318	0.092766	0.330120	0.092766
512	9550	102	5263	14362	0.054787	0.341457	0.054787
512	9550	103	5337	28793	0.109837	0.314751	0.109837
512	9550	104	5624	23150	0.088310	0.329544	0.088310
512	9550	105	5313	39055	0.148983	0.380821	0.148983
512	9550	106	5865	10933	0.041706	0.273052	0.041706
512	9550	107	5747	22260	0.084915	0.279087	0.084915
512	9550	108	5848	14453	0.055134	0.307911	0.055134
512	9550	109	5568	28719	0.109554	0.338371	0.109554
512	9550	110	5061	30954	0.118080	0.375198	0.118080
512	9550	111	5646	28841	0.110020	0.335941	0.110020
512	9550	112	5172	48382	0.184563	0.393848	0.184563
512	9550	113	5235	27093	0.103352	0.355820	0.103352
512	9550	114	4766	70254	0.267998	0.420704	0.267998
512	9550	115	5175	34160	0.130310	0.408852	0.130310
512	9550	116	5623	50111	0.191158	0.357506	0.027451
512	9550	117	6286	9884	0.037704	0.286205	0.037704
512	9550	118	5518	40735	0.155392	0.388271	0.155392
512	9550	119	5100	32542	0.124138	0.390408	0.124138
512	9550	120	5464	39197	0.149525	0.309044	0.149525
512	9550	121	4616	81474	0.310799	0.434330	0.022095
512	9550	122	6193	16734	0.063835	0.301922	0.063835
512	9550	123	6044	19609	0.074802	0.324238	0.074802
512	9550	124	6233	13844	0.052811	0.265079	0.052811
512	9550	125	4940	48614	0.185448	0.387127	0.185448
512	9550	126	4912	23900	0.091171	0.380047	0.091171
512	9550	127	6342	17265	0.065861	0.311386	0.065861
512	9550	128	5086	29586	0.112862	0.382488	0.112862
512	9550	129	5572	28748	0.109665	0.355991	0.109665
512	9550	130	5456	33410	0.127449	0.301979	0.127449
512	9550	131	5513	26936	0.102753	0.319077	0.102753
512	9550	132	5072	36414	0.138908	0.370636	0.138908
512	9550	133	4862	59240	0.225983	0.439907	0.225983
512	9550	134	4816	32846	0.125298	0.402889	0.125298
512	9550	135	6111	10679	0.040737	0.206184	0.040737
512	9550	136	5569	32641	0.124516	0.377266	0.124516
512	9550	137	5819	14531	0.055431	0.318321	0.055431
512	9550	138	5601	18407	0.070217	0.300854	0.070217
512	9550	139	5877	15693	0.059864	0.321465	0.059864
512	9550	140	5690	16861	0.064320	0.322807	0.064320
512	9550	141	5969	10690	0.040779	0.278454	0.040779
512	9550	142	5949	9920	0.037842	0.289085	0.037842
512	9550	143	6029	19436	0.074142	0.330479	0.074142
512	9550	144	5350	45497	0.173557	0.336452	0.173557
512	9550	145	5591	28679	0.109402	0.339924	0.109402
512	9550	146	5259	23479	0.089565	0.391415	0.089565
512	9550	147	5780	10970	0.041847	0.298916	0.041847
512	9550	148	5196	32292	0.123184	0.377563	0.123184
512	9550	149	6226	13747	0.052441	0.276596	0.052441
512	9550	150	5492	30300	0.115585	0.370083	0.115585
512	9550	151	5926	14961	0.057072	0.299377	0.057072
512	9550	152	6308	10589	0.040394	0.298893	0.040394
512	9550	153	5393	41502	0.158318	0.351227	0.158318
512	9550	154	5592	15801	0.060276	0.314957	0.060276
512	9550	155	5517	23940	0.091324	0.372417	0.091324
512	9550	156	5664	15069	0.057484	0.315517	0.057484
512	9550	157	5703	23664	0.090271	0.333195	0.090271
512	9550	158	5972	24884	0.094925	0.328957	0.094925
512	9550	159	5983	16096	0.061401	0.343884	0.061401
512	9550	160	6289	16708	0.063736	0.270374	0.063736
512	9550	161	5727	12041	0.045933	0.287533	0.045933
512	9550	162	5447	37478	0.142967	0.375893	0.076977
512	9550	163	5040	36481	0.139164	0.383869	0.139164
512	9550	164	5623	11275	0.043011	0.306934	0.043011
512	9550	165	5051	25621	0.097736	0.417332	0.097736
512	9550	166	6201	8095	0.030880	0.267647	0.030880
512	9550	167	5467	27364	0.104385	0.350075	0.104385
512	9550	168	5427	19115	0.072918	0.381241	0.072918
512	9550	169	5305	28593	0.109074	0.376591	0.109074
512	9550	170	4678	27757	0.105885	0.412392	0.105885
512	9550	171	5763	21961	0.083775	0.326416	0.083775
512	9550	172	5903	11195	0.042706	0.299690	0.042706
512	9550	173	5493	8710	0.033226	0.304245	0.033226
512	9550	174	5951	13105	0.049992	0.332432	0.049992
512	9550	175	5517	29417	0.112217	0.294331	0.112217
512	9550	176	5285	34274	0.130745	0.395191	0.130745
512	9550	177	5511	27549	0.105091	0.337997	0.105091
512	9550	178	5971	21307	0.081280	0.315800	0.081280
512	9550	179	5644	12623	0.048153	0.306831	0.048153
512	9550	180	5461	23796	0.090775	0.378036	0.090775
512	9550	181	5748	16862	0.064323	0.326099	0.064323
512	9550	182	5853	27258	0.103981	0.341370	0.103981
512	9550	183	5350	19283	0.073559	0.330002	0.073559
512	9550	184	5313	33989	0.129658	0.336792	0.129658
512	9550	185	5409	37396	0.142654	0.370621	0.142654
512	9550	186	5740	16601	0.063328	0.290363	0.063328
512	9550	187	5605	27721	0.105747	0.325436	0.105747
512	9550	188	5529	30798	0.117485	0.369507	0.117485
512	9550	189	5728	33201	0.126652	0.333942	0.126652
512	9550	190	5911	14129	0.053898	0.324860	0.053898
512	9550	191	6441	9949	0.037952	0.294769	0.037952
512	9550	192	5160	23749	0.090595	0.384636	0.090595
512	9550	193	5120	40008	0.152618	0.399956	0.152618
512	9550	194	5541	34335	0.130978	0.344154	0.130978
512	9550	195	6536	10244	0.039078	0.264744	0.039078
512	9550	196	6101	6273	0.023930	0.271969	0.023930
512	9550	197	5216	33363	0.127270	0.352921	0.127270
512	9550	198	4960	62832	0.239685	0.416836	0.239685
512	9550	199	5956	16340	0.062332	0.309692	0.062332
512	9550	200	5565	15474	0.059029	0.330505	0.059029
512	9550	201	5828	9929	0.037876	0.299511	0.037876
512	9550	202	5744	16157	0.061634	0.352642	0.061634
512	9550	203	5697	29440	0.112305	0.338245	0.112305
512	9550	204	5777	20447	0.077999	0.285763	0.077999
512	9550	205	5755	21890	0.083504	0.293060	0.083504
512	9550	206	5627	20954	0.079933	0.326141	0.079933
512	9550	207	5671	17237	0.065754	0.334782	0.065754
512	9550	208	5768	37761	0.144047	0.352352	0.144047
512	9550	209	6066	10422	0.039757	0.302616	0.039757
512	9550	210	6084	11142	0.042503	0.233898	0.042503
512	9550	211	5604	29209	0.111423	0.299778	0.111423
512	9550	212	5260	37712	0.143860	0.374649	0.143860
512	9550	213	5916	22352	0.085266	0.328743	0.085266
512	9550	214	5690	22190	0.084648	0.327488	0.084648
512	9550	215	5831	27543	0.105068	0.348392	0.105068
512	9550	216	6349	12776	0.048737	0.306160	0.048737
512	9550	217	5882	10807	0.041225	0.334713	0.041225
512	9550	218	5535	29341	0.111927	0.375671	0.111927
512	9550	219	6352	11643	0.044415	0.264729	0.044415
512	9550	220	5223	28992	0.110596	0.370255	0.110596
512	9550	221	5414	30058	0.114662	0.370628	0.114662
512	9550	222	5912	21612	0.082443	0.334869	0.082443
512	9550	223	5585	23380	0.089188	0.309696	0.089188
512	9550	224	6401	11943	0.045559	0.274029	0.045559
512	9550	225	5545	16167	0.061672	0.355549	0.061672
512	9550	226	5917	14490	0.055275	0.333179	0.055275
512	9550	227	5588	23290	0.088844	0.306305	0.088844
512	9550	228	5553	18095	0.069027	0.320908	0.069027
512	9550	229	5797	14443	0.055096	0.278885	0.055096
512	9550	230	5745	20510	0.078239	0.337891	0.078239
512	9550	231	5477	18526	0.070671	0.356953	0.070671
512	9550	232	4983	39850	0.152016	0.358509	0.152016
512	9550	233	5978	15304	0.058380	0.314388	0.058380
512	9550	234	6575	10731	0.040936	0.281044	0.040936
512	9550	235	5432	20787	0.079296	0.314163	0.079296
512	9550	236	5997	29999	0.114437	0.307785	0.114437
512	9550	237	6256	10747	0.040997	0.268013	0.040997
512	9550	238	5972	9546	0.036415	0.310917	0.036415
512	9550	239	4861	55717	0.212543	0.367699	0.044357
512	9550	240	6214	10080	0.038452	0.262733	0.038452
512	9550	241	5567	29860	0.113907	0.320332	0.113907
512	9550	242	5832	20955	0.079937	0.339767	0.079937
512	9550	243	5260	40373	0.154011	0.391617	0.154011
512	9550	244	5923	13255	0.050564	0.291813	0.050564
512	9550	245	5696	21695	0.082760	0.302757	0.082760
512	9550	246	5605	17272	0.065887	0.317383	0.065887
512	9550	247	6038	13162	0.050209	0.235008	0.050209
512	9550	248	5181	53147	0.202740	0.420094	0.202740
512	9550	249	6078	10187	0.038860	0.278973	0.038860
512	9550	250	5712	28761	0.109715	0.323528	0.109715
512	9550	251	5801	12684	0.048386	0.332718	0.048386
512	9550	252	6117	13498	0.051491	0.326931	0.051491
512	9550	253	6088	12177	0.046452	0.310940	0.046452
512	9550	254	5889	15467	0.059002	0.324856	0.059002
512	9550	255	5299	24599	0.093838	0.366207	0.093838
512	9550	256	5513	21393	0.081608	0.368282	0.081608
512	9550	257	6017	10184	0.038849	0.289757	0.038849
512	9550	258	5870	35716	0.136246	0.344467	0.136246
512	9550	259	5837	19739	0.075298	0.303429	0.075298
512	9550	260	6442	13039	0.049740	0.293575	0.049740
512	9550	261	6189	9947	0.037945	0.265266	0.037945
512	9550	262	5438	22762	0.086830	0.358635	0.086830
512	9550	263	5232	36354	0.138680	0.322559	0.138680
512	9550	264	4954	63476	0.242142	0.408714	0.242142
512	9550	265	6042	15066	0.057472	0.324490	0.057472
512	9550	266	5085	64754	0.247017	0.410099	0.023293
512	9550	267	5126	33448	0.127594	0.392216	0.127594
512	9550	268	6040	10119	0.038601	0.317635	0.038601
512	9550	269	5443	26046	0.099358	0.323261	0.099358
512	9550	270	6031	14644	0.055862	0.277542	0.055862
512	9550	271	5777	21649	0.082584	0.299393	0.082584
512	9550	272	5350	25149	0.095936	0.341625	0.095936
512	9550	273	5541	27950	0.106621	0.345047	0.106621
512	9550	274	5804	17085	0.065174	0.322777	0.065174
512	9550	275	5572	17908	0.068314	0.359428	0.068314
512	9550	276	5353	22037	0.084064	0.332088	0.084064
512	9550	277	5693	17282	0.065926	0.320393	0.065926
512	9550	278	5526	24525	0.093555	0.352425	0.093555
512	9550	279	5347	32808	0.125153	0.361729	0.125153
512	9550	280	5723	29140	0.111160	0.295334	0.111160
512	9550	281	6164	13324	0.050827	0.289143	0.050827
512	9550	282	5842	20739	0.079113	0.294247	0.079113
512	9550	283	5289	29653	0.113117	0.339649	0.113117
512	9550	284	5806	16826	0.064186	0.354431	0.064186
512	9550	285	5269	36680	0.139923	0.317482	0.139923
512	9550	286	5506	18468	0.070450	0.331944	0.070450
512	9550	287	6487	24044	0.091721	0.309513	0.091721
512	9550	288	5550	24637	0.093983	0.358948	0.093983
512	9550	289	5926	10802	0.041206	0.293255	0.041206
512	9550	290	5405	44641	0.170292	0.364441	0.170292
512	9550	291	6088	14137	0.053928	0.287857	0.053928
512	9550	292	5241	48645	0.185566	0.369972	0.185566
512	9550	293	6121	12108	0.046188	0.316200	0.046188
512	9550	294	6075	12205	0.046558	0.290085	0.046558
512	9550	295	6000	18600	0.070953	0.312237	0.070953
512	9550	296	5646	18241	0.069584	0.359627	0.069584
512	9550	297	5353	29195	0.111370	0.337025	0.111370
512	9550	298	5119	34529	0.131718	0.326115	0.131718
512	9550	299	5302	30549	0.116535	0.382057	0.116535
512	9550	300	6157	22356	0.085281	0.342175	0.085281
512	9550	301	5825	15969	0.060917	0.302429	0.060917
512	9550	302	5203	29803	0.113689	0.348366	0.113689
512	9550	303	5851	19139	0.073009	0.303658	0.073009
512	9550	304	5586	49042	0.187080	0.348228	0.013279
512	9550	305	6114	14624	0.055786	0.294258	0.055786
512	9550	306	5543	45239	0.172573	0.337189	0.172573
512	9550	307	5468	28623	0.109188	0.353962	0.109188
512	9550	308	5699	19218	0.073311	0.347904	0.073311
512	9550	309	5591	17351	0.066189	0.332298	0.066189
512	9550	310	5522	14744	0.056244	0.307507	0.056244
512	9550	311	6023	11233	0.042850	0.298969	0.042850
512	9550	312	5327	21777	0.083073	0.335907	0.083073
512	9550	313	5879	12904	0.049225	0.339710	0.049225
512	9550	314	6005	23498	0.089638	0.299828	0.089638
512	9550	315	5957	9753	0.037205	0.320290	0.037205
512	9550	316	5932	12629	0.048176	0.276958	0.048176
512	9550	317	5472	19586	0.074715	0.332977	0.074715
512	9550	318	5289	45008	0.171692	0.362648	0.171692
512	9550	319	5518	22351	0.085262	0.346584	0.085262
512	9550	320	5027	60345	0.230198	0.406857	0.230198
512	9550	321	5615	29298	0.111763	0.368114	0.111763
512	9550	322	5075	35539	0.135571	0.380341	0.135571
512	9550	323	5598	22835	0.087109	0.333820	0.087109
512	9550	324	5310	22678	0.086510	0.373798	0.086510
512	9550	325	5717	32327	0.123318	0.344677	0.123318
512	9550	326	6107	17478	0.066673	0.298409	0.066673
512	9550	327	5799	12849	0.049015	0.318783	0.049015
512	9550	328	5704	15983	0.060970	0.337704	0.060970
512	9550	329	6022	8137	0.031040	0.297977	0.031040
512	9550	330	5741	15056	0.057434	0.322304	0.057434
512	9550	331	5300	52765	0.201283	0.378654	0.201283
512	9550	332	5788	27458	0.104744	0.350582	0.104744
512	9550	333	6161	16491	0.062908	0.308403	0.062908
512	9550	334	4909	30770	0.117378	0.407841	0.117378
512	9550	335	5558	27282	0.104073	0.321995	0.104073
512	9550	336	6002	27409	0.104557	0.305912	0.104557
512	9550	337	6156	14248	0.054352	0.309540	0.054352
512	9550	338	5527	25464	0.097137	0.323780	0.097137
512	9550	339	6086	11122	0.042427	0.282017	0.042427
512	9550	340	5237	28919	0.110317	0.354332	0.110317
512	9550	341	5181	35728	0.136292	0.345524	0.136292
512	9550	342	5505	24264	0.092560	0.325508	0.092560
512	9550	343	5883	25075	0.095654	0.312675	0.095654
512	9550	344	4814	24427	0.093182	0.386925	0.093182
512	9550	345	5223	17180	0.065536	0.362640	0.065536
512	9550	346	5665	14351	0.054745	0.288963	0.054745
512	9550	347	6602	11742	0.044792	0.271191	0.044792
512	9550	348	4712	38330	0.146217	0.382645	0.146217
512	9550	349	5711	18969	0.072361	0.293625	0.072361
512	9550	350	5372	39739	0.151592	0.349979	0.151592
512	9550	351	5794	17793	0.067875	0.302261	0.067875
512	9550	352	5529	29178	0.111305	0.339714	0.111305
512	9550	353	5729	17798	0.067894	0.322899	0.067894
512	9550	354	5349	31791	0.121273	0.387482	0.121273
512	9550	355	5152	17517	0.066822	0.385025	0.066822
512	9550	356	5699	15003	0.057232	0.331150	0.057232
512	9550	357	6263	13651	0.052074	0.257252	0.052074
512	9550	358	5863	12647	0.048244	0.302277	0.048244
512	9550	359	4927	33307	0.127056	0.393089	0.127056
512	9550	360	5569	10005	0.038166	0.349815	0.038166
512	9550	361	5517	23140	0.088272	0.340485	0.088272
512	9550	362	5551	27650	0.105476	0.319500	0.105476
512	9550	363	6159	18913	0.072147	0.299530	0.072147
512	9550	364	4832	58754	0.224129	0.399353	0.224129
512	9550	365	5363	26177	0.099857	0.357155	0.099857
512	9550	366	5883	14410	0.054970	0.298233	0.054970
512	9550	367	6093	20470	0.078087	0.297504	0.078087
512	9550	368	5313	30069	0.114704	0.352226	0.114704
512	9550	369	4811	65789	0.250965	0.396519	0.030972
512	9550	370	5437	21071	0.080379	0.299286	0.080379
512	9550	371	5253	16208	0.061829	0.329247	0.061829
512	9550	372	5613	18532	0.070694	0.336891	0.070694
512	9550	373	5970	28706	0.109505	0.309818	0.109505
512	9550	374	5423	51826	0.197701	0.400444	0.197701
512	9550	375	4548	72001	0.274662	0.458755	0.053768
512	9550	376	5818	10097	0.038517	0.298027	0.038517
512	9550	377	5799	21487	0.081966	0.321117	0.081966
512	9550	378	5606	15114	0.057655	0.324558	0.057655
512	9550	379	5614	19230	0.073357	0.328934	0.073357
512	9550	380	5664	18500	0.070572	0.332684	0.070572
512	9550	381	5505	24746	0.094398	0.341633	0.094398
512	9550	382	4369	58520	0.223236	0.408283	0.223236
512	9550	383	5657	22456	0.085663	0.346584	0.085663
512	9550	384	4985	64962	0.247810	0.412933	0.247810
512	9550	385	5411	34755	0.132580	0.357155	0.132580
512	9550	386	5247	23301	0.088886	0.351681	0.088886
512	9550	387	5878	16367	0.062435	0.345165	0.062435
512	9550	388	6285	15510	0.059166	0.328381	0.059166
512	9550	389	5729	15106	0.057625	0.356125	0.057625
512	9550	390	5525	27848	0.106232	0.339043	0.106232
512	9550	391	5639	30943	0.118038	0.361115	0.118038
512	9550	392	6111	12411	0.047344	0.279938	0.047344
512	9550	393	5567	17690	0.067482	0.332592	0.067482
512	9550	394	4840	64371	0.245556	0.361420	0.245556
512	9550	395	5567	24057	0.091770	0.291370	0.091770
512	9550	396	6567	10078	0.038445	0.262535	0.038445
512	9550	397	5748	14454	0.055138	0.321152	0.055138
512	9550	398	5980	18424	0.070282	0.268547	0.070282
512	9550	399	5106	47326	0.180534	0.387482	0.180534
512	9550	400	5353	24574	0.093742	0.321518	0.093742
512	9550	401	5527	32477	0.123890	0.346359	0.123890
512	9550	402	6125	13029	0.049702	0.330288	0.049702
512	9550	403	5914	15674	0.059792	0.304089	0.059792
512	9550	404	5615	15211	0.058025	0.318398	0.058025
512	9550	405	4906	35237	0.134418	0.412083	0.134418
512	9550	406	5034	41030	0.156517	0.412983	0.156517
512	9550	407	6528	6938	0.026466	0.262806	0.026466
512	9550	408	5961	14744	0.056244	0.292580	0.056244
512	9550	409	5484	12597	0.048054	0.327518	0.048054
512	9550	410	5801	11441	0.043644	0.268444	0.043644
512	9550	411	5914	8447	0.032223	0.306328	0.032223
512	9550	412	5603	41837	0.159595	0.330196	0.159595
512	9550	413	5001	32947	0.125683	0.391457	0.125683
512	9550	414	5652	30273	0.115482	0.362526	0.115482
512	9550	415	5860	19369	0.073887	0.343647	0.073887
512	9550	416	5458	23303	0.088894	0.313488	0.088894
512	9550	417	6205	16418	0.062630	0.310616	0.062630
512	9550	418	5859	23533	0.089771	0.316383	0.089771
512	9550	419	5569	31284	0.119339	0.325802	0.119339
512	9550	420	6050	16080	0.061340	0.302837	0.061340
512	9550	421	5844	14512	0.055359	0.333195	0.055359
512	9550	422	5182	51384	0.196014	0.379807	0.196014
512	9550	423	5830	33443	0.127575	0.332912	0.127575
512	9550	424	5944	22039	0.084072	0.326954	0.084072
512	9550	425	5620	18486	0.070518	0.318504	0.070518
512	9550	426	5722	14220	0.054245	0.312130	0.054245
512	9550	427	6265	8753	0.033390	0.265697	0.033390
512	9550	428	4969	53731	0.204967	0.359329	0.204967
512	9550	429	5351	25592	0.097626	0.351719	0.097626
512	9550	430	5141	37149	0.141712	0.353245	0.141712
512	9550	431	6106	11158	0.042564	0.320087	0.042564
512	9550	432	6319	9587	0.036572	0.268566	0.036572
512	9550	433	6049	32939	0.125652	0.316631	0.125652
512	9550	434	5802	14083	0.053722	0.339722	0.053722
512	9550	435	5535	38583	0.147182	0.327690	0.147182
512	9550	436	5626	23145	0.088291	0.323975	0.088291
512	9550	437	6365	7844	0.029922	0.265686	0.029922
512	9550	438	5808	19141	0.073017	0.360451	0.073017
512	9550	439	5622	26989	0.102955	0.319916	0.102955
512	9550	440	5185	15849	0.060459	0.376427	0.060459
512	9550	441	5385	23329	0.088993	0.342693	0.088993
512	9550	442	5428	27954	0.106636	0.343498	0.106636
512	9550	443	5279	52464	0.200134	0.357277	0.018566
512	9550	444	5740	38007	0.144985	0.345833	0.144985
512	9550	445	5480	32385	0.123539	0.353779	0.123539
512	9550	446	5799	24386	0.093025	0.322598	0.093025
512	9550	447	6371	8545	0.032597	0.278320	0.032597
512	9550	448	5598	18795	0.071697	0.311981	0.071697
512	9550	449	6155	9712	0.037048	0.275299	0.037048
512	9550	450	5708	30686	0.117058	0.330326	0.117058
512	9550	451	6125	12567	0.047939	0.307137	0.047939
512	9550	452	4678	65124	0.248428	0.419582	0.248428
512	9550	453	6237	12613	0.048115	0.286945	0.048115
512	9550	454	6239	25207	0.096157	0.335976	0.096157
512	9550	455	5220	28374	0.108238	0.342503	0.108238
512	9550	456	5884	29870	0.113945	0.320019	0.113945
512	9550	457	5414	37487	0.143002	0.361652	0.143002
512	9550	458	5706	23180	0.088425	0.364204	0.088425
512	9550	459	5623	23218	0.088570	0.327095	0.088570
512	9550	460	5576	17826	0.068001	0.345795	0.068001
512	9550	461	5659	14602	0.055702	0.336845	0.055702
512	9550	462	5529	17294	0.065971	0.324669	0.065971
512	9550	463	5185	40050	0.152779	0.376640	0.152779
512	9550	464	5737	11617	0.044315	0.348297	0.044315
512	9550	465	5426	32118	0.122520	0.350643	0.122520
512	9550	466	5813	15576	0.059418	0.308350	0.059418
512	9550	467	5698	30478	0.116264	0.315865	0.116264
512	9550	468	6076	9222	0.035179	0.293568	0.035179
512	9550	469	5305	30350	0.115776	0.380596	0.115776
512	9550	470	5903	14440	0.055084	0.324230	0.055084
512	9550	471	5418	26571	0.101360	0.325756	0.101360
512	9550	472	5987	12533	0.047810	0.306149	0.047810
512	9550	473	5896	20503	0.078213	0.305885	0.078213
512	9550	474	5888	28735	0.109615	0.356247	0.109615
512	9550	475	5662	22249	0.084873	0.360416	0.084873
512	9550	476	5482	16598	0.063316	0.326054	0.063316
512	9550	477	5551	23425	0.089359	0.326862	0.089359
512	9550	478	5331	43026	0.164131	0.361141	0.164131
512	9550	479	5811	24656	0.094055	0.304909	0.094055
512	9550	480	5297	38938	0.148537	0.358150	0.148537
512	9550	481	4950	47385	0.180759	0.374886	0.180759
512	9550	482	5781	21331	0.081371	0.301105	0.081371
512	9550	483	5375	20590	0.078545	0.327866	0.078545
512	9550	484	5823	21578	0.082314	0.334446	0.082314
512	9550	485	5751	19878	0.075829	0.308720	0.075829
512	9550	486	5847	8979	0.034252	0.298298	0.034252
512	9550	487	5707	36134	0.137840	0.365978	0.048893
512	9550	488	5505	26270	0.100212	0.319157	0.100212
512	9550	489	5349	25774	0.098320	0.381676	0.098320
512	9550	490	5608	29976	0.114349	0.361248	0.114349
512	9550	491	5157	25896	0.098785	0.340530	0.098785
512	9550	492	5222	59726	0.227837	0.385883	0.227837
512	9550	493	6284	6617	0.025242	0.265007	0.025242
512	9550	494	5726	18714	0.071388	0.351295	0.071388
512	9550	495	4696	36034	0.137459	0.391373	0.137459
512	9550	496	5498	21717	0.082844	0.342800	0.082844
512	9550	497	6128	11217	0.042789	0.270668	0.042789
512	9550	498	5226	35755	0.136395	0.338303	0.136395
512	9550	499	5900	38807	0.148037	0.350956	0.148037
512	9550	500	6128	11207	0.042751	0.273773	0.042751
512	9550	501	6112	8093	0.030872	0.270256	0.030872
512	9550	502	5925	13626	0.051979	0.276112	0.051979
512	9550	503	5317	21245	0.081043	0.349575	0.081043
512	9550	504	5502	30600	0.116730	0.327190	0.116730
512	9550	505	6296	12565	0.047932	0.303143	0.047932
512	9550	506	5675	27661	0.105518	0.336124	0.105518
512	9550	507	6541	12865	0.049076	0.276802	0.049076
512	9550	508	5377	18092	0.069016	0.357540	0.069016
512	9550	509	5783	19034	0.072609	0.324482	0.072609
512	9550	510	5431	41319	0.157619	0.366993	0.157619
512	9550	511	5987	9351	0.035671	0.311028	0.035671
512	9550	512	6258	21193	0.080845	0.331028	0.080845
512	9550	513	5933	18258	0.069649	0.282341	0.069649
512	9550	514	5226	26719	0.101925	0.366573	0.101925
512	9550	515	5648	12425	0.047398	0.313499	0.047398
512	9550	516	5891	17241	0.065769	0.317539	0.065769
512	9550	517	5272	21795	0.083141	0.340393	0.083141
512	9550	518	6068	22800	0.086975	0.319801	0.086975
512	9550	519	5617	10711	0.040859	0.305237	0.040859
512	9550	520	4575	51624	0.196930	0.427277	0.196930
512	9550	521	5189	28367	0.108212	0.362156	0.108212
512	9550	522	5242	40703	0.155270	0.379711	0.155270
512	9550	523	5661	27030	0.103111	0.356350	0.103111
512	9550	524	5088	30692	0.117081	0.383198	0.117081
512	9550	525	5755	19244	0.073410	0.311810	0.073410
512	9550	526	5359	15370	0.058632	0.361530	0.058632
512	9550	527	5722	12376	0.047211	0.333424	0.047211
512	9550	528	5565	23298	0.088875	0.350132	0.088875
512	9550	529	5713	27026	0.103096	0.345482	0.103096
512	9550	530	5542	33718	0.128624	0.366951	0.128624
512	9550	531	5629	16293	0.062153	0.274498	0.062153
512	9550	532	5544	23638	0.090172	0.346535	0.090172
512	9550	533	5490	22399	0.085445	0.337505	0.085445
512	9550	534	5949	24251	0.092510	0.328327	0.092510
512	9550	535	5931	14087	0.053738	0.325287	0.053738
512	9550	536	5902	20516	0.078262	0.313435	0.078262
512	9550	537	5038	23060	0.087967	0.370441	0.087967
512	9550	538	5575	18424	0.070282	0.336239	0.070282
512	9550	539	6160	14661	0.055927	0.317272	0.055927
512	9550	540	5430	31730	0.121040	0.355289	0.121040
512	9550	541	4928	58236	0.222153	0.407967	0.222153
512	9550	542	5901	8996	0.034317	0.306587	0.034317
512	9550	543	5403	12838	0.048973	0.356869	0.048973
512	9550	544	5864	17265	0.065861	0.284645	0.065861
512	9550	545	5614	12215	0.046597	0.340305	0.046597
512	9550	546	5537	40601	0.154881	0.323589	0.154881
512	9550	547	5749	23521	0.089725	0.315269	0.089725
512	9550	548	5303	55536	0.211853	0.370533	0.211853
512	9550	549	5396	26113	0.099613	0.336578	0.099613
512	9550	550	4858	69889	0.266605	0.408108	0.009266
512	9550	551	5649	15265	0.058231	0.330894	0.058231
512	9550	552	5919	17343	0.066158	0.304180	0.066158
512	9550	553	5254	22892	0.087326	0.358479	0.087326
512	9550	554	5813	26341	0.100483	0.343433	0.100483
512	9550	555	5701	18153	0.069248	0.281498	0.069248
512	9550	556	5261	19095	0.072842	0.365055	0.072842
512	9550	557	4956	27452	0.104721	0.391968	0.104721
512	9550	558	5438	47302	0.180443	0.400341	0.180443
512	9550	559	6143	13969	0.053288	0.299694	0.053288
512	9550	560	6050	11562	0.044106	0.305420	0.044106
512	9550	561	6040	8127	0.031002	0.271049	0.031002
512	9550	562	5906	22421	0.085529	0.324505	0.085529
512	9550	563	5173	48826	0.186256	0.373661	0.186256
512	9550	564	4953	33922	0.129402	0.416969	0.129402
512	9550	565	5434	37991	0.144924	0.348976	0.144924
512	9550	566	5900	12730	0.048561	0.322247	0.048561
512	9550	567	5263	23180	0.088425	0.338543	0.088425
512	9550	568	5119	38144	0.145508	0.338917	0.145508
512	9550	569	5562	19487	0.074337	0.323448	0.074337
512	9550	570	5736	15912	0.060699	0.336922	0.060699
512	9550	571	5781	14412	0.054977	0.323002	0.054977
512	9550	572	5302	37808	0.144226	0.364517	0.144226
512	9550	573	5573	16533	0.063068	0.343342	0.063068
512	9550	574	5906	15322	0.058449	0.337524	0.058449
512	9550	575	6274	15638	0.059654	0.303905	0.059654
512	9550	576	5884	27831	0.106167	0.342182	0.106167
512	9550	577	6585	8700	0.033188	0.266216	0.033188
512	9550	578	6074	23486	0.089592	0.289021	0.089592
512	9550	579	5470	17710	0.067558	0.351440	0.067558
512	9550	580	4919	40367	0.153988	0.396034	0.153988
512	9550	581	6316	23001	0.087742	0.297523	0.087742
512	9550	582	5973	23195	0.088482	0.313492	0.088482
512	9550	583	6051	20768	0.079224	0.345470	0.079224
512	9550	584	5210	24798	0.094597	0.347145	0.094597
512	9550	585	4871	30846	0.117668	0.391445	0.117668
512	9550	586	5822	13997	0.053394	0.325642	0.053394
512	9550	587	5790	34054	0.129906	0.348560	0.129906
512	9550	588	5452	13678	0.052177	0.360455	0.052177
512	9550	589	6457	8889	0.033909	0.290394	0.033909
512	9550	590	5494	24864	0.094849	0.369999	0.094849
512	9550	591	5903	8740	0.033340	0.287518	0.033340
512	9550	592	5803	12763	0.048687	0.317764	0.048687
512	9550	593	6389	17580	0.067062	0.293365	0.067062
512	9550	594	6113	10100	0.038528	0.280220	0.038528
512	9550	595	6078	15287	0.058315	0.333675	0.058315
512	9550	596	5370	32733	0.124866	0.364033	0.124866
512	9550	597	5572	15818	0.060341	0.324787	0.060341
512	9550	598	5210	15776	0.060181	0.324986	0.060181
512	9550	599	5543	28451	0.108532	0.353054	0.108532
512	9550	600	5344	56164	0.214249	0.389774	0.214249
512	9550	601	5882	14575	0.055599	0.288548	0.055599
512	9550	602	4897	42469	0.162006	0.364838	0.162006
512	9550	603	5618	35424	0.135132	0.334229	0.135132
512	9550	604	5705	16767	0.063961	0.309761	0.063961
512	9550	605	6603	8566	0.032677	0.281982	0.032677
512	9550	606	5232	28756	0.109695	0.315884	0.109695
512	9550	607	5242	49647	0.189388	0.404465	0.189388
512	9550	608	5328	15946	0.060829	0.334988	0.060829
512	9550	609	5615	13183	0.050289	0.332062	0.050289
512	9550	610	5407	17692	0.067490	0.325382	0.067490
512	9550	611	5462	30136	0.114960	0.339481	0.114960
512	9550	612	5324	41110	0.156822	0.336094	0.156822
512	9550	613	6194	14230	0.054283	0.290577	0.054283
512	9550	614	5715	24376	0.092987	0.333202	0.092987
512	9550	615	5102	48813	0.186207	0.389565	0.186207
512	9550	616	5377	27407	0.104549	0.310673	0.104549
512	9550	617	5881	11875	0.045300	0.307293	0.045300
512	9550	618	5885	15835	0.060406	0.355358	0.060406
512	9550	619	4957	29673	0.113194	0.331268	0.113194
512	9550	620	5912	8061	0.030750	0.290112	0.030750
512	9550	621	6263	13870	0.052910	0.312145	0.052910
512	9550	622	5070	24473	0.093357	0.408108	0.093357
512	9550	623	5895	32695	0.124722	0.321358	0.124722
512	9550	624	5966	15331	0.058483	0.294655	0.058483
512	9550	625	6673	10563	0.040295	0.296246	0.040295
512	9550	626	6172	28561	0.108952	0.302452	0.108952
512	9550	627	6296	7421	0.028309	0.264076	0.028309
512	9550	628	5412	24235	0.092449	0.337902	0.092449
512	9550	629	5338	64885	0.247517	0.405624	0.021641
512	9550	630	5156	38238	0.145866	0.383698	0.145866
512	9550	631	5900	13521	0.051579	0.303528	0.051579
512	9550	632	5664	29885	0.114002	0.341255	0.114002
512	9550	633	5706	27825	0.106144	0.317970	0.042393
512	9550	634	5085	35883	0.136883	0.373940	0.136883
512	9550	635	6062	20128	0.076782	0.291706	0.076782
512	9550	636	6082	24671	0.094112	0.302391	0.094112
512	9550	637	5618	42708	0.162918	0.348469	0.162918
512	9550	638	5404	21634	0.082527	0.270584	0.082527
512	9550	639	5947	16053	0.061237	0.291920	0.061237
512	9550	640	5530	23117	0.088184	0.345337	0.088184
512	9550	641	5342	50647	0.193203	0.372890	0.193203
512	9550	642	5978	9918	0.037834	0.264576	0.037834
512	9550	643	5365	18092	0.069016	0.353516	0.069016
512	9550	644	5450	41015	0.156460	0.345711	0.156460
512	9550	645	5755	14646	0.055870	0.319740	0.055870
512	9550	646	6142	11972	0.045670	0.285946	0.045670
512	9550	647	5274	36832	0.140503	0.389565	0.140503
512	9550	648	5540	28346	0.108131	0.307629	0.108131
512	9550	649	4599	47104	0.179688	0.413143	0.179688
512	9550	650	5946	17173	0.065510	0.285019	0.065510
512	9550	651	5425	29517	0.112598	0.383453	0.112598
512	9550	652	4846	27761	0.105900	0.389977	0.105900
512	9550	653	5888	17820	0.067978	0.334106	0.067978
512	9550	654	5193	22165	0.084553	0.389072	0.084553
512	9550	655	5692	24129	0.092045	0.329491	0.092045
512	9550	656	5445	19217	0.073307	0.354507	0.073307
512	9550	657	6169	7125	0.027180	0.269272	0.027180
512	9550	658	5231	21310	0.081291	0.347942	0.081291
512	9550	659	5859	10319	0.039364	0.307365	0.039364
512	9550	660	5133	26522	0.101173	0.368851	0.101173
512	9550	661	5000	44534	0.169884	0.392296	0.169884
512	9550	662	5545	33299	0.127026	0.308083	0.127026
512	9550	663	5087	45799	0.174709	0.382595	0.061623
512	9550	664	6010	10579	0.040356	0.273327	0.040356
512	9550	665	6104	21368	0.081512	0.313545	0.081512
512	9550	666	5977	11560	0.044098	0.286922	0.044098
512	9550	667	6327	10727	0.040920	0.267693	0.040920
512	9550	668	5334	30598	0.116722	0.355728	0.116722
512	9550	669	5769	11895	0.045376	0.305347	0.045376
512	9550	670	5617	26881	0.102543	0.334133	0.102543
512	9550	671	5125	55906	0.213264	0.389767	0.213264
512	9550	672	5738	24518	0.093529	0.311489	0.093529
512	9550	673	5480	46029	0.175587	0.331779	0.175587
512	9550	674	5440	17732	0.067642	0.353344	0.067642
512	9550	675	5398	16238	0.061943	0.359657	0.061943
512	9550	676	5664	30902	0.117882	0.352119	0.117882
512	9550	677	4763	19400	0.074005	0.387203	0.074005
512	9550	678	5947	10547	0.040234	0.288395	0.040234
512	9550	679	6118	16875	0.064373	0.306316	0.064373
512	9550	680	4599	78259	0.298534	0.400990	0.005177
512	9550	681	6346	14027	0.053509	0.296543	0.053509
512	9550	682	6088	21969	0.083805	0.330860	0.083805
512	9550	683	5525	17987	0.068615	0.302185	0.068615
512	9550	684	6403	15330	0.058479	0.308277	0.058479
512	9550	685	5919	23747	0.090588	0.318432	0.090588
512	9550	686	5722	26986	0.102943	0.336346	0.102943
512	9550	687	4997	59860	0.228348	0.346687	0.228348
512	9550	688	6146	25237	0.096272	0.293598	0.096272
512	9550	689	6061	13411	0.051159	0.312000	0.051159
512	9550	690	4792	25267	0.096386	0.388069	0.096386
512	9550	691	5378	29894	0.114037	0.343208	0.114037
512	9550	692	5588	25133	0.095875	0.335468	0.095875
512	9550	693	6058	24628	0.093948	0.332764	0.093948
512	9550	694	5932	18168	0.069305	0.316666	0.069305
512	9550	695	5350	48324	0.184341	0.356251	0.184341
512	9550	696	5599	34658	0.132210	0.372173	0.132210
512	9550	697	5476	36832	0.140503	0.348186	0.140503
512	9550	698	6169	7321	0.027927	0.307732	0.027927
512	9550	699	5011	55178	0.210487	0.359947	0.210487
512	9550	700	5806	30483	0.116283	0.329464	0.116283
512	9550	701	6347	17604	0.067154	0.301262	0.067154
512	9550	702	5857	9231	0.035213	0.314320	0.035213
512	9550	703	6051	18374	0.070091	0.278900	0.070091
512	9550	704	5843	9852	0.037582	0.299873	0.037582
512	9550	705	5140	31358	0.119621	0.346008	0.119621
512	9550	706	5621	20959	0.079952	0.333916	0.079952
512	9550	707	5728	21509	0.082050	0.313110	0.082050
512	9550	708	5925	13013	0.049641	0.290791	0.049641
512	9550	709	6397	15797	0.060261	0.267010	0.060261
512	9550	710	5402	19285	0.073566	0.338268	0.073566
512	9550	711	5777	16848	0.064270	0.312885	0.064270
512	9550	712	5662	18866	0.071968	0.340607	0.071968
512	9550	713	5665	20091	0.076641	0.350937	0.076641
512	9550	714	5837	15745	0.060062	0.324249	0.060062
512	9550	715	5797	28948	0.110428	0.336796	0.110428
512	9550	716	5210	52707	0.201061	0.364838	0.201061
512	9550	717	5678	23147	0.088299	0.325443	0.088299
512	9550	718	5139	33448	0.127594	0.407230	0.127594
512	9550	719	5470	28142	0.107353	0.365543	0.107353
512	9550	720	5567	15615	0.059566	0.325191	0.059566
512	9550	721	5317	32293	0.123188	0.341358	0.123188
512	9550	722	5405	28875	0.110149	0.346367	0.110149
512	9550	723	6234	19223	0.073330	0.306431	0.073330
512	9550	724	5860	15949	0.060841	0.302120	0.060841
512	9550	725	5403	32435	0.123730	0.375252	0.123730
512	9550	726	5521	31167	0.118893	0.347141	0.118893
512	9550	727	5603	21259	0.081097	0.317192	0.081097
512	9550	728	6050	29398	0.112144	0.335861	0.112144
512	9550	729	5527	18688	0.071289	0.304966	0.071289
512	9550	730	5931	16336	0.062317	0.307724	0.062317
512	9550	731	5872	33280	0.126953	0.303913	0.126953
512	9550	732	4776	71279	0.271908	0.415665	0.016422
512	9550	733	5487	21121	0.080570	0.337589	0.080570
512	9550	734	6454	11415	0.043545	0.275810	0.043545
512	9550	735	5119	55129	0.210300	0.385101	0.019222
512	9550	736	5767	17319	0.066067	0.360695	0.066067
512	9550	737	6087	12255	0.046749	0.313770	0.046749
512	9550	738	5035	58826	0.224403	0.412621	0.034538
512	9550	739	5716	31296	0.119385	0.372631	0.119385
512	9550	740	5464	29845	0.113850	0.350536	0.113850
512	9550	741	5784	13722	0.052345	0.312317	0.052345
512	9550	742	5258	27322	0.104225	0.348553	0.104225
512	9550	743	5482	20854	0.079552	0.334904	0.079552
512	9550	744	6188	10528	0.040161	0.281853	0.040161
512	9550	745	5421	16265	0.062046	0.346180	0.062046
512	9550	746	5510	18646	0.071129	0.347641	0.071129
512	9550	747	5432	30046	0.114616	0.398861	0.114616
512	9550	748	5269	25060	0.095596	0.398064	0.095596
512	9550	749	5355	34665	0.132236	0.357555	0.132236
512	9550	750	5992	15904	0.060669	0.308681	0.060669
512	9550	751	6136	12612	0.048111	0.300911	0.048111
512	9550	752	6021	15934	0.060783	0.259346	0.060783
512	9550	753	5419	54032	0.206116	0.360775	0.206116
512	9550	754	5129	35497	0.135410	0.382000	0.135410
512	9550	755	6300	16629	0.063435	0.282894	0.063435
512	9550	756	5801	23409	0.089298	0.311085	0.089298
512	9550	757	5354	26810	0.102272	0.365829	0.102272
512	9550	758	5667	13218	0.050423	0.359001	0.050423
512	9550	759	4913	28966	0.110497	0.390011	0.110497
512	9550	760	5654	21252	0.081070	0.326054	0.081070
512	9550	761	5643	27950	0.106621	0.353176	0.106621
512	9550	762	5771	17275	0.065899	0.323414	0.065899
512	9550	763	5925	13506	0.051521	0.303425	0.051521
512	9550	764	5825	13496	0.051483	0.314861	0.051483
512	9550	765	5919	12755	0.048656	0.304581	0.048656
512	9550	766	5382	33073	0.126163	0.359192	0.126163
512	9550	767	5362	34324	0.130936	0.403343	0.130936
512	9550	768	5635	22549	0.086018	0.345425	0.086018
512	9550	769	5776	17640	0.067291	0.270607	0.067291
512	9550	770	5599	18490	0.070534	0.331779	0.070534
512	9550	771	5552	24238	0.092461	0.305271	0.092461
512	9550	772	5886	28803	0.109875	0.323727	0.109875
512	9550	773	5224	22297	0.085056	0.347679	0.085056
512	9550	774	5525	17398	0.066368	0.293591	0.066368
512	9550	775	5037	32626	0.124458	0.396637	0.124458
512	9550	776	6296	10792	0.041168	0.289204	0.041168
512	9550	777	6272	20167	0.076931	0.303852	0.076931
512	9550	778	5752	16049	0.061222	0.269386	0.061222
512	9550	779	5174	28946	0.110420	0.366180	0.110420
512	9550	780	5553	21060	0.080338	0.336987	0.080338
512	9550	781	4185	70632	0.269440	0.470398	0.269440
512	9550	782	4870	35170	0.134163	0.402416	0.134163
512	9550	783	5953	14415	0.054989	0.313969	0.054989
512	9550	784	5610	16826	0.064186	0.335514	0.064186
512	9550	785	5343	22050	0.084114	0.355839	0.084114
512	9550	786	6036	24857	0.094822	0.309006	0.094822
512	9550	787	5592	31002	0.118263	0.333946	0.118263
512	9550	788	5480	28103	0.107204	0.369289	0.107204
512	9550	789	5665	23900	0.091171	0.333012	0.091171
512	9550	790	5892	21272	0.081146	0.279812	0.081146
512	9550	791	5417	32345	0.123386	0.360065	0.123386
512	9550	792	5879	13445	0.051289	0.287262	0.051289
512	9550	793	6659	16225	0.061893	0.278313	0.061893
512	9550	794	6026	11957	0.045612	0.310051	0.045612
512	9550	795	5159	26503	0.101101	0.402225	0.101101
512	9550	796	5905	16183	0.061733	0.324722	0.061733
512	9550	797	5284	39830	0.151939	0.354511	0.151939
512	9550	798	6240	9531	0.036358	0.272339	0.036358
512	9550	799	5680	16815	0.064144	0.312595	0.064144
512	9550	800	5738	26216	0.100006	0.348141	0.100006
512	9550	801	4835	59212	0.225876	0.418064	0.044559
512	9550	802	5845	17238	0.065758	0.303349	0.065758
512	9550	803	5496	39480	0.150604	0.392906	0.150604
512	9550	804	5881	9431	0.035976	0.262753	0.035976
512	9550	805	5684	23921	0.091251	0.365204	0.091251
512	9550	806	5604	15355	0.058575	0.325188	0.058575
512	9550	807	5874	19169	0.073124	0.305248	0.073124
512	9550	808	5280	37967	0.144833	0.362667	0.144833
512	9550	809	4949	35720	0.136261	0.388313	0.136261
512	9550	810	6109	13386	0.051064	0.278103	0.051064
512	9550	811	4940	31397	0.119770	0.368935	0.119770
512	9550	812	5216	37080	0.141449	0.393269	0.141449
512	9550	813	6265	26534	0.101219	0.295670	0.101219
512	9550	814	5412	42519	0.162197	0.391315	0.162197
512	9550	815	5448	36359	0.138699	0.376522	0.138699
512	9550	816	5155	24612	0.093887	0.340652	0.093887
512	9550	817	5974	25065	0.095615	0.294685	0.095615
512	9550	818	5721	26276	0.100235	0.338142	0.100235
512	9550	819	5916	12668	0.048325	0.316425	0.048325
512	9550	820	6332	6950	0.026512	0.295387	0.026512
512	9550	821	5839	13574	0.051781	0.290810	0.051781
512	9550	822	6451	15031	0.057339	0.266796	0.057339
512	9550	823	5316	41825	0.159550	0.356697	0.159550
512	9550	824	5610	22240	0.084839	0.371357	0.084839
512	9550	825	5729	24787	0.094555	0.346859	0.094555
512	9550	826	5881	19876	0.075821	0.287880	0.075821
512	9550	827	5802	28331	0.108074	0.335999	0.108074
512	9550	828	4902	23612	0.090073	0.371769	0.090073
512	9550	829	5445	20637	0.078724	0.347397	0.078724
512	9550	830	5756	15933	0.060780	0.338589	0.060780
512	9550	831	6268	14705	0.056095	0.244205	0.056095
512	9550	832	6373	15118	0.057671	0.284874	0.057671
512	9550	833	6532	8937	0.034092	0.261097	0.034092
512	9550	834	5554	29887	0.114010	0.343250	0.114010
512	9550	835	5324	10572	0.040329	0.314537	0.040329
512	9550	836	4552	36504	0.139252	0.439831	0.139252
512	9550	837	5806	27618	0.105354	0.310879	0.105354
512	9550	838	5801	16723	0.063793	0.319118	0.063793
512	9550	839	5982	14117	0.053852	0.293083	0.053852
512	9550	840	5043	34910	0.133171	0.396748	0.133171
512	9550	841	5844	15388	0.058701	0.274902	0.058701
512	9550	842	5523	28262	0.107811	0.327457	0.107811
512	9550	843	5273	14411	0.054974	0.344101	0.054974
512	9550	844	4971	24461	0.093311	0.359676	0.093311
512	9550	845	5882	13925	0.053120	0.333714	0.053120
512	9550	846	4716	32157	0.122669	0.433685	0.122669
512	9550	847	6174	13119	0.050045	0.280033	0.050045
512	9550	848	5761	29844	0.113846	0.338276	0.113846
512	9550	849	5491	15765	0.060139	0.319897	0.060139
512	9550	850	6507	8208	0.031311	0.252380	0.031311
512	9550	851	5683	14209	0.054203	0.306274	0.054203
512	9550	852	4817	63701	0.243000	0.404037	0.045158
512	9550	853	5787	20578	0.078499	0.341282	0.078499
512	9550	854	5699	25182	0.096062	0.347019	0.096062
512	9550	855	6011	13795	0.052624	0.341633	0.052624
512	9550	856	5145	25154	0.095955	0.363201	0.095955
512	9550	857	6609	10708	0.040848	0.284199	0.040848
512	9550	858	5542	12895	0.049191	0.294865	0.049191
512	9550	859	5556	16955	0.064678	0.366955	0.064678
512	9550	860	6049	14369	0.054813	0.318363	0.054813
512	9550	861	5562	23087	0.088070	0.322582	0.088070
512	9550	862	5741	11873	0.045292	0.277271	0.045292
512	9550	863	5472	18500	0.070572	0.348701	0.070572
512	9550	864	6520	4144	0.015808	0.205757	0.015808
512	9550	865	5387	45484	0.173508	0.392235	0.173508
512	9550	866	5248	18314	0.069862	0.354488	0.069862
512	9550	867	5455	23502	0.089653	0.357605	0.089653
512	9550	868	5751	23082	0.088051	0.312576	0.088051
512	9550	869	5701	25582	0.097588	0.310799	0.097588
512	9550	870	5873	36356	0.138687	0.326927	0.138687
512	9550	871	5888	13823	0.052731	0.307068	0.052731
512	9550	872	5186	12703	0.048458	0.378151	0.048458
512	9550	873	5631	19224	0.073334	0.369404	0.073334
512	9550	874	5778	15919	0.060726	0.313869	0.060726
512	9550	875	5984	11504	0.043884	0.287334	0.043884
512	9550	876	5911	18012	0.068710	0.296307	0.068710
512	9550	877	5370	46993	0.179264	0.347031	0.179264
512	9550	878	5577	33510	0.127831	0.341080	0.127831
512	9550	879	5631	16122	0.061501	0.320408	0.061501
512	9550	880	5365	19948	0.076096	0.352177	0.076096
512	9550	881	5877	17860	0.068130	0.372437	0.068130
512	9550	882	5676	19659	0.074993	0.334839	0.074993
512	9550	883	5399	35107	0.133923	0.335148	0.133923
512	9550	884	6300	17949	0.068470	0.310158	0.068470
512	9550	885	6039	8585	0.032749	0.278522	0.032749
512	9550	886	6060	7455	0.028439	0.273273	0.028439
512	9550	887	6191	7985	0.030460	0.262688	0.030460
512	9550	888	5948	12851	0.049023	0.336697	0.049023
512	9550	889	6105	6828	0.026047	0.240990	0.026047
512	9550	890	5456	27985	0.106754	0.347038	0.106754
512	9550	891	5887	10472	0.039948	0.301273	0.039948
512	9550	892	5573	22196	0.084671	0.365570	0.084671
512	9550	893	5389	23506	0.089668	0.361919	0.089668
512	9550	894	5747	11461	0.043720	0.330196	0.043720
512	9550	895	5294	14662	0.055931	0.334839	0.055931
512	9550	896	5929	13647	0.052059	0.333439	0.052059
512	9550	897	5280	20417	0.077885	0.392410	0.077885
512	9550	898	5547	23638	0.090172	0.357784	0.090172
512	9550	899	5941	14157	0.054005	0.313919	0.054005
512	9550	900	5400	29572	0.112808	0.331577	0.112808
512	9550	901	5617	27119	0.103451	0.321220	0.103451
512	9550	902	5946	16540	0.063095	0.272030	0.063095
512	9550	903	5377	27368	0.104401	0.361645	0.104401
512	9550	904	5815	13198	0.050346	0.307503	0.050346
512	9550	905	5809	24220	0.092392	0.316330	0.092392
512	9550	906	6731	5958	0.022728	0.235153	0.022728
512	9550	907	6263	7418	0.028297	0.277603	0.028297
512	9550	908	5851	13808	0.052673	0.300564	0.052673
512	9550	909	6372	10605	0.040455	0.284145	0.040455
512	9550	910	4642	34751	0.132565	0.383743	0.132565
512	9550	911	5705	19793	0.075504	0.352661	0.075504
512	9550	912	5125	21510	0.082054	0.355404	0.082054
512	9550	913	5775	11692	0.044601	0.308250	0.044601
512	9550	914	5624	23335	0.089016	0.348202	0.089016
512	9550	915	5320	21661	0.082630	0.360600	0.082630
512	9550	916	6249	13327	0.050838	0.286346	0.050838
512	9550	917	5839	15852	0.060471	0.293331	0.060471
512	9550	918	6439	14773	0.056355	0.304474	0.056355
512	9550	919	5712	14008	0.053436	0.317677	0.053436
512	9550	920	5690	20819	0.079418	0.341633	0.079418
512	9550	921	5542	32214	0.122887	0.362766	0.029507
512	9550	922	5726	18974	0.072380	0.345806	0.072380
512	9550	923	4959	37787	0.144146	0.404186	0.144146
512	9550	924	5241	15031	0.057339	0.348629	0.057339
512	9550	925	5105	51106	0.194954	0.393333	0.194954
512	9550	926	5517	19837	0.075672	0.351570	0.075672
512	9550	927	6204	14936	0.056976	0.286404	0.056976
512	9550	928	5060	50725	0.193501	0.407379	0.193501
512	9550	929	5718	13679	0.052181	0.308277	0.052181
512	9550	930	5520	22350	0.085258	0.358696	0.085258
512	9550	931	6030	21022	0.080193	0.290161	0.080193
512	9550	932	5181	51861	0.197834	0.376671	0.197834
512	9550	933	5885	15436	0.058884	0.314159	0.058884
512	9550	934	5893	22602	0.086220	0.365715	0.086220
512	9550	935	5221	25331	0.096630	0.370243	0.096630
512	9550	936	5464	42030	0.160332	0.359486	0.030972
512	9550	937	5822	20302	0.077446	0.272709	0.077446
512	9550	938	5498	29654	0.113121	0.345188	0.113121
512	9550	939	5028	37933	0.144703	0.361511	0.144703
512	9550	940	6339	6148	0.023453	0.296921	0.023453
512	9550	941	5662	29943	0.114223	0.308979	0.114223
512	9550	942	5863	13240	0.050507	0.313114	0.050507
512	9550	943	5779	17169	0.065495	0.303848	0.065495
512	9550	944	5204	18178	0.069344	0.365639	0.069344
512	9550	945	5082	19964	0.076157	0.383057	0.076157
512	9550	946	4884	62654	0.239006	0.380699	0.027031
512	9550	947	6347	13423	0.051205	0.303429	0.051205
512	9550	948	6361	8790	0.033531	0.318897	0.033531
512	9550	949	5925	24522	0.093544	0.328545	0.093544
512	9550	950	5685	16712	0.063751	0.281181	0.063751
512	9550	951	5818	15895	0.060635	0.353931	0.060635
512	9550	952	5671	20499	0.078197	0.355503	0.078197
512	9550	953	6211	9555	0.036449	0.299877	0.036449
512	9550	954	6543	6468	0.024673	0.262821	0.024673
512	9550	955	5766	12990	0.049553	0.310234	0.049553
512	9550	956	6067	14745	0.056248	0.302917	0.056248
512	9550	957	5044	53657	0.204685	0.394215	0.204685
512	9550	958	6285	17658	0.067360	0.302883	0.067360
512	9550	959	6117	14897	0.056828	0.322399	0.056828
512	9550	960	6415	8932	0.034073	0.259644	0.034073
512	9550	961	5447	17389	0.066334	0.387619	0.066334
512	9550	962	5741	14688	0.056030	0.292934	0.056030
512	9550	963	4865	28749	0.109669	0.410263	0.109669
512	9550	964	5906	10079	0.038448	0.311520	0.038448
512	9550	965	5642	23444	0.089432	0.330917	0.089432
512	9550	966	6049	17541	0.066914	0.313583	0.066914
512	9550	967	6001	12492	0.047653	0.304226	0.047653
512	9550	968	5768	21205	0.080891	0.339291	0.080891
512	9550	969	5742	15368	0.058624	0.346794	0.058624
512	9550	970	5942	7038	0.026848	0.267998	0.026848
512	9550	971	6196	6710	0.025597	0.267441	0.025597
512	9550	972	5719	33183	0.126583	0.341244	0.126583
512	9550	973	5498	14149	0.053974	0.336815	0.053974
512	9550	974	5205	20293	0.077412	0.384388	0.077412
512	9550	975	5341	42885	0.163593	0.367397	0.163593
512	9550	976	5667	16648	0.063507	0.317043	0.063507
512	9550	977	5975	17284	0.065933	0.286839	0.065933
512	9550	978	5246	29746	0.113472	0.363686	0.113472
512	9550	979	5132	27674	0.105568	0.372704	0.105568
512	9550	980	5739	17634	0.067268	0.311974	0.067268
512	9550	981	5894	18146	0.069221	0.312408	0.069221
512	9550	982	5621	14688	0.056030	0.303947	0.056030
512	9550	983	4750	55047	0.209988	0.392437	0.209988
512	9550	984	6230	8252	0.031479	0.300648	0.031479
512	9550	985	5695	11017	0.042027	0.329418	0.042027
512	9550	986	5511	15931	0.060772	0.309212	0.060772
512	9550	987	5767	12756	0.048660	0.326626	0.048660
512	9550	988	5249	22795	0.086956	0.333309	0.086956
512	9550	989	4969	32747	0.124920	0.396687	0.124920
512	9550	990	6381	9786	0.037331	0.279133	0.037331
512	9550	991	5550	16620	0.063400	0.344772	0.063400
512	9550	992	5592	23303	0.088894	0.344463	0.088894
512	9550	993	5533	22029	0.084034	0.321362	0.084034
512	9550	994	5947	21467	0.081890	0.340408	0.081890
512	9550	995	5845	12255	0.046749	0.296715	0.046749
512	9550	996	4865	40027	0.152691	0.423332	0.152691
512	9550	997	6431	6299	0.024029	0.252071	0.024029
512	9550	998	6387	20290	0.077400	0.298870	0.077400
512	9550	999	5774	15561	0.059361	0.309204	0.059361
512	9550	1000	6180	13467	0.051373	0.284111	0.051373
