512	9350	2	605	1129	0.004307	0.015289	0.004307
512	9350	3	574	8294	0.031639	0.041637	0.031639
512	9350	4	362	154	0.000587	0.007133	0.000587
512	9350	5	373	346	0.001320	0.007767	0.001320
512	9350	6	384	1593	0.006077	0.011589	0.006077
512	9350	7	400	4316	0.016464	0.022308	0.016464
512	9350	8	481	4608	0.017578	0.024975	0.017578
512	9350	9	127	19	0.000072	0.001534	0.000072
512	9350	10	279	1836	0.007004	0.011723	0.007004
512	9350	11	551	4914	0.018745	0.029369	0.018745
512	9350	12	358	224	0.000854	0.006981	0.000854
512	9350	13	435	142	0.000542	0.006687	0.000542
512	9350	14	409	1777	0.006779	0.013512	0.006779
512	9350	15	289	1659	0.006329	0.011356	0.006329
512	9350	16	324	3017	0.011509	0.016693	0.011509
512	9350	17	221	17	0.000065	0.002728	0.000065
512	9350	18	347	2673	0.010197	0.014992	0.010197
512	9350	19	542	2454	0.009361	0.023552	0.009361
512	9350	20	431	6043	0.023052	0.029434	0.023052
512	9350	21	510	3081	0.011753	0.028553	0.011753
512	9350	22	339	1883	0.007183	0.012691	0.007183
512	9350	23	288	140	0.000534	0.004955	0.000534
512	9350	24	702	5550	0.021172	0.054836	0.021172
512	9350	25	204	41	0.000156	0.002918	0.000156
512	9350	26	459	4962	0.018929	0.028847	0.018929
512	9350	27	632	765	0.002918	0.014374	0.002918
512	9350	28	151	21	0.000080	0.001968	0.000080
512	9350	29	286	22	0.000084	0.003983	0.000084
512	9350	30	504	253	0.000965	0.009087	0.000965
512	9350	31	655	5819	0.022198	0.044716	0.022198
512	9350	32	278	158	0.000603	0.005566	0.000603
512	9350	33	167	21	0.000080	0.002129	0.000080
512	9350	34	500	9090	0.034676	0.053341	0.034676
512	9350	35	577	2253	0.008595	0.021236	0.008595
512	9350	36	458	3795	0.014477	0.028179	0.014477
512	9350	37	330	75	0.000286	0.005230	0.000286
512	9350	38	520	3995	0.015240	0.025764	0.015240
512	9350	39	704	7141	0.027241	0.039116	0.027241
512	9350	40	684	5529	0.021091	0.052765	0.021091
512	9350	41	522	3219	0.012280	0.022980	0.012280
512	9350	42	181	35	0.000134	0.002335	0.000134
512	9350	43	414	5026	0.019173	0.025917	0.019173
512	9350	44	657	5069	0.019337	0.042370	0.019337
512	9350	45	319	76	0.000290	0.004837	0.000290
512	9350	46	405	4457	0.017002	0.024082	0.017002
512	9350	47	479	7958	0.030357	0.042149	0.030357
512	9350	48	433	150	0.000572	0.007717	0.000572
512	9350	49	554	4078	0.015556	0.030014	0.015556
512	9350	50	299	147	0.000561	0.006207	0.000561
512	9350	51	443	8091	0.030865	0.037193	0.030865
512	9350	52	505	5964	0.022751	0.030087	0.022751
512	9350	53	479	10187	0.038860	0.045944	0.038860
512	9350	54	294	1330	0.005074	0.009888	0.005074
512	9350	55	466	308	0.001175	0.009384	0.001175
512	9350	56	259	595	0.002270	0.007240	0.002270
512	9350	57	675	3520	0.013428	0.037624	0.013428
512	9350	58	435	1633	0.006229	0.016632	0.006229
512	9350	59	577	7157	0.027302	0.036629	0.027302
512	9350	60	325	2087	0.007961	0.012722	0.007961
512	9350	61	680	1867	0.007122	0.028812	0.007122
512	9350	62	151	15	0.000057	0.001987	0.000057
512	9350	63	445	6219	0.023724	0.030220	0.023724
512	9350	64	335	5690	0.021706	0.026806	0.021706
512	9350	65	465	1320	0.005035	0.014183	0.005035
512	9350	66	197	53	0.000202	0.003151	0.000202
512	9350	67	671	2688	0.010254	0.028500	0.010254
512	9350	68	493	6242	0.023811	0.036098	0.023811
512	9350	69	478	646	0.002464	0.010796	0.002464
512	9350	70	281	15	0.000057	0.003361	0.000057
512	9350	71	202	21	0.000080	0.002522	0.000080
512	9350	72	339	4426	0.016884	0.021511	0.016884
512	9350	73	529	2185	0.008335	0.022827	0.008335
512	9350	74	333	1965	0.007496	0.012775	0.007496
512	9350	75	326	1894	0.007225	0.012466	0.007225
512	9350	76	375	1106	0.004219	0.010139	0.004219
512	9350	77	490	707	0.002697	0.012550	0.002697
512	9350	78	451	6467	0.024670	0.032497	0.024670
512	9350	79	139	20	0.000076	0.002071	0.000076
512	9350	80	532	162	0.000618	0.011253	0.000618
512	9350	81	265	1214	0.004631	0.008991	0.004631
512	9350	82	396	15136	0.057739	0.063553	0.057739
512	9350	83	564	2556	0.009750	0.022118	0.009750
512	9350	84	667	4077	0.015553	0.032780	0.015553
512	9350	85	431	67	0.000256	0.007362	0.000256
512	9350	86	579	7501	0.028614	0.041294	0.028614
512	9350	87	655	7425	0.028324	0.060452	0.028324
512	9350	88	164	28	0.000107	0.002026	0.000107
512	9350	89	302	157	0.000599	0.005810	0.000599
512	9350	90	384	33	0.000126	0.005394	0.000126
512	9350	91	572	2329	0.008884	0.017586	0.008884
512	9350	92	338	6086	0.023216	0.028454	0.023216
512	9350	93	298	22	0.000084	0.003895	0.000084
512	9350	94	317	956	0.003647	0.008823	0.003647
512	9350	95	347	42	0.000160	0.005169	0.000160
512	9350	96	559	2070	0.007896	0.020126	0.007896
512	9350	97	278	108	0.000412	0.004284	0.000412
512	9350	98	399	4490	0.017128	0.023392	0.017128
512	9350	99	620	5054	0.019279	0.036999	0.019279
512	9350	100	319	5464	0.020844	0.025707	0.020844
512	9350	101	448	753	0.002872	0.009659	0.002872
512	9350	102	842	2751	0.010494	0.045124	0.010494
512	9350	103	183	20	0.000076	0.001923	0.000076
512	9350	104	597	1978	0.007545	0.022358	0.007545
512	9350	105	475	1711	0.006527	0.014240	0.006527
512	9350	106	619	3729	0.014225	0.040848	0.014225
512	9350	107	549	6409	0.024448	0.038094	0.024448
512	9350	108	684	13897	0.053013	0.090710	0.053013
512	9350	109	358	22	0.000084	0.004227	0.000084
512	9350	110	418	160	0.000610	0.007721	0.000610
512	9350	111	264	30	0.000114	0.003307	0.000114
512	9350	112	233	25	0.000095	0.003059	0.000095
512	9350	113	439	6744	0.025726	0.032360	0.025726
512	9350	114	317	2123	0.008099	0.013229	0.008099
512	9350	115	295	2690	0.010262	0.015141	0.010262
512	9350	116	250	23	0.000088	0.003269	0.000088
512	9350	117	361	1863	0.007107	0.013290	0.007107
512	9350	118	477	433	0.001652	0.010250	0.001652
512	9350	119	788	3706	0.014137	0.035343	0.014137
512	9350	120	374	135	0.000515	0.007374	0.000515
512	9350	121	217	42	0.000160	0.002979	0.000160
512	9350	122	916	6446	0.024590	0.069801	0.024590
512	9350	123	410	123	0.000469	0.006458	0.000469
512	9350	124	519	1652	0.006302	0.015137	0.006302
512	9350	125	203	17	0.000065	0.002613	0.000065
512	9350	126	418	5144	0.019623	0.038925	0.019623
512	9350	127	459	2183	0.008327	0.021942	0.008327
512	9350	128	319	677	0.002583	0.008537	0.002583
512	9350	129	650	9070	0.034599	0.047592	0.034599
512	9350	130	266	1770	0.006752	0.010479	0.006752
512	9350	131	295	1189	0.004536	0.008583	0.004536
512	9350	132	655	6818	0.026009	0.043762	0.026009
512	9350	133	634	8500	0.032425	0.068798	0.032425
512	9350	134	478	3938	0.015022	0.024773	0.015022
512	9350	135	404	77	0.000294	0.006016	0.000294
512	9350	136	364	726	0.002769	0.008266	0.002769
512	9350	137	397	2106	0.008034	0.016079	0.008034
512	9350	138	184	14	0.000053	0.002121	0.000053
512	9350	139	472	3244	0.012375	0.018982	0.012375
512	9350	140	353	67	0.000256	0.006287	0.000256
512	9350	141	460	4720	0.018005	0.037651	0.018005
512	9350	142	500	801	0.003056	0.014038	0.003056
512	9350	143	167	32	0.000122	0.002163	0.000122
512	9350	144	509	1702	0.006493	0.013550	0.006493
512	9350	145	239	70	0.000267	0.004044	0.000267
512	9350	146	502	2756	0.010513	0.022053	0.010513
512	9350	147	292	1191	0.004543	0.009270	0.004543
512	9350	148	555	3353	0.012791	0.022167	0.012791
512	9350	149	410	5112	0.019501	0.025295	0.019501
512	9350	150	380	134	0.000511	0.007240	0.000511
512	9350	151	829	5802	0.022133	0.066673	0.022133
512	9350	152	379	6285	0.023975	0.030441	0.023975
512	9350	153	311	19	0.000072	0.003757	0.000072
512	9350	154	538	6814	0.025993	0.035244	0.025993
512	9350	155	231	19	0.000072	0.003353	0.000072
512	9350	156	456	66	0.000252	0.007145	0.000252
512	9350	157	276	33	0.000126	0.003464	0.000126
512	9350	158	336	316	0.001205	0.007008	0.001205
512	9350	159	405	3785	0.014439	0.030674	0.014439
512	9350	160	375	3493	0.013325	0.018452	0.013325
512	9350	161	259	977	0.003727	0.007824	0.003727
512	9350	162	424	106	0.000404	0.007648	0.000404
512	9350	163	279	205	0.000782	0.005539	0.000782
512	9350	164	106	19	0.000072	0.001595	0.000072
512	9350	165	389	4535	0.017300	0.023300	0.017300
512	9350	166	326	11103	0.042355	0.047424	0.042355
512	9350	167	227	23	0.000088	0.002735	0.000088
512	9350	168	457	102	0.000389	0.008747	0.000389
512	9350	169	319	135	0.000515	0.004841	0.000515
512	9350	170	438	145	0.000553	0.007973	0.000553
512	9350	171	406	454	0.001732	0.008175	0.001732
512	9350	172	231	39	0.000149	0.003460	0.000149
512	9350	173	282	41	0.000156	0.004562	0.000156
512	9350	174	358	54	0.000206	0.005890	0.000206
512	9350	175	498	2787	0.010632	0.022034	0.010632
512	9350	176	332	1860	0.007095	0.013386	0.007095
512	9350	177	567	1612	0.006149	0.021183	0.006149
512	9350	178	407	3193	0.012180	0.024570	0.012180
512	9350	179	475	7813	0.029804	0.036911	0.029804
512	9350	180	330	1224	0.004669	0.010757	0.004669
512	9350	181	458	438	0.001671	0.008648	0.001671
512	9350	182	332	4476	0.017075	0.021553	0.017075
512	9350	183	551	2932	0.011185	0.027946	0.011185
512	9350	184	284	5448	0.020782	0.025528	0.020782
512	9350	185	618	3245	0.012379	0.024818	0.012379
512	9350	186	400	4389	0.016743	0.029339	0.016743
512	9350	187	240	45	0.000172	0.003094	0.000172
512	9350	188	122	10	0.000038	0.001377	0.000038
512	9350	189	250	20	0.000076	0.003048	0.000076
512	9350	190	476	8954	0.034157	0.041245	0.034157
512	9350	191	939	6078	0.023186	0.052677	0.023186
512	9350	192	692	7009	0.026737	0.070324	0.026737
512	9350	193	415	50	0.000191	0.005699	0.000191
512	9350	194	571	3027	0.011547	0.030025	0.011547
512	9350	195	444	1034	0.003944	0.010544	0.003944
512	9350	196	557	1017	0.003880	0.017502	0.003880
512	9350	197	362	3403	0.012981	0.019024	0.012981
512	9350	198	470	2590	0.009880	0.018387	0.009880
512	9350	199	281	22	0.000084	0.004047	0.000084
512	9350	200	574	8684	0.033127	0.044563	0.033127
512	9350	201	625	5824	0.022217	0.039886	0.022217
512	9350	202	580	11441	0.043644	0.060650	0.043644
512	9350	203	383	3308	0.012619	0.018791	0.012619
512	9350	204	226	22	0.000084	0.002514	0.000084
512	9350	205	211	18	0.000069	0.002724	0.000069
512	9350	206	658	3177	0.012119	0.034065	0.012119
512	9350	207	129	40	0.000153	0.001518	0.000153
512	9350	208	230	41	0.000156	0.003284	0.000156
512	9350	209	695	11962	0.045631	0.066452	0.045631
512	9350	210	795	8148	0.031082	0.046780	0.031082
512	9350	211	389	1980	0.007553	0.013496	0.007553
512	9350	212	464	1049	0.004002	0.012272	0.004002
512	9350	213	141	18	0.000069	0.001789	0.000069
512	9350	214	295	1062	0.004051	0.008606	0.004051
512	9350	215	82	9	0.000034	0.000923	0.000034
512	9350	216	322	50	0.000191	0.005058	0.000191
512	9350	217	221	75	0.000286	0.003799	0.000286
512	9350	218	478	809	0.003086	0.013680	0.003086
512	9350	219	142	12	0.000046	0.001762	0.000046
512	9350	220	367	95	0.000362	0.006577	0.000362
512	9350	221	457	1563	0.005962	0.015816	0.005962
512	9350	222	590	4359	0.016628	0.024300	0.016628
512	9350	223	595	1836	0.007004	0.016182	0.007004
512	9350	224	378	1889	0.007206	0.013573	0.007206
512	9350	225	271	28	0.000107	0.003948	0.000107
512	9350	226	283	2197	0.008381	0.012821	0.008381
512	9350	227	484	3465	0.013218	0.019836	0.013218
512	9350	228	216	24	0.000092	0.002811	0.000092
512	9350	229	426	57	0.000217	0.007748	0.000217
512	9350	230	409	2073	0.007908	0.014549	0.007908
512	9350	231	133	30	0.000114	0.001938	0.000114
512	9350	232	363	3214	0.012260	0.017036	0.012260
512	9350	233	415	139	0.000530	0.008747	0.000530
512	9350	234	472	312	0.001190	0.011963	0.001190
512	9350	235	341	7857	0.029972	0.035938	0.029972
512	9350	236	489	2451	0.009350	0.018314	0.009350
512	9350	237	571	5167	0.019711	0.035828	0.019711
512	9350	238	263	657	0.002506	0.007244	0.002506
512	9350	239	315	12368	0.047180	0.052689	0.047180
512	9350	240	335	5251	0.020031	0.024620	0.020031
512	9350	241	348	2680	0.010223	0.019001	0.010223
512	9350	242	430	256	0.000977	0.008350	0.000977
512	9350	243	406	2345	0.008945	0.018833	0.008945
512	9350	244	439	12541	0.047840	0.055561	0.047840
512	9350	245	442	3011	0.011486	0.018322	0.011486
512	9350	246	180	20	0.000076	0.002083	0.000076
512	9350	247	283	1538	0.005867	0.010632	0.005867
512	9350	248	303	4240	0.016174	0.020718	0.016174
512	9350	249	318	61	0.000233	0.005756	0.000233
512	9350	250	365	29	0.000111	0.005306	0.000111
512	9350	251	572	8230	0.031395	0.046776	0.031395
512	9350	252	632	5490	0.020943	0.031738	0.020943
512	9350	253	286	26	0.000099	0.003551	0.000099
512	9350	254	282	936	0.003571	0.008701	0.003571
512	9350	255	302	209	0.000797	0.005642	0.000797
512	9350	256	203	64	0.000244	0.002937	0.000244
512	9350	257	449	1931	0.007366	0.015507	0.007366
512	9350	258	286	955	0.003643	0.007984	0.003643
512	9350	259	201	17	0.000065	0.002346	0.000065
512	9350	260	246	204	0.000778	0.004608	0.000778
512	9350	261	496	7477	0.028522	0.035992	0.028522
512	9350	262	472	25	0.000095	0.006630	0.000095
512	9350	263	578	2423	0.009243	0.024323	0.009243
512	9350	264	621	786	0.002998	0.014385	0.002998
512	9350	265	327	518	0.001976	0.007256	0.001976
512	9350	266	386	2168	0.008270	0.014530	0.008270
512	9350	267	316	2682	0.010231	0.015331	0.010231
512	9350	268	287	1433	0.005466	0.011002	0.005466
512	9350	269	350	772	0.002945	0.008129	0.002945
512	9350	270	452	4333	0.016529	0.023403	0.016529
512	9350	271	715	2367	0.009029	0.025146	0.009029
512	9350	272	384	2485	0.009480	0.015633	0.009480
512	9350	273	244	30	0.000114	0.003246	0.000114
512	9350	274	772	6183	0.023586	0.049461	0.023586
512	9350	275	479	3643	0.013897	0.021511	0.013897
512	9350	276	705	4074	0.015541	0.037437	0.015541
512	9350	277	257	46	0.000175	0.003624	0.000175
512	9350	278	567	7050	0.026894	0.037762	0.026894
512	9350	279	752	3732	0.014236	0.040058	0.014236
512	9350	280	407	6706	0.025581	0.031437	0.025581
512	9350	281	668	2891	0.011028	0.025742	0.011028
512	9350	282	440	1668	0.006363	0.012901	0.006363
512	9350	283	194	29	0.000111	0.002655	0.000111
512	9350	284	240	21	0.000080	0.003231	0.000080
512	9350	285	194	28	0.000107	0.002506	0.000107
512	9350	286	373	23	0.000088	0.004429	0.000088
512	9350	287	371	2060	0.007858	0.013794	0.007858
512	9350	288	425	4066	0.015511	0.021755	0.015511
512	9350	289	329	677	0.002583	0.008659	0.002583
512	9350	290	526	3297	0.012577	0.032787	0.012577
512	9350	291	577	5268	0.020096	0.039623	0.020096
512	9350	292	486	2099	0.008007	0.020233	0.008007
512	9350	293	146	15	0.000057	0.001816	0.000057
512	9350	294	425	11657	0.044468	0.051128	0.044468
512	9350	295	223	28	0.000107	0.002899	0.000107
512	9350	296	518	1563	0.005962	0.013561	0.005962
512	9350	297	288	2219	0.008465	0.012798	0.008465
512	9350	298	521	3115	0.011883	0.031075	0.011883
512	9350	299	188	22	0.000084	0.002220	0.000084
512	9350	300	129	17	0.000065	0.001530	0.000065
512	9350	301	466	11666	0.044502	0.052593	0.044502
512	9350	302	176	15	0.000057	0.002232	0.000057
512	9350	303	414	2626	0.010017	0.016628	0.010017
512	9350	304	544	879	0.003353	0.013802	0.003353
512	9350	305	490	1771	0.006756	0.014671	0.006756
512	9350	306	162	17	0.000065	0.001968	0.000065
512	9350	307	596	5430	0.020714	0.031334	0.020714
512	9350	308	307	24	0.000092	0.003948	0.000092
512	9350	309	372	3975	0.015163	0.020191	0.015163
512	9350	310	539	4804	0.018326	0.029633	0.018326
512	9350	311	273	4603	0.017559	0.021523	0.017559
512	9350	312	396	1317	0.005024	0.011921	0.005024
512	9350	313	284	3443	0.013134	0.018070	0.013134
512	9350	314	709	186	0.000710	0.012341	0.000710
512	9350	315	253	26	0.000099	0.003170	0.000099
512	9350	316	324	21	0.000080	0.004391	0.000080
512	9350	317	488	504	0.001923	0.011608	0.001923
512	9350	318	293	3170	0.012093	0.017540	0.012093
512	9350	319	371	1826	0.006966	0.012337	0.006966
512	9350	320	434	84	0.000320	0.006348	0.000320
512	9350	321	323	23	0.000088	0.004196	0.000088
512	9350	322	193	21	0.000080	0.002312	0.000080
512	9350	323	527	1503	0.005733	0.013668	0.005733
512	9350	324	570	4245	0.016193	0.026047	0.016193
512	9350	325	401	4545	0.017338	0.023491	0.017338
512	9350	326	196	21	0.000080	0.002510	0.000080
512	9350	327	583	2980	0.011368	0.021381	0.011368
512	9350	328	311	1954	0.007454	0.012894	0.007454
512	9350	329	480	1824	0.006958	0.016148	0.006958
512	9350	330	296	391	0.001492	0.008595	0.001492
512	9350	331	171	23	0.000088	0.002167	0.000088
512	9350	332	518	90	0.000343	0.009331	0.000343
512	9350	333	321	251	0.000957	0.006493	0.000957
512	9350	334	324	530	0.002022	0.007587	0.002022
512	9350	335	385	818	0.003120	0.009510	0.003120
512	9350	336	460	153	0.000584	0.006786	0.000584
512	9350	337	353	7150	0.027275	0.032883	0.027275
512	9350	338	268	2535	0.009670	0.014095	0.009670
512	9350	339	327	416	0.001587	0.007866	0.001587
512	9350	340	632	7151	0.027279	0.050575	0.027279
512	9350	341	200	27	0.000103	0.002411	0.000103
512	9350	342	491	7532	0.028732	0.039680	0.028732
512	9350	343	696	1577	0.006016	0.021191	0.006016
512	9350	344	443	1421	0.005421	0.012817	0.005421
512	9350	345	396	5419	0.020672	0.026798	0.020672
512	9350	346	309	51	0.000195	0.004551	0.000195
512	9350	347	100	22	0.000084	0.001171	0.000084
512	9350	348	449	32	0.000122	0.006027	0.000122
512	9350	349	439	5910	0.022545	0.030216	0.022545
512	9350	350	368	4630	0.017662	0.023647	0.017662
512	9350	351	217	17	0.000065	0.002800	0.000065
512	9350	352	553	547	0.002087	0.013302	0.002087
512	9350	353	609	2164	0.008255	0.028324	0.008255
512	9350	354	672	6096	0.023254	0.049240	0.023254
512	9350	355	464	4106	0.015663	0.022202	0.015663
512	9350	356	559	2415	0.009212	0.019409	0.009212
512	9350	357	229	73	0.000278	0.003807	0.000278
512	9350	358	200	27	0.000103	0.002777	0.000103
512	9350	359	563	5148	0.019638	0.035450	0.019638
512	9350	360	317	6548	0.024979	0.030674	0.024979
512	9350	361	270	55	0.000210	0.005039	0.000210
512	9350	362	201	24	0.000092	0.002911	0.000092
512	9350	363	1121	5721	0.021824	0.073563	0.021824
512	9350	364	151	20	0.000076	0.002144	0.000076
512	9350	365	274	24	0.000092	0.003448	0.000092
512	9350	366	457	5255	0.020046	0.027504	0.020046
512	9350	367	457	23	0.000088	0.005840	0.000088
512	9350	368	298	44	0.000168	0.005322	0.000168
512	9350	369	403	32	0.000122	0.005264	0.000122
512	9350	370	427	23	0.000088	0.005699	0.000088
512	9350	371	480	1533	0.005848	0.013134	0.005848
512	9350	372	250	24	0.000092	0.003712	0.000092
512	9350	373	592	3242	0.012367	0.023708	0.012367
512	9350	374	318	9638	0.036766	0.041950	0.036766
512	9350	375	146	19	0.000072	0.001785	0.000072
512	9350	376	380	773	0.002949	0.009407	0.002949
512	9350	377	170	22	0.000084	0.002171	0.000084
512	9350	378	638	1801	0.006870	0.018391	0.006870
512	9350	379	817	13923	0.053112	0.130890	0.053112
512	9350	380	594	5110	0.019493	0.040836	0.019493
512	9350	381	789	245	0.000935	0.016808	0.000935
512	9350	382	227	22	0.000084	0.003010	0.000084
512	9350	383	297	627	0.002392	0.008553	0.002392
512	9350	384	540	5616	0.021423	0.035427	0.021423
512	9350	385	127	12	0.000046	0.001369	0.000046
512	9350	386	495	8080	0.030823	0.040962	0.030823
512	9350	387	360	32	0.000122	0.004726	0.000122
512	9350	388	665	1137	0.004337	0.015282	0.004337
512	9350	389	215	13	0.000050	0.002602	0.000050
512	9350	390	655	12619	0.048138	0.060406	0.048138
512	9350	391	189	19	0.000072	0.001995	0.000072
512	9350	392	335	16	0.000061	0.004379	0.000061
512	9350	393	663	987	0.003765	0.016518	0.003765
512	9350	394	331	46	0.000175	0.004940	0.000175
512	9350	395	120	16	0.000061	0.001682	0.000061
512	9350	396	280	3536	0.013489	0.017982	0.013489
512	9350	397	590	1917	0.007313	0.023891	0.007313
512	9350	398	931	5348	0.020401	0.083317	0.020401
512	9350	399	519	107	0.000408	0.008888	0.000408
512	9350	400	381	52	0.000198	0.005795	0.000198
512	9350	401	187	12	0.000046	0.002033	0.000046
512	9350	402	1083	8013	0.030567	0.100403	0.030567
512	9350	403	434	1812	0.006912	0.018463	0.006912
512	9350	404	150	19	0.000072	0.001823	0.000072
512	9350	405	259	29	0.000111	0.003613	0.000111
512	9350	406	513	3789	0.014454	0.026337	0.014454
512	9350	407	196	16	0.000061	0.002197	0.000061
512	9350	408	717	1175	0.004482	0.019451	0.004482
512	9350	409	565	7484	0.028549	0.047699	0.028549
512	9350	410	748	4242	0.016182	0.038292	0.016182
512	9350	411	624	6128	0.023376	0.050510	0.023376
512	9350	412	210	23	0.000088	0.002964	0.000088
512	9350	413	417	681	0.002598	0.009464	0.002598
512	9350	414	411	199	0.000759	0.007374	0.000759
512	9350	415	653	4676	0.017838	0.034206	0.017838
512	9350	416	635	2995	0.011425	0.034462	0.011425
512	9350	417	786	3780	0.014420	0.047287	0.014420
512	9350	418	185	33	0.000126	0.002216	0.000126
512	9350	419	475	118	0.000450	0.006908	0.000450
512	9350	420	300	3715	0.014172	0.018578	0.014172
512	9350	421	329	2138	0.008156	0.013519	0.008156
512	9350	422	258	19	0.000072	0.002926	0.000072
512	9350	423	369	27	0.000103	0.004597	0.000103
512	9350	424	552	3109	0.011860	0.025826	0.011860
512	9350	425	555	3284	0.012527	0.025501	0.012527
512	9350	426	502	4013	0.015308	0.026764	0.015308
512	9350	427	473	204	0.000778	0.009605	0.000778
512	9350	428	239	4531	0.017284	0.021690	0.017284
512	9350	429	481	243	0.000927	0.009254	0.000927
512	9350	430	131	18	0.000069	0.001766	0.000069
512	9350	431	521	368	0.001404	0.010635	0.001404
512	9350	432	383	4688	0.017883	0.024323	0.017883
512	9350	433	575	13153	0.050175	0.080219	0.050175
512	9350	434	145	14	0.000053	0.001591	0.000053
512	9350	435	511	7295	0.027828	0.035332	0.027828
512	9350	436	351	2824	0.010773	0.015465	0.010773
512	9350	437	549	5435	0.020733	0.038136	0.020733
512	9350	438	446	4208	0.016052	0.022930	0.016052
512	9350	439	478	3958	0.015099	0.021885	0.015099
512	9350	440	533	5443	0.020763	0.034584	0.020763
512	9350	441	153	15	0.000057	0.001835	0.000057
512	9350	442	130	12	0.000046	0.001610	0.000046
512	9350	443	371	1577	0.006016	0.012814	0.006016
512	9350	444	371	423	0.001614	0.007282	0.001614
512	9350	445	548	1209	0.004612	0.013763	0.004612
512	9350	446	339	3075	0.011730	0.017632	0.011730
512	9350	447	336	21	0.000080	0.004826	0.000080
512	9350	448	428	8494	0.032402	0.038956	0.032402
512	9350	449	551	6120	0.023346	0.038967	0.023346
512	9350	450	194	33	0.000126	0.002430	0.000126
512	9350	451	486	5212	0.019882	0.034782	0.019882
512	9350	452	872	2519	0.009609	0.035423	0.009609
512	9350	453	535	7502	0.028618	0.038544	0.028618
512	9350	454	451	5620	0.021439	0.028046	0.021439
512	9350	455	679	5769	0.022007	0.048267	0.022007
512	9350	456	331	2233	0.008518	0.013798	0.008518
512	9350	457	495	2388	0.009109	0.025612	0.009109
512	9350	458	439	98	0.000374	0.006813	0.000374
512	9350	459	515	1438	0.005486	0.015507	0.005486
512	9350	460	441	2717	0.010365	0.018860	0.010365
512	9350	461	421	486	0.001854	0.008362	0.001854
512	9350	462	308	5219	0.019909	0.024559	0.019909
512	9350	463	665	2541	0.009693	0.020432	0.009693
512	9350	464	468	936	0.003571	0.011963	0.003571
512	9350	465	619	3044	0.011612	0.027096	0.011612
512	9350	466	780	3255	0.012417	0.042805	0.012417
512	9350	467	217	19	0.000072	0.002441	0.000072
512	9350	468	112	23	0.000088	0.001312	0.000088
512	9350	469	496	2959	0.011288	0.019600	0.011288
512	9350	470	138	13	0.000050	0.001686	0.000050
512	9350	471	162	14	0.000053	0.002144	0.000053
512	9350	472	520	4227	0.016125	0.026070	0.016125
512	9350	473	552	2444	0.009323	0.018715	0.009323
512	9350	474	464	1805	0.006886	0.013790	0.006886
512	9350	475	225	40	0.000153	0.003620	0.000153
512	9350	476	308	8442	0.032204	0.036839	0.032204
512	9350	477	670	5882	0.022438	0.046448	0.022438
512	9350	478	229	25	0.000095	0.002964	0.000095
512	9350	479	488	3470	0.013237	0.020725	0.013237
512	9350	480	99	28	0.000107	0.001408	0.000107
512	9350	481	211	24	0.000092	0.003021	0.000092
512	9350	482	505	832	0.003174	0.012905	0.003174
512	9350	483	340	50	0.000191	0.005066	0.000191
512	9350	484	169	17	0.000065	0.002270	0.000065
512	9350	485	346	6404	0.024429	0.029701	0.024429
512	9350	486	351	5647	0.021542	0.027088	0.021542
512	9350	487	370	1259	0.004803	0.010212	0.004803
512	9350	488	452	5089	0.019413	0.030529	0.019413
512	9350	489	458	1654	0.006310	0.013638	0.006310
512	9350	490	297	5913	0.022556	0.027771	0.022556
512	9350	491	466	4254	0.016228	0.023266	0.016228
512	9350	492	626	4391	0.016750	0.042992	0.016750
512	9350	493	238	249	0.000950	0.004719	0.000950
512	9350	494	283	58	0.000221	0.003506	0.000221
512	9350	495	730	5020	0.019150	0.033619	0.019150
512	9350	496	233	15	0.000057	0.002636	0.000057
512	9350	497	424	35	0.000134	0.005547	0.000134
512	9350	498	275	1423	0.005428	0.009563	0.005428
512	9350	499	518	71	0.000271	0.008747	0.000271
512	9350	500	334	775	0.002956	0.007423	0.002956
512	9350	501	446	5551	0.021175	0.027096	0.021175
512	9350	502	782	7981	0.030445	0.043922	0.030445
512	9350	503	327	36	0.000137	0.004734	0.000137
512	9350	504	467	950	0.003624	0.011555	0.003624
512	9350	505	270	25	0.000095	0.003437	0.000095
512	9350	506	816	4745	0.018101	0.038536	0.018101
512	9350	507	393	206	0.000786	0.007561	0.000786
512	9350	508	445	5753	0.021946	0.029156	0.021946
512	9350	509	404	32	0.000122	0.005230	0.000122
512	9350	510	407	4733	0.018055	0.024376	0.018055
512	9350	511	359	3854	0.014702	0.020596	0.014702
512	9350	512	651	1530	0.005836	0.015667	0.005836
512	9350	513	490	4494	0.017143	0.036781	0.017143
512	9350	514	591	3835	0.014629	0.028278	0.014629
512	9350	515	543	1351	0.005154	0.015438	0.005154
512	9350	516	701	2923	0.011150	0.031036	0.011150
512	9350	517	189	17	0.000065	0.002426	0.000065
512	9350	518	283	2826	0.010780	0.015301	0.010780
512	9350	519	334	63	0.000240	0.004742	0.000240
512	9350	520	282	25	0.000095	0.003448	0.000095
512	9350	521	101	13	0.000050	0.001316	0.000050
512	9350	522	1026	1251	0.004772	0.030483	0.004772
512	9350	523	537	75	0.000286	0.009228	0.000286
512	9350	524	472	2076	0.007919	0.021324	0.007919
512	9350	525	162	16	0.000061	0.002003	0.000061
512	9350	526	162	17	0.000065	0.002041	0.000065
512	9350	527	404	1479	0.005642	0.012455	0.005642
512	9350	528	577	5095	0.019436	0.034599	0.019436
512	9350	529	327	2511	0.009579	0.014370	0.009579
512	9350	530	161	16	0.000061	0.002159	0.000061
512	9350	531	753	4196	0.016006	0.053532	0.016006
512	9350	532	357	2487	0.009487	0.014820	0.009487
512	9350	533	591	877	0.003345	0.016735	0.003345
512	9350	534	577	1708	0.006516	0.021347	0.006516
512	9350	535	579	1400	0.005341	0.016518	0.005341
512	9350	536	645	2111	0.008053	0.022484	0.008053
512	9350	537	839	2336	0.008911	0.038532	0.008911
512	9350	538	615	4884	0.018631	0.051311	0.018631
512	9350	539	398	1609	0.006138	0.012409	0.006138
512	9350	540	314	4596	0.017532	0.022491	0.017532
512	9350	541	209	1196	0.004562	0.008167	0.004562
512	9350	542	530	3028	0.011551	0.019924	0.011551
512	9350	543	113	37	0.000141	0.001518	0.000141
512	9350	544	681	8734	0.033318	0.062088	0.033318
512	9350	545	203	15	0.000057	0.002563	0.000057
512	9350	546	348	55	0.000210	0.005177	0.000210
512	9350	547	540	1333	0.005085	0.016758	0.005085
512	9350	548	254	23	0.000088	0.003391	0.000088
512	9350	549	509	3849	0.014683	0.027657	0.014683
512	9350	550	463	1746	0.006660	0.013382	0.006660
512	9350	551	485	5283	0.020153	0.039356	0.020153
512	9350	552	310	38	0.000145	0.003838	0.000145
512	9350	553	707	4533	0.017292	0.034447	0.017292
512	9350	554	259	1675	0.006390	0.010784	0.006390
512	9350	555	559	2704	0.010315	0.022530	0.010315
512	9350	556	402	4217	0.016087	0.022545	0.016087
512	9350	557	425	6977	0.026615	0.042339	0.026615
512	9350	558	411	2009	0.007664	0.014095	0.007664
512	9350	559	431	650	0.002480	0.009205	0.002480
512	9350	560	72	18	0.000069	0.000984	0.000069
512	9350	561	504	4514	0.017220	0.026642	0.017220
512	9350	562	783	4965	0.018940	0.055626	0.018940
512	9350	563	295	87	0.000332	0.004509	0.000332
512	9350	564	794	5001	0.019077	0.043800	0.019077
512	9350	565	908	15743	0.060055	0.127438	0.060055
512	9350	566	250	30	0.000114	0.003338	0.000114
512	9350	567	785	9676	0.036911	0.064075	0.036911
512	9350	568	524	4240	0.016174	0.035698	0.016174
512	9350	569	736	5724	0.021835	0.034180	0.021835
512	9350	570	467	9388	0.035812	0.043106	0.035812
512	9350	571	234	29	0.000111	0.002995	0.000111
512	9350	572	412	121	0.000462	0.008316	0.000462
512	9350	573	516	2090	0.007973	0.018150	0.007973
512	9350	574	376	2267	0.008648	0.014725	0.008648
512	9350	575	480	67	0.000256	0.008343	0.000256
512	9350	576	586	1853	0.007069	0.016834	0.007069
512	9350	577	520	2377	0.009068	0.017315	0.009068
512	9350	578	296	3100	0.011826	0.016495	0.011826
512	9350	579	350	4222	0.016106	0.021626	0.016106
512	9350	580	461	3212	0.012253	0.029076	0.012253
512	9350	581	269	3340	0.012741	0.017460	0.012741
512	9350	582	499	1181	0.004505	0.015987	0.004505
512	9350	583	332	110	0.000420	0.006050	0.000420
512	9350	584	267	8185	0.031223	0.035931	0.031223
512	9350	585	296	55	0.000210	0.004658	0.000210
512	9350	586	412	48	0.000183	0.005917	0.000183
512	9350	587	731	5034	0.019203	0.035015	0.019203
512	9350	588	368	670	0.002556	0.008053	0.002556
512	9350	589	475	3497	0.013340	0.029842	0.013340
512	9350	590	460	1515	0.005779	0.016815	0.005779
512	9350	591	373	324	0.001236	0.007755	0.001236
512	9350	592	147	20	0.000076	0.001930	0.000076
512	9350	593	246	28	0.000107	0.003296	0.000107
512	9350	594	615	13868	0.052902	0.067524	0.052902
512	9350	595	808	4051	0.015453	0.031837	0.015453
512	9350	596	191	26	0.000099	0.002731	0.000099
512	9350	597	273	158	0.000603	0.005669	0.000603
512	9350	598	364	2769	0.010563	0.015976	0.010563
512	9350	599	585	5736	0.021881	0.042419	0.021881
512	9350	600	575	1169	0.004459	0.018921	0.004459
512	9350	601	317	27	0.000103	0.004204	0.000103
512	9350	602	785	2865	0.010929	0.037571	0.010929
512	9350	603	169	18	0.000069	0.002140	0.000069
512	9350	604	721	5441	0.020756	0.043461	0.020756
512	9350	605	433	1024	0.003906	0.010323	0.003906
512	9350	606	791	3183	0.012142	0.050102	0.012142
512	9350	607	465	2603	0.009930	0.019207	0.009930
512	9350	608	198	17	0.000065	0.002579	0.000065
512	9350	609	415	562	0.002144	0.007999	0.002144
512	9350	610	641	1017	0.003880	0.014721	0.003880
512	9350	611	438	3900	0.014877	0.022984	0.014877
512	9350	612	264	7411	0.028271	0.032661	0.028271
512	9350	613	481	2020	0.007706	0.022957	0.007706
512	9350	614	239	24	0.000092	0.003010	0.000092
512	9350	615	401	1890	0.007210	0.013840	0.007210
512	9350	616	635	984	0.003754	0.013218	0.003754
512	9350	617	449	2999	0.011440	0.022739	0.011440
512	9350	618	173	26	0.000099	0.002159	0.000099
512	9350	619	371	2902	0.011070	0.016739	0.011070
512	9350	620	393	936	0.003571	0.009819	0.003571
512	9350	621	368	1410	0.005379	0.011120	0.005379
512	9350	622	265	2134	0.008141	0.012516	0.008141
512	9350	623	467	5768	0.022003	0.030643	0.022003
512	9350	624	295	24	0.000092	0.003475	0.000092
512	9350	625	546	7613	0.029041	0.038696	0.029041
512	9350	626	338	19	0.000072	0.004574	0.000072
512	9350	627	457	2365	0.009022	0.016220	0.009022
512	9350	628	231	20	0.000076	0.003098	0.000076
512	9350	629	587	9905	0.037785	0.054218	0.037785
512	9350	630	483	4147	0.015820	0.023033	0.015820
512	9350	631	166	16	0.000061	0.002110	0.000061
512	9350	632	530	3968	0.015137	0.024963	0.015137
512	9350	633	303	39	0.000149	0.004704	0.000149
512	9350	634	335	474	0.001808	0.006802	0.001808
512	9350	635	284	21	0.000080	0.003643	0.000080
512	9350	636	515	12420	0.047379	0.055939	0.047379
512	9350	637	180	13	0.000050	0.002220	0.000050
512	9350	638	379	4139	0.015789	0.021660	0.015789
512	9350	639	322	4594	0.017525	0.022949	0.017525
512	9350	640	256	24	0.000092	0.003819	0.000092
512	9350	641	554	3482	0.013283	0.026726	0.013283
512	9350	642	265	27	0.000103	0.003330	0.000103
512	9350	643	523	6630	0.025291	0.043949	0.025291
512	9350	644	581	457	0.001743	0.011745	0.001743
512	9350	645	437	4789	0.018269	0.024902	0.018269
512	9350	646	331	235	0.000896	0.006973	0.000896
512	9350	647	438	4782	0.018242	0.025486	0.018242
512	9350	648	323	1028	0.003922	0.009472	0.003922
512	9350	649	222	49	0.000187	0.003559	0.000187
512	9350	650	459	8140	0.031052	0.039677	0.031052
512	9350	651	428	4871	0.018581	0.029213	0.018581
512	9350	652	239	22	0.000084	0.003643	0.000084
512	9350	653	490	10068	0.038406	0.045868	0.038406
512	9350	654	671	324	0.001236	0.014893	0.001236
512	9350	655	403	6950	0.026512	0.046173	0.026512
512	9350	656	376	570	0.002174	0.008892	0.002174
512	9350	657	325	1532	0.005844	0.010632	0.005844
512	9350	658	447	376	0.001434	0.011066	0.001434
512	9350	659	405	6748	0.025742	0.031578	0.025742
512	9350	660	285	841	0.003208	0.008022	0.003208
512	9350	661	369	56	0.000214	0.005398	0.000214
512	9350	662	248	27	0.000103	0.003216	0.000103
512	9350	663	331	637	0.002430	0.007317	0.002430
512	9350	664	299	42	0.000160	0.004200	0.000160
512	9350	665	475	9461	0.036091	0.043354	0.036091
512	9350	666	482	554	0.002113	0.011204	0.002113
512	9350	667	480	5073	0.019352	0.038307	0.019352
512	9350	668	548	4995	0.019054	0.028690	0.019054
512	9350	669	407	40	0.000153	0.005501	0.000153
512	9350	670	391	8712	0.033234	0.039047	0.033234
512	9350	671	383	8310	0.031700	0.037704	0.031700
512	9350	672	219	22	0.000084	0.002766	0.000084
512	9350	673	297	29	0.000111	0.003952	0.000111
512	9350	674	446	2757	0.010517	0.019371	0.010517
512	9350	675	100	13	0.000050	0.001320	0.000050
512	9350	676	344	573	0.002186	0.007900	0.002186
512	9350	677	320	2482	0.009468	0.014072	0.009468
512	9350	678	289	94	0.000359	0.004906	0.000359
512	9350	679	344	17	0.000065	0.004101	0.000065
512	9350	680	279	1596	0.006088	0.010868	0.006088
512	9350	681	413	2126	0.008110	0.014236	0.008110
512	9350	682	627	4741	0.018085	0.038658	0.018085
512	9350	683	261	51	0.000195	0.003517	0.000195
512	9350	684	551	2894	0.011040	0.025570	0.011040
512	9350	685	510	7861	0.029987	0.038395	0.029987
512	9350	686	270	885	0.003376	0.007423	0.003376
512	9350	687	270	29	0.000111	0.003708	0.000111
512	9350	688	476	392	0.001495	0.010059	0.001495
512	9350	689	527	64	0.000244	0.007832	0.000244
512	9350	690	595	158	0.000603	0.011135	0.000603
512	9350	691	379	375	0.001431	0.009117	0.001431
512	9350	692	659	233	0.000889	0.014793	0.000889
512	9350	693	113	21	0.000080	0.001575	0.000080
512	9350	694	426	3928	0.014984	0.022026	0.014984
512	9350	695	379	34	0.000130	0.005211	0.000130
512	9350	696	158	20	0.000076	0.001793	0.000076
512	9350	697	882	6130	0.023384	0.046970	0.023384
512	9350	698	290	118	0.000450	0.005672	0.000450
512	9350	699	424	104	0.000397	0.007126	0.000397
512	9350	700	322	444	0.001694	0.007931	0.001694
512	9350	701	368	50	0.000191	0.004829	0.000191
512	9350	702	450	4084	0.015579	0.022957	0.015579
512	9350	703	430	2633	0.010044	0.016720	0.010044
512	9350	704	180	18	0.000069	0.002205	0.000069
512	9350	705	520	161	0.000614	0.008671	0.000614
512	9350	706	138	29	0.000111	0.001995	0.000111
512	9350	707	128	25	0.000095	0.001804	0.000095
512	9350	708	342	9195	0.035076	0.041168	0.035076
512	9350	709	352	3981	0.015186	0.021782	0.015186
512	9350	710	356	2803	0.010693	0.015522	0.010693
512	9350	711	545	6860	0.026169	0.054951	0.026169
512	9350	712	610	7290	0.027809	0.063511	0.027809
512	9350	713	301	22	0.000084	0.004585	0.000084
512	9350	714	681	9724	0.037094	0.055969	0.037094
512	9350	715	298	422	0.001610	0.006596	0.001610
512	9350	716	153	17	0.000065	0.001904	0.000065
512	9350	717	806	1722	0.006569	0.026108	0.006569
512	9350	718	564	7180	0.027390	0.042717	0.027390
512	9350	719	349	686	0.002617	0.008183	0.002617
512	9350	720	326	147	0.000561	0.006161	0.000561
512	9350	721	446	2436	0.009293	0.016586	0.009293
512	9350	722	224	19	0.000072	0.003052	0.000072
512	9350	723	460	650	0.002480	0.014225	0.002480
512	9350	724	535	43	0.000164	0.008575	0.000164
512	9350	725	428	188	0.000717	0.008678	0.000717
512	9350	726	386	6601	0.025181	0.031097	0.025181
512	9350	727	486	426	0.001625	0.009468	0.001625
512	9350	728	533	540	0.002060	0.011005	0.002060
512	9350	729	451	765	0.002918	0.010654	0.002918
512	9350	730	395	6100	0.023270	0.029835	0.023270
512	9350	731	505	2204	0.008408	0.016514	0.008408
512	9350	732	184	31	0.000118	0.002216	0.000118
512	9350	733	461	25	0.000095	0.006069	0.000095
512	9350	734	444	2872	0.010956	0.017822	0.010956
512	9350	735	502	1372	0.005234	0.016262	0.005234
512	9350	736	750	7291	0.027813	0.056007	0.027813
512	9350	737	483	6018	0.022957	0.032852	0.022957
512	9350	738	158	20	0.000076	0.001694	0.000076
512	9350	739	593	185	0.000706	0.009464	0.000706
512	9350	740	552	5268	0.020096	0.041336	0.020096
512	9350	741	580	5088	0.019409	0.036491	0.019409
512	9350	742	358	384	0.001465	0.007374	0.001465
512	9350	743	947	7734	0.029503	0.070156	0.029503
512	9350	744	381	3967	0.015133	0.020866	0.015133
512	9350	745	324	376	0.001434	0.007294	0.001434
512	9350	746	587	6562	0.025032	0.034870	0.025032
512	9350	747	646	5705	0.021763	0.036884	0.021763
512	9350	748	205	23	0.000088	0.002369	0.000088
512	9350	749	348	24	0.000092	0.004852	0.000092
512	9350	750	851	2434	0.009285	0.029026	0.009285
512	9350	751	331	620	0.002365	0.009262	0.002365
512	9350	752	577	4648	0.017731	0.043747	0.017731
512	9350	753	926	12357	0.047138	0.095261	0.047138
512	9350	754	654	7851	0.029949	0.053787	0.029949
512	9350	755	422	7405	0.028248	0.036598	0.028248
512	9350	756	502	9090	0.034676	0.042374	0.034676
512	9350	757	660	7222	0.027550	0.047962	0.027550
512	9350	758	544	77	0.000294	0.009888	0.000294
512	9350	759	288	18	0.000069	0.003860	0.000069
512	9350	760	183	24	0.000092	0.002193	0.000092
512	9350	761	397	167	0.000637	0.007320	0.000637
512	9350	762	434	309	0.001179	0.009911	0.001179
512	9350	763	255	31	0.000118	0.004082	0.000118
512	9350	764	155	20	0.000076	0.001896	0.000076
512	9350	765	677	2297	0.008762	0.028206	0.008762
512	9350	766	359	2467	0.009411	0.014591	0.009411
512	9350	767	497	6287	0.023983	0.033638	0.023983
512	9350	768	477	5542	0.021141	0.030899	0.021141
512	9350	769	365	333	0.001270	0.007065	0.001270
512	9350	770	419	5751	0.021938	0.028919	0.021938
512	9350	771	472	6919	0.026394	0.034878	0.026394
512	9350	772	140	9	0.000034	0.001484	0.000034
512	9350	773	682	2775	0.010586	0.036217	0.010586
512	9350	774	606	5012	0.019119	0.047367	0.019119
512	9350	775	273	20	0.000076	0.003643	0.000076
512	9350	776	694	3028	0.011551	0.027767	0.011551
512	9350	777	248	22	0.000084	0.003109	0.000084
512	9350	778	184	23	0.000088	0.002335	0.000088
512	9350	779	586	689	0.002628	0.016457	0.002628
512	9350	780	610	1802	0.006874	0.018288	0.006874
512	9350	781	376	4522	0.017250	0.024162	0.017250
512	9350	782	445	1049	0.004002	0.011982	0.004002
512	9350	783	366	4729	0.018040	0.023521	0.018040
512	9350	784	607	6195	0.023632	0.045410	0.023632
512	9350	785	348	68	0.000259	0.005077	0.000259
512	9350	786	222	24	0.000092	0.002712	0.000092
512	9350	787	326	4131	0.015759	0.020920	0.015759
512	9350	788	402	791	0.003017	0.010479	0.003017
512	9350	789	564	6769	0.025822	0.049843	0.025822
512	9350	790	413	119	0.000454	0.007225	0.000454
512	9350	791	332	827	0.003155	0.008804	0.003155
512	9350	792	495	5053	0.019276	0.027145	0.019276
512	9350	793	553	1561	0.005955	0.014362	0.005955
512	9350	794	189	15	0.000057	0.002377	0.000057
512	9350	795	386	711	0.002712	0.010410	0.002712
512	9350	796	304	22	0.000084	0.004227	0.000084
512	9350	797	495	5237	0.019978	0.027447	0.019978
512	9350	798	292	1530	0.005836	0.010704	0.005836
512	9350	799	335	32	0.000122	0.004395	0.000122
512	9350	800	279	19	0.000072	0.003632	0.000072
512	9350	801	310	2839	0.010830	0.016258	0.010830
512	9350	802	672	3124	0.011917	0.030197	0.011917
512	9350	803	428	7995	0.030499	0.048122	0.030499
512	9350	804	403	1532	0.005844	0.015060	0.005844
512	9350	805	406	4414	0.016838	0.030731	0.016838
512	9350	806	282	30	0.000114	0.003822	0.000114
512	9350	807	665	3909	0.014912	0.040741	0.014912
512	9350	808	262	31	0.000118	0.003952	0.000118
512	9350	809	123	16	0.000061	0.001705	0.000061
512	9350	810	361	71	0.000271	0.005749	0.000271
512	9350	811	215	27	0.000103	0.002926	0.000103
512	9350	812	151	14	0.000053	0.001892	0.000053
512	9350	813	351	18	0.000069	0.004227	0.000069
512	9350	814	184	34	0.000130	0.002357	0.000130
512	9350	815	405	1547	0.005901	0.013531	0.005901
512	9350	816	157	18	0.000069	0.002060	0.000069
512	9350	817	666	4105	0.015659	0.038208	0.015659
512	9350	818	142	20	0.000076	0.002048	0.000076
512	9350	819	371	1438	0.005486	0.010914	0.005486
512	9350	820	631	1853	0.007069	0.017151	0.007069
512	9350	821	579	13194	0.050331	0.060860	0.050331
512	9350	822	518	2133	0.008137	0.015968	0.008137
512	9350	823	456	3429	0.013081	0.020695	0.013081
512	9350	824	145	13	0.000050	0.001854	0.000050
512	9350	825	546	235	0.000896	0.009304	0.000896
512	9350	826	182	26	0.000099	0.002434	0.000099
512	9350	827	714	1753	0.006687	0.024227	0.006687
512	9350	828	308	21	0.000080	0.003963	0.000080
512	9350	829	245	16	0.000061	0.002922	0.000061
512	9350	830	614	2057	0.007847	0.018856	0.007847
512	9350	831	379	24	0.000092	0.004871	0.000092
512	9350	832	620	2706	0.010323	0.023712	0.010323
512	9350	833	581	2671	0.010189	0.019642	0.010189
512	9350	834	413	27	0.000103	0.005608	0.000103
512	9350	835	511	2638	0.010063	0.020241	0.010063
512	9350	836	324	62	0.000237	0.005070	0.000237
512	9350	837	459	3436	0.013107	0.021416	0.013107
512	9350	838	542	2614	0.009972	0.022423	0.009972
512	9350	839	255	31	0.000118	0.003407	0.000118
512	9350	840	633	3003	0.011456	0.029335	0.011456
512	9350	841	299	1556	0.005936	0.010464	0.005936
512	9350	842	874	7156	0.027298	0.058937	0.027298
512	9350	843	107	13	0.000050	0.001331	0.000050
512	9350	844	458	5320	0.020294	0.027451	0.020294
512	9350	845	310	2574	0.009819	0.015331	0.009819
512	9350	846	179	16	0.000061	0.002197	0.000061
512	9350	847	529	3361	0.012821	0.024170	0.012821
512	9350	848	370	612	0.002335	0.008957	0.002335
512	9350	849	560	4264	0.016266	0.034111	0.016266
512	9350	850	458	1842	0.007027	0.014431	0.007027
512	9350	851	501	5405	0.020618	0.031422	0.020618
512	9350	852	204	15	0.000057	0.002674	0.000057
512	9350	853	253	1238	0.004723	0.008926	0.004723
512	9350	854	348	5683	0.021679	0.026112	0.021679
512	9350	855	333	109	0.000416	0.005074	0.000416
512	9350	856	264	1356	0.005173	0.009296	0.005173
512	9350	857	161	25	0.000095	0.001877	0.000095
512	9350	858	512	1046	0.003990	0.012489	0.003990
512	9350	859	333	78	0.000298	0.005650	0.000298
512	9350	860	266	18	0.000069	0.003136	0.000069
512	9350	861	372	73	0.000278	0.005386	0.000278
512	9350	862	331	242	0.000923	0.006493	0.000923
512	9350	863	344	181	0.000690	0.007442	0.000690
512	9350	864	308	1168	0.004456	0.009808	0.004456
512	9350	865	242	25	0.000095	0.003040	0.000095
512	9350	866	303	5734	0.021873	0.026524	0.021873
512	9350	867	628	4301	0.016407	0.040462	0.016407
512	9350	868	299	44	0.000168	0.004177	0.000168
512	9350	869	517	3347	0.012768	0.031765	0.012768
512	9350	870	423	565	0.002155	0.008476	0.002155
512	9350	871	718	5781	0.022053	0.052132	0.022053
512	9350	872	730	2611	0.009960	0.033295	0.009960
512	9350	873	332	109	0.000416	0.004890	0.000416
512	9350	874	598	7038	0.026848	0.051350	0.026848
512	9350	875	352	1975	0.007534	0.012817	0.007534
512	9350	876	381	4517	0.017231	0.023567	0.017231
512	9350	877	415	1468	0.005600	0.012428	0.005600
512	9350	878	278	52	0.000198	0.004406	0.000198
512	9350	879	390	5610	0.021400	0.027164	0.021400
512	9350	880	470	4814	0.018364	0.032917	0.018364
512	9350	881	429	77	0.000294	0.008438	0.000294
512	9350	882	672	2625	0.010014	0.023048	0.010014
512	9350	883	514	8526	0.032524	0.043537	0.032524
512	9350	884	627	2727	0.010403	0.019657	0.010403
512	9350	885	311	153	0.000584	0.006626	0.000584
512	9350	886	558	3320	0.012665	0.026501	0.012665
512	9350	887	201	13	0.000050	0.002457	0.000050
512	9350	888	490	4465	0.017033	0.024971	0.017033
512	9350	889	405	4160	0.015869	0.022491	0.015869
512	9350	890	352	31	0.000118	0.004639	0.000118
512	9350	891	682	12052	0.045975	0.080795	0.045975
512	9350	892	329	166	0.000633	0.005028	0.000633
512	9350	893	322	6127	0.023373	0.028141	0.023373
512	9350	894	483	4957	0.018909	0.029095	0.018909
512	9350	895	462	1591	0.006069	0.013863	0.006069
512	9350	896	262	21	0.000080	0.003506	0.000080
512	9350	897	539	6050	0.023079	0.032242	0.023079
512	9350	898	589	4227	0.016125	0.034683	0.016125
512	9350	899	508	2672	0.010193	0.018940	0.010193
512	9350	900	388	34	0.000130	0.005165	0.000130
512	9350	901	386	29	0.000111	0.004921	0.000111
512	9350	902	347	2495	0.009518	0.014553	0.009518
512	9350	903	227	27	0.000103	0.003147	0.000103
512	9350	904	288	1587	0.006054	0.010876	0.006054
512	9350	905	289	43	0.000164	0.004433	0.000164
512	9350	906	150	20	0.000076	0.001862	0.000076
512	9350	907	331	43	0.000164	0.005306	0.000164
512	9350	908	453	1711	0.006527	0.013988	0.006527
512	9350	909	812	5526	0.021080	0.052174	0.021080
512	9350	910	273	51	0.000195	0.004124	0.000195
512	9350	911	200	41	0.000156	0.002697	0.000156
512	9350	912	421	2080	0.007935	0.014439	0.007935
512	9350	913	505	624	0.002380	0.012497	0.002380
512	9350	914	258	330	0.001259	0.005829	0.001259
512	9350	915	503	1917	0.007313	0.017857	0.007313
512	9350	916	471	1567	0.005978	0.014111	0.005978
512	9350	917	161	14	0.000053	0.001949	0.000053
512	9350	918	159	15	0.000057	0.002110	0.000057
512	9350	919	364	2855	0.010891	0.016293	0.010891
512	9350	920	168	17	0.000065	0.002274	0.000065
512	9350	921	424	5720	0.021820	0.028419	0.021820
512	9350	922	291	708	0.002701	0.008682	0.002701
512	9350	923	497	1553	0.005924	0.018883	0.005924
512	9350	924	142	25	0.000095	0.001740	0.000095
512	9350	925	498	240	0.000916	0.008545	0.000916
512	9350	926	191	29	0.000111	0.002617	0.000111
512	9350	927	556	7336	0.027985	0.051086	0.027985
512	9350	928	258	460	0.001755	0.006252	0.001755
512	9350	929	448	1487	0.005672	0.013184	0.005672
512	9350	930	860	9562	0.036476	0.104660	0.036476
512	9350	931	268	83	0.000317	0.004711	0.000317
512	9350	932	291	41	0.000156	0.003902	0.000156
512	9350	933	202	13	0.000050	0.002312	0.000050
512	9350	934	361	1739	0.006634	0.012329	0.006634
512	9350	935	277	34	0.000130	0.004379	0.000130
512	9350	936	759	5548	0.021164	0.035965	0.021164
512	9350	937	450	313	0.001194	0.008736	0.001194
512	9350	938	406	163	0.000622	0.008160	0.000622
512	9350	939	387	2062	0.007866	0.013756	0.007866
512	9350	940	234	24	0.000092	0.002682	0.000092
512	9350	941	113	13	0.000050	0.001411	0.000050
512	9350	942	163	17	0.000065	0.002068	0.000065
512	9350	943	259	3399	0.012966	0.017082	0.012966
512	9350	944	230	21	0.000080	0.002743	0.000080
512	9350	945	304	5140	0.019608	0.024719	0.019608
512	9350	946	423	4417	0.016850	0.022629	0.016850
512	9350	947	381	22	0.000084	0.005035	0.000084
512	9350	948	357	811	0.003094	0.008450	0.003094
512	9350	949	486	3175	0.012112	0.024109	0.012112
512	9350	950	379	1286	0.004906	0.012527	0.004906
512	9350	951	764	4056	0.015472	0.035759	0.015472
512	9350	952	355	113	0.000431	0.006138	0.000431
512	9350	953	524	1544	0.005890	0.015797	0.005890
512	9350	954	712	1015	0.003872	0.015625	0.003872
512	9350	955	153	13	0.000050	0.001656	0.000050
512	9350	956	479	2630	0.010033	0.016735	0.010033
512	9350	957	416	105	0.000401	0.007648	0.000401
512	9350	958	632	6488	0.024750	0.048622	0.024750
512	9350	959	330	25	0.000095	0.004269	0.000095
512	9350	960	369	1067	0.004070	0.011154	0.004070
512	9350	961	397	4448	0.016968	0.022884	0.016968
512	9350	962	579	7565	0.028858	0.066292	0.028858
512	9350	963	212	19	0.000072	0.002617	0.000072
512	9350	964	529	5345	0.020390	0.028584	0.020390
512	9350	965	329	41	0.000156	0.005295	0.000156
512	9350	966	349	42	0.000160	0.005032	0.000160
512	9350	967	312	3318	0.012657	0.016602	0.012657
512	9350	968	365	3863	0.014736	0.020954	0.014736
512	9350	969	151	14	0.000053	0.001778	0.000053
512	9350	970	359	1702	0.006493	0.012157	0.006493
512	9350	971	381	40	0.000153	0.005230	0.000153
512	9350	972	316	26	0.000099	0.004078	0.000099
512	9350	973	726	4422	0.016869	0.031887	0.016869
512	9350	974	186	23	0.000088	0.002110	0.000088
512	9350	975	133	15	0.000057	0.001438	0.000057
512	9350	976	180	20	0.000076	0.002300	0.000076
512	9350	977	83	12	0.000046	0.000908	0.000046
512	9350	978	791	9726	0.037102	0.070099	0.037102
512	9350	979	301	42	0.000160	0.004528	0.000160
512	9350	980	420	2835	0.010815	0.028114	0.010815
512	9350	981	537	3799	0.014492	0.022598	0.014492
512	9350	982	349	2809	0.010715	0.015942	0.010715
512	9350	983	640	1064	0.004059	0.017277	0.004059
512	9350	984	384	3187	0.012157	0.018906	0.012157
512	9350	985	249	34	0.000130	0.002872	0.000130
512	9350	986	304	1399	0.005337	0.010475	0.005337
512	9350	987	520	1991	0.007595	0.018856	0.007595
512	9350	988	705	2159	0.008236	0.028145	0.008236
512	9350	989	514	182	0.000694	0.009365	0.000694
512	9350	990	345	1832	0.006989	0.012299	0.006989
512	9350	991	307	2976	0.011353	0.015930	0.011353
512	9350	992	529	3026	0.011543	0.024055	0.011543
512	9350	993	468	1136	0.004333	0.012913	0.004333
512	9350	994	626	95	0.000362	0.010635	0.000362
512	9350	995	299	3877	0.014790	0.019886	0.014790
512	9350	996	509	2531	0.009655	0.024464	0.009655
512	9350	997	574	7229	0.027576	0.040482	0.027576
512	9350	998	617	4628	0.017654	0.028301	0.017654
512	9350	999	236	19	0.000072	0.003082	0.000072
512	9350	1000	243	1383	0.005276	0.009174	0.005276
