512	10000	2	1	255667	0.975292	0.975292	0.000000
512	10000	3	1	255668	0.975296	0.975296	0.000000
512	10000	4	1	255668	0.975296	0.975296	0.000000
512	10000	5	1	255668	0.975296	0.975296	0.000000
512	10000	6	1	255667	0.975292	0.975292	0.000000
512	10000	7	1	255667	0.975292	0.975292	0.000000
512	10000	8	1	255669	0.975300	0.975300	0.000000
512	10000	9	1	255667	0.975292	0.975292	0.000000
512	10000	10	1	255669	0.975300	0.975300	0.000000
512	10000	11	1	255667	0.975292	0.975292	0.000000
512	10000	12	1	255668	0.975296	0.975296	0.000000
512	10000	13	1	255667	0.975292	0.975292	0.000000
512	10000	14	1	255669	0.975300	0.975300	0.000000
512	10000	15	1	255667	0.975292	0.975292	0.000000
512	10000	16	1	255669	0.975300	0.975300	0.000000
512	10000	17	1	255667	0.975292	0.975292	0.000000
512	10000	18	1	255669	0.975300	0.975300	0.000000
512	10000	19	1	255669	0.975300	0.975300	0.000000
512	10000	20	1	255668	0.975296	0.975296	0.000000
512	10000	21	1	255669	0.975300	0.975300	0.000000
512	10000	22	1	255667	0.975292	0.975292	0.000000
512	10000	23	1	255668	0.975296	0.975296	0.000000
512	10000	24	1	255667	0.975292	0.975292	0.000000
512	10000	25	1	255667	0.975292	0.975292	0.000000
512	10000	26	1	255667	0.975292	0.975292	0.000000
512	10000	27	1	255667	0.975292	0.975292	0.000000
512	10000	28	1	255668	0.975296	0.975296	0.000000
512	10000	29	1	255669	0.975300	0.975300	0.000000
512	10000	30	1	255667	0.975292	0.975292	0.000000
512	10000	31	1	255668	0.975296	0.975296	0.000000
512	10000	32	1	255669	0.975300	0.975300	0.000000
512	10000	33	1	255668	0.975296	0.975296	0.000000
512	10000	34	1	255667	0.975292	0.975292	0.000000
512	10000	35	1	255669	0.975300	0.975300	0.000000
512	10000	36	1	255668	0.975296	0.975296	0.000000
512	10000	37	1	255668	0.975296	0.975296	0.000000
512	10000	38	1	255669	0.975300	0.975300	0.000000
512	10000	39	1	255668	0.975296	0.975296	0.000000
512	10000	40	1	255668	0.975296	0.975296	0.000000
512	10000	41	1	255668	0.975296	0.975296	0.000000
512	10000	42	1	255667	0.975292	0.975292	0.000000
512	10000	43	1	255667	0.975292	0.975292	0.000000
512	10000	44	1	255669	0.975300	0.975300	0.000000
512	10000	45	1	255668	0.975296	0.975296	0.000000
512	10000	46	1	255669	0.975300	0.975300	0.000000
512	10000	47	1	255668	0.975296	0.975296	0.000000
512	10000	48	1	255668	0.975296	0.975296	0.000000
512	10000	49	1	255667	0.975292	0.975292	0.000000
512	10000	50	1	255667	0.975292	0.975292	0.000000
512	10000	51	1	255667	0.975292	0.975292	0.000000
512	10000	52	1	255667	0.975292	0.975292	0.000000
512	10000	53	1	255667	0.975292	0.975292	0.000000
512	10000	54	1	255668	0.975296	0.975296	0.000000
512	10000	55	1	255668	0.975296	0.975296	0.000000
512	10000	56	1	255667	0.975292	0.975292	0.000000
512	10000	57	1	255669	0.975300	0.975300	0.000000
512	10000	58	1	255669	0.975300	0.975300	0.000000
512	10000	59	1	255669	0.975300	0.975300	0.000000
512	10000	60	1	255669	0.975300	0.975300	0.000000
512	10000	61	1	255669	0.975300	0.975300	0.000000
512	10000	62	1	255669	0.975300	0.975300	0.000000
512	10000	63	1	255667	0.975292	0.975292	0.000000
512	10000	64	1	255668	0.975296	0.975296	0.000000
512	10000	65	1	255667	0.975292	0.975292	0.000000
512	10000	66	1	255669	0.975300	0.975300	0.000000
512	10000	67	1	255669	0.975300	0.975300	0.000000
512	10000	68	1	255669	0.975300	0.975300	0.000000
512	10000	69	1	255668	0.975296	0.975296	0.000000
512	10000	70	1	255667	0.975292	0.975292	0.000000
512	10000	71	1	255667	0.975292	0.975292	0.000000
512	10000	72	1	255668	0.975296	0.975296	0.000000
512	10000	73	1	255668	0.975296	0.975296	0.000000
512	10000	74	1	255669	0.975300	0.975300	0.000000
512	10000	75	1	255667	0.975292	0.975292	0.000000
512	10000	76	1	255669	0.975300	0.975300	0.000000
512	10000	77	1	255668	0.975296	0.975296	0.000000
512	10000	78	1	255668	0.975296	0.975296	0.000000
512	10000	79	1	255667	0.975292	0.975292	0.000000
512	10000	80	1	255669	0.975300	0.975300	0.000000
512	10000	81	1	255668	0.975296	0.975296	0.000000
512	10000	82	1	255668	0.975296	0.975296	0.000000
512	10000	83	1	255667	0.975292	0.975292	0.000000
512	10000	84	1	255668	0.975296	0.975296	0.000000
512	10000	85	1	255668	0.975296	0.975296	0.000000
512	10000	86	1	255667	0.975292	0.975292	0.000000
512	10000	87	1	255668	0.975296	0.975296	0.000000
512	10000	88	1	255669	0.975300	0.975300	0.000000
512	10000	89	1	255669	0.975300	0.975300	0.000000
512	10000	90	1	255667	0.975292	0.975292	0.000000
512	10000	91	1	255669	0.975300	0.975300	0.000000
512	10000	92	1	255667	0.975292	0.975292	0.000000
512	10000	93	1	255668	0.975296	0.975296	0.000000
512	10000	94	1	255668	0.975296	0.975296	0.000000
512	10000	95	1	255668	0.975296	0.975296	0.000000
512	10000	96	1	255668	0.975296	0.975296	0.000000
512	10000	97	1	255668	0.975296	0.975296	0.000000
512	10000	98	1	255667	0.975292	0.975292	0.000000
512	10000	99	1	255668	0.975296	0.975296	0.000000
512	10000	100	1	255667	0.975292	0.975292	0.000000
512	10000	101	1	255667	0.975292	0.975292	0.000000
512	10000	102	1	255669	0.975300	0.975300	0.000000
512	10000	103	1	255668	0.975296	0.975296	0.000000
512	10000	104	1	255668	0.975296	0.975296	0.000000
512	10000	105	1	255667	0.975292	0.975292	0.000000
512	10000	106	1	255669	0.975300	0.975300	0.000000
512	10000	107	1	255668	0.975296	0.975296	0.000000
512	10000	108	1	255669	0.975300	0.975300	0.000000
512	10000	109	1	255668	0.975296	0.975296	0.000000
512	10000	110	1	255669	0.975300	0.975300	0.000000
512	10000	111	1	255667	0.975292	0.975292	0.000000
512	10000	112	1	255669	0.975300	0.975300	0.000000
512	10000	113	1	255668	0.975296	0.975296	0.000000
512	10000	114	1	255669	0.975300	0.975300	0.000000
512	10000	115	1	255667	0.975292	0.975292	0.000000
512	10000	116	1	255667	0.975292	0.975292	0.000000
512	10000	117	1	255668	0.975296	0.975296	0.000000
512	10000	118	1	255668	0.975296	0.975296	0.000000
512	10000	119	1	255667	0.975292	0.975292	0.000000
512	10000	120	1	255669	0.975300	0.975300	0.000000
512	10000	121	1	255667	0.975292	0.975292	0.000000
512	10000	122	1	255667	0.975292	0.975292	0.000000
512	10000	123	1	255668	0.975296	0.975296	0.000000
512	10000	124	1	255667	0.975292	0.975292	0.000000
512	10000	125	1	255668	0.975296	0.975296	0.000000
512	10000	126	1	255668	0.975296	0.975296	0.000000
512	10000	127	1	255668	0.975296	0.975296	0.000000
512	10000	128	1	255667	0.975292	0.975292	0.000000
512	10000	129	1	255669	0.975300	0.975300	0.000000
512	10000	130	1	255668	0.975296	0.975296	0.000000
512	10000	131	1	255667	0.975292	0.975292	0.000000
512	10000	132	1	255668	0.975296	0.975296	0.000000
512	10000	133	1	255669	0.975300	0.975300	0.000000
512	10000	134	1	255669	0.975300	0.975300	0.000000
512	10000	135	1	255667	0.975292	0.975292	0.000000
512	10000	136	1	255667	0.975292	0.975292	0.000000
512	10000	137	1	255668	0.975296	0.975296	0.000000
512	10000	138	1	255668	0.975296	0.975296	0.000000
512	10000	139	1	255669	0.975300	0.975300	0.000000
512	10000	140	1	255668	0.975296	0.975296	0.000000
512	10000	141	1	255668	0.975296	0.975296	0.000000
512	10000	142	1	255667	0.975292	0.975292	0.000000
512	10000	143	1	255667	0.975292	0.975292	0.000000
512	10000	144	1	255667	0.975292	0.975292	0.000000
512	10000	145	1	255667	0.975292	0.975292	0.000000
512	10000	146	1	255668	0.975296	0.975296	0.000000
512	10000	147	1	255669	0.975300	0.975300	0.000000
512	10000	148	1	255667	0.975292	0.975292	0.000000
512	10000	149	1	255667	0.975292	0.975292	0.000000
512	10000	150	1	255669	0.975300	0.975300	0.000000
512	10000	151	1	255668	0.975296	0.975296	0.000000
512	10000	152	1	255669	0.975300	0.975300	0.000000
512	10000	153	1	255668	0.975296	0.975296	0.000000
512	10000	154	1	255667	0.975292	0.975292	0.000000
512	10000	155	1	255668	0.975296	0.975296	0.000000
512	10000	156	1	255668	0.975296	0.975296	0.000000
512	10000	157	1	255667	0.975292	0.975292	0.000000
512	10000	158	1	255667	0.975292	0.975292	0.000000
512	10000	159	1	255667	0.975292	0.975292	0.000000
512	10000	160	1	255669	0.975300	0.975300	0.000000
512	10000	161	1	255669	0.975300	0.975300	0.000000
512	10000	162	1	255667	0.975292	0.975292	0.000000
512	10000	163	1	255668	0.975296	0.975296	0.000000
512	10000	164	1	255668	0.975296	0.975296	0.000000
512	10000	165	1	255667	0.975292	0.975292	0.000000
512	10000	166	1	255667	0.975292	0.975292	0.000000
512	10000	167	1	255669	0.975300	0.975300	0.000000
512	10000	168	1	255667	0.975292	0.975292	0.000000
512	10000	169	1	255668	0.975296	0.975296	0.000000
512	10000	170	1	255668	0.975296	0.975296	0.000000
512	10000	171	1	255669	0.975300	0.975300	0.000000
512	10000	172	1	255669	0.975300	0.975300	0.000000
512	10000	173	1	255669	0.975300	0.975300	0.000000
512	10000	174	1	255668	0.975296	0.975296	0.000000
512	10000	175	1	255669	0.975300	0.975300	0.000000
512	10000	176	1	255667	0.975292	0.975292	0.000000
512	10000	177	1	255669	0.975300	0.975300	0.000000
512	10000	178	1	255668	0.975296	0.975296	0.000000
512	10000	179	1	255667	0.975292	0.975292	0.000000
512	10000	180	1	255668	0.975296	0.975296	0.000000
512	10000	181	1	255668	0.975296	0.975296	0.000000
512	10000	182	1	255668	0.975296	0.975296	0.000000
512	10000	183	1	255668	0.975296	0.975296	0.000000
512	10000	184	1	255668	0.975296	0.975296	0.000000
512	10000	185	1	255669	0.975300	0.975300	0.000000
512	10000	186	1	255668	0.975296	0.975296	0.000000
512	10000	187	1	255667	0.975292	0.975292	0.000000
512	10000	188	1	255668	0.975296	0.975296	0.000000
512	10000	189	1	255668	0.975296	0.975296	0.000000
512	10000	190	1	255667	0.975292	0.975292	0.000000
512	10000	191	1	255667	0.975292	0.975292	0.000000
512	10000	192	1	255667	0.975292	0.975292	0.000000
512	10000	193	1	255669	0.975300	0.975300	0.000000
512	10000	194	1	255667	0.975292	0.975292	0.000000
512	10000	195	1	255668	0.975296	0.975296	0.000000
512	10000	196	1	255669	0.975300	0.975300	0.000000
512	10000	197	1	255667	0.975292	0.975292	0.000000
512	10000	198	1	255667	0.975292	0.975292	0.000000
512	10000	199	1	255667	0.975292	0.975292	0.000000
512	10000	200	1	255667	0.975292	0.975292	0.000000
512	10000	201	1	255667	0.975292	0.975292	0.000000
512	10000	202	1	255667	0.975292	0.975292	0.000000
512	10000	203	1	255667	0.975292	0.975292	0.000000
512	10000	204	1	255668	0.975296	0.975296	0.000000
512	10000	205	1	255667	0.975292	0.975292	0.000000
512	10000	206	1	255669	0.975300	0.975300	0.000000
512	10000	207	1	255668	0.975296	0.975296	0.000000
512	10000	208	1	255667	0.975292	0.975292	0.000000
512	10000	209	1	255667	0.975292	0.975292	0.000000
512	10000	210	1	255669	0.975300	0.975300	0.000000
512	10000	211	1	255668	0.975296	0.975296	0.000000
512	10000	212	1	255668	0.975296	0.975296	0.000000
512	10000	213	1	255667	0.975292	0.975292	0.000000
512	10000	214	1	255669	0.975300	0.975300	0.000000
512	10000	215	1	255668	0.975296	0.975296	0.000000
512	10000	216	1	255667	0.975292	0.975292	0.000000
512	10000	217	1	255667	0.975292	0.975292	0.000000
512	10000	218	1	255669	0.975300	0.975300	0.000000
512	10000	219	1	255668	0.975296	0.975296	0.000000
512	10000	220	1	255667	0.975292	0.975292	0.000000
512	10000	221	1	255669	0.975300	0.975300	0.000000
512	10000	222	1	255668	0.975296	0.975296	0.000000
512	10000	223	1	255669	0.975300	0.975300	0.000000
512	10000	224	1	255667	0.975292	0.975292	0.000000
512	10000	225	1	255668	0.975296	0.975296	0.000000
512	10000	226	1	255668	0.975296	0.975296	0.000000
512	10000	227	1	255669	0.975300	0.975300	0.000000
512	10000	228	1	255668	0.975296	0.975296	0.000000
512	10000	229	1	255668	0.975296	0.975296	0.000000
512	10000	230	1	255667	0.975292	0.975292	0.000000
512	10000	231	1	255667	0.975292	0.975292	0.000000
512	10000	232	1	255667	0.975292	0.975292	0.000000
512	10000	233	1	255668	0.975296	0.975296	0.000000
512	10000	234	1	255667	0.975292	0.975292	0.000000
512	10000	235	1	255668	0.975296	0.975296	0.000000
512	10000	236	1	255668	0.975296	0.975296	0.000000
512	10000	237	1	255669	0.975300	0.975300	0.000000
512	10000	238	1	255669	0.975300	0.975300	0.000000
512	10000	239	1	255668	0.975296	0.975296	0.000000
512	10000	240	1	255667	0.975292	0.975292	0.000000
512	10000	241	1	255668	0.975296	0.975296	0.000000
512	10000	242	1	255668	0.975296	0.975296	0.000000
512	10000	243	1	255668	0.975296	0.975296	0.000000
512	10000	244	1	255667	0.975292	0.975292	0.000000
512	10000	245	1	255668	0.975296	0.975296	0.000000
512	10000	246	1	255668	0.975296	0.975296	0.000000
512	10000	247	1	255667	0.975292	0.975292	0.000000
512	10000	248	1	255669	0.975300	0.975300	0.000000
512	10000	249	1	255668	0.975296	0.975296	0.000000
512	10000	250	1	255669	0.975300	0.975300	0.000000
512	10000	251	1	255667	0.975292	0.975292	0.000000
512	10000	252	1	255669	0.975300	0.975300	0.000000
512	10000	253	1	255667	0.975292	0.975292	0.000000
512	10000	254	1	255667	0.975292	0.975292	0.000000
512	10000	255	1	255667	0.975292	0.975292	0.000000
512	10000	256	1	255667	0.975292	0.975292	0.000000
512	10000	257	1	255667	0.975292	0.975292	0.000000
512	10000	258	1	255668	0.975296	0.975296	0.000000
512	10000	259	1	255667	0.975292	0.975292	0.000000
512	10000	260	1	255668	0.975296	0.975296	0.000000
512	10000	261	1	255667	0.975292	0.975292	0.000000
512	10000	262	1	255667	0.975292	0.975292	0.000000
512	10000	263	1	255668	0.975296	0.975296	0.000000
512	10000	264	1	255668	0.975296	0.975296	0.000000
512	10000	265	1	255669	0.975300	0.975300	0.000000
512	10000	266	1	255667	0.975292	0.975292	0.000000
512	10000	267	1	255667	0.975292	0.975292	0.000000
512	10000	268	1	255668	0.975296	0.975296	0.000000
512	10000	269	1	255668	0.975296	0.975296	0.000000
512	10000	270	1	255669	0.975300	0.975300	0.000000
512	10000	271	1	255668	0.975296	0.975296	0.000000
512	10000	272	1	255667	0.975292	0.975292	0.000000
512	10000	273	1	255667	0.975292	0.975292	0.000000
512	10000	274	1	255668	0.975296	0.975296	0.000000
512	10000	275	1	255668	0.975296	0.975296	0.000000
512	10000	276	1	255667	0.975292	0.975292	0.000000
512	10000	277	1	255668	0.975296	0.975296	0.000000
512	10000	278	1	255668	0.975296	0.975296	0.000000
512	10000	279	1	255667	0.975292	0.975292	0.000000
512	10000	280	1	255667	0.975292	0.975292	0.000000
512	10000	281	1	255668	0.975296	0.975296	0.000000
512	10000	282	1	255668	0.975296	0.975296	0.000000
512	10000	283	1	255668	0.975296	0.975296	0.000000
512	10000	284	1	255668	0.975296	0.975296	0.000000
512	10000	285	1	255667	0.975292	0.975292	0.000000
512	10000	286	1	255667	0.975292	0.975292	0.000000
512	10000	287	1	255667	0.975292	0.975292	0.000000
512	10000	288	1	255668	0.975296	0.975296	0.000000
512	10000	289	1	255667	0.975292	0.975292	0.000000
512	10000	290	1	255668	0.975296	0.975296	0.000000
512	10000	291	1	255667	0.975292	0.975292	0.000000
512	10000	292	1	255667	0.975292	0.975292	0.000000
512	10000	293	1	255668	0.975296	0.975296	0.000000
512	10000	294	1	255667	0.975292	0.975292	0.000000
512	10000	295	1	255668	0.975296	0.975296	0.000000
512	10000	296	1	255667	0.975292	0.975292	0.000000
512	10000	297	1	255667	0.975292	0.975292	0.000000
512	10000	298	1	255668	0.975296	0.975296	0.000000
512	10000	299	1	255669	0.975300	0.975300	0.000000
512	10000	300	1	255667	0.975292	0.975292	0.000000
512	10000	301	1	255667	0.975292	0.975292	0.000000
512	10000	302	1	255669	0.975300	0.975300	0.000000
512	10000	303	1	255669	0.975300	0.975300	0.000000
512	10000	304	1	255667	0.975292	0.975292	0.000000
512	10000	305	1	255667	0.975292	0.975292	0.000000
512	10000	306	1	255668	0.975296	0.975296	0.000000
512	10000	307	1	255668	0.975296	0.975296	0.000000
512	10000	308	1	255667	0.975292	0.975292	0.000000
512	10000	309	1	255668	0.975296	0.975296	0.000000
512	10000	310	1	255667	0.975292	0.975292	0.000000
512	10000	311	1	255669	0.975300	0.975300	0.000000
512	10000	312	1	255669	0.975300	0.975300	0.000000
512	10000	313	1	255668	0.975296	0.975296	0.000000
512	10000	314	1	255669	0.975300	0.975300	0.000000
512	10000	315	1	255668	0.975296	0.975296	0.000000
512	10000	316	1	255669	0.975300	0.975300	0.000000
512	10000	317	1	255668	0.975296	0.975296	0.000000
512	10000	318	1	255668	0.975296	0.975296	0.000000
512	10000	319	1	255667	0.975292	0.975292	0.000000
512	10000	320	1	255668	0.975296	0.975296	0.000000
512	10000	321	1	255669	0.975300	0.975300	0.000000
512	10000	322	1	255669	0.975300	0.975300	0.000000
512	10000	323	1	255667	0.975292	0.975292	0.000000
512	10000	324	1	255668	0.975296	0.975296	0.000000
512	10000	325	1	255667	0.975292	0.975292	0.000000
512	10000	326	1	255669	0.975300	0.975300	0.000000
512	10000	327	1	255668	0.975296	0.975296	0.000000
512	10000	328	1	255669	0.975300	0.975300	0.000000
512	10000	329	1	255667	0.975292	0.975292	0.000000
512	10000	330	1	255668	0.975296	0.975296	0.000000
512	10000	331	1	255669	0.975300	0.975300	0.000000
512	10000	332	1	255668	0.975296	0.975296	0.000000
512	10000	333	1	255669	0.975300	0.975300	0.000000
512	10000	334	1	255669	0.975300	0.975300	0.000000
512	10000	335	1	255669	0.975300	0.975300	0.000000
512	10000	336	1	255669	0.975300	0.975300	0.000000
512	10000	337	1	255668	0.975296	0.975296	0.000000
512	10000	338	1	255669	0.975300	0.975300	0.000000
512	10000	339	1	255668	0.975296	0.975296	0.000000
512	10000	340	1	255667	0.975292	0.975292	0.000000
512	10000	341	1	255668	0.975296	0.975296	0.000000
512	10000	342	1	255669	0.975300	0.975300	0.000000
512	10000	343	1	255667	0.975292	0.975292	0.000000
512	10000	344	1	255668	0.975296	0.975296	0.000000
512	10000	345	1	255669	0.975300	0.975300	0.000000
512	10000	346	1	255667	0.975292	0.975292	0.000000
512	10000	347	1	255667	0.975292	0.975292	0.000000
512	10000	348	1	255669	0.975300	0.975300	0.000000
512	10000	349	1	255668	0.975296	0.975296	0.000000
512	10000	350	1	255668	0.975296	0.975296	0.000000
512	10000	351	1	255667	0.975292	0.975292	0.000000
512	10000	352	1	255667	0.975292	0.975292	0.000000
512	10000	353	1	255668	0.975296	0.975296	0.000000
512	10000	354	1	255668	0.975296	0.975296	0.000000
512	10000	355	1	255667	0.975292	0.975292	0.000000
512	10000	356	1	255668	0.975296	0.975296	0.000000
512	10000	357	1	255667	0.975292	0.975292	0.000000
512	10000	358	1	255669	0.975300	0.975300	0.000000
512	10000	359	1	255669	0.975300	0.975300	0.000000
512	10000	360	1	255667	0.975292	0.975292	0.000000
512	10000	361	1	255668	0.975296	0.975296	0.000000
512	10000	362	1	255667	0.975292	0.975292	0.000000
512	10000	363	1	255667	0.975292	0.975292	0.000000
512	10000	364	1	255668	0.975296	0.975296	0.000000
512	10000	365	1	255667	0.975292	0.975292	0.000000
512	10000	366	1	255667	0.975292	0.975292	0.000000
512	10000	367	1	255667	0.975292	0.975292	0.000000
512	10000	368	1	255669	0.975300	0.975300	0.000000
512	10000	369	1	255668	0.975296	0.975296	0.000000
512	10000	370	1	255667	0.975292	0.975292	0.000000
512	10000	371	1	255668	0.975296	0.975296	0.000000
512	10000	372	1	255668	0.975296	0.975296	0.000000
512	10000	373	1	255667	0.975292	0.975292	0.000000
512	10000	374	1	255668	0.975296	0.975296	0.000000
512	10000	375	1	255668	0.975296	0.975296	0.000000
512	10000	376	1	255669	0.975300	0.975300	0.000000
512	10000	377	1	255667	0.975292	0.975292	0.000000
512	10000	378	1	255667	0.975292	0.975292	0.000000
512	10000	379	1	255668	0.975296	0.975296	0.000000
512	10000	380	1	255669	0.975300	0.975300	0.000000
512	10000	381	1	255669	0.975300	0.975300	0.000000
512	10000	382	1	255668	0.975296	0.975296	0.000000
512	10000	383	1	255668	0.975296	0.975296	0.000000
512	10000	384	1	255667	0.975292	0.975292	0.000000
512	10000	385	1	255669	0.975300	0.975300	0.000000
512	10000	386	1	255667	0.975292	0.975292	0.000000
512	10000	387	1	255669	0.975300	0.975300	0.000000
512	10000	388	1	255669	0.975300	0.975300	0.000000
512	10000	389	1	255667	0.975292	0.975292	0.000000
512	10000	390	1	255668	0.975296	0.975296	0.000000
512	10000	391	1	255668	0.975296	0.975296	0.000000
512	10000	392	1	255669	0.975300	0.975300	0.000000
512	10000	393	1	255668	0.975296	0.975296	0.000000
512	10000	394	1	255669	0.975300	0.975300	0.000000
512	10000	395	1	255669	0.975300	0.975300	0.000000
512	10000	396	1	255667	0.975292	0.975292	0.000000
512	10000	397	1	255667	0.975292	0.975292	0.000000
512	10000	398	1	255668	0.975296	0.975296	0.000000
512	10000	399	1	255667	0.975292	0.975292	0.000000
512	10000	400	1	255667	0.975292	0.975292	0.000000
512	10000	401	1	255667	0.975292	0.975292	0.000000
512	10000	402	1	255668	0.975296	0.975296	0.000000
512	10000	403	1	255668	0.975296	0.975296	0.000000
512	10000	404	1	255668	0.975296	0.975296	0.000000
512	10000	405	1	255669	0.975300	0.975300	0.000000
512	10000	406	1	255667	0.975292	0.975292	0.000000
512	10000	407	1	255668	0.975296	0.975296	0.000000
512	10000	408	1	255668	0.975296	0.975296	0.000000
512	10000	409	1	255667	0.975292	0.975292	0.000000
512	10000	410	1	255667	0.975292	0.975292	0.000000
512	10000	411	1	255667	0.975292	0.975292	0.000000
512	10000	412	1	255667	0.975292	0.975292	0.000000
512	10000	413	1	255667	0.975292	0.975292	0.000000
512	10000	414	1	255669	0.975300	0.975300	0.000000
512	10000	415	1	255667	0.975292	0.975292	0.000000
512	10000	416	1	255668	0.975296	0.975296	0.000000
512	10000	417	1	255669	0.975300	0.975300	0.000000
512	10000	418	1	255667	0.975292	0.975292	0.000000
512	10000	419	1	255669	0.975300	0.975300	0.000000
512	10000	420	1	255668	0.975296	0.975296	0.000000
512	10000	421	1	255668	0.975296	0.975296	0.000000
512	10000	422	1	255669	0.975300	0.975300	0.000000
512	10000	423	1	255669	0.975300	0.975300	0.000000
512	10000	424	1	255667	0.975292	0.975292	0.000000
512	10000	425	1	255669	0.975300	0.975300	0.000000
512	10000	426	1	255668	0.975296	0.975296	0.000000
512	10000	427	1	255667	0.975292	0.975292	0.000000
512	10000	428	1	255667	0.975292	0.975292	0.000000
512	10000	429	1	255667	0.975292	0.975292	0.000000
512	10000	430	1	255669	0.975300	0.975300	0.000000
512	10000	431	1	255667	0.975292	0.975292	0.000000
512	10000	432	1	255668	0.975296	0.975296	0.000000
512	10000	433	1	255667	0.975292	0.975292	0.000000
512	10000	434	1	255668	0.975296	0.975296	0.000000
512	10000	435	1	255668	0.975296	0.975296	0.000000
512	10000	436	1	255669	0.975300	0.975300	0.000000
512	10000	437	1	255667	0.975292	0.975292	0.000000
512	10000	438	1	255667	0.975292	0.975292	0.000000
512	10000	439	1	255668	0.975296	0.975296	0.000000
512	10000	440	1	255668	0.975296	0.975296	0.000000
512	10000	441	1	255667	0.975292	0.975292	0.000000
512	10000	442	1	255668	0.975296	0.975296	0.000000
512	10000	443	1	255668	0.975296	0.975296	0.000000
512	10000	444	1	255667	0.975292	0.975292	0.000000
512	10000	445	1	255667	0.975292	0.975292	0.000000
512	10000	446	1	255668	0.975296	0.975296	0.000000
512	10000	447	1	255667	0.975292	0.975292	0.000000
512	10000	448	1	255668	0.975296	0.975296	0.000000
512	10000	449	1	255667	0.975292	0.975292	0.000000
512	10000	450	1	255669	0.975300	0.975300	0.000000
512	10000	451	1	255667	0.975292	0.975292	0.000000
512	10000	452	1	255668	0.975296	0.975296	0.000000
512	10000	453	1	255667	0.975292	0.975292	0.000000
512	10000	454	1	255669	0.975300	0.975300	0.000000
512	10000	455	1	255668	0.975296	0.975296	0.000000
512	10000	456	1	255667	0.975292	0.975292	0.000000
512	10000	457	1	255667	0.975292	0.975292	0.000000
512	10000	458	1	255667	0.975292	0.975292	0.000000
512	10000	459	1	255669	0.975300	0.975300	0.000000
512	10000	460	1	255669	0.975300	0.975300	0.000000
512	10000	461	1	255667	0.975292	0.975292	0.000000
512	10000	462	1	255668	0.975296	0.975296	0.000000
512	10000	463	1	255668	0.975296	0.975296	0.000000
512	10000	464	1	255668	0.975296	0.975296	0.000000
512	10000	465	1	255667	0.975292	0.975292	0.000000
512	10000	466	1	255668	0.975296	0.975296	0.000000
512	10000	467	1	255669	0.975300	0.975300	0.000000
512	10000	468	1	255669	0.975300	0.975300	0.000000
512	10000	469	1	255668	0.975296	0.975296	0.000000
512	10000	470	1	255669	0.975300	0.975300	0.000000
512	10000	471	1	255667	0.975292	0.975292	0.000000
512	10000	472	1	255667	0.975292	0.975292	0.000000
512	10000	473	1	255668	0.975296	0.975296	0.000000
512	10000	474	1	255667	0.975292	0.975292	0.000000
512	10000	475	1	255667	0.975292	0.975292	0.000000
512	10000	476	1	255667	0.975292	0.975292	0.000000
512	10000	477	1	255667	0.975292	0.975292	0.000000
512	10000	478	1	255668	0.975296	0.975296	0.000000
512	10000	479	1	255667	0.975292	0.975292	0.000000
512	10000	480	1	255667	0.975292	0.975292	0.000000
512	10000	481	1	255669	0.975300	0.975300	0.000000
512	10000	482	1	255668	0.975296	0.975296	0.000000
512	10000	483	1	255668	0.975296	0.975296	0.000000
512	10000	484	1	255668	0.975296	0.975296	0.000000
512	10000	485	1	255668	0.975296	0.975296	0.000000
512	10000	486	1	255667	0.975292	0.975292	0.000000
512	10000	487	1	255669	0.975300	0.975300	0.000000
512	10000	488	1	255667	0.975292	0.975292	0.000000
512	10000	489	1	255668	0.975296	0.975296	0.000000
512	10000	490	1	255667	0.975292	0.975292	0.000000
512	10000	491	1	255668	0.975296	0.975296	0.000000
512	10000	492	1	255668	0.975296	0.975296	0.000000
512	10000	493	1	255667	0.975292	0.975292	0.000000
512	10000	494	1	255669	0.975300	0.975300	0.000000
512	10000	495	1	255667	0.975292	0.975292	0.000000
512	10000	496	1	255667	0.975292	0.975292	0.000000
512	10000	497	1	255669	0.975300	0.975300	0.000000
512	10000	498	1	255669	0.975300	0.975300	0.000000
512	10000	499	1	255667	0.975292	0.975292	0.000000
512	10000	500	1	255667	0.975292	0.975292	0.000000
512	10000	501	1	255667	0.975292	0.975292	0.000000
512	10000	502	1	255668	0.975296	0.975296	0.000000
512	10000	503	1	255668	0.975296	0.975296	0.000000
512	10000	504	1	255669	0.975300	0.975300	0.000000
512	10000	505	1	255669	0.975300	0.975300	0.000000
512	10000	506	1	255668	0.975296	0.975296	0.000000
512	10000	507	1	255669	0.975300	0.975300	0.000000
512	10000	508	1	255667	0.975292	0.975292	0.000000
512	10000	509	1	255669	0.975300	0.975300	0.000000
512	10000	510	1	255667	0.975292	0.975292	0.000000
512	10000	511	1	255668	0.975296	0.975296	0.000000
512	10000	512	1	255669	0.975300	0.975300	0.000000
512	10000	513	1	255668	0.975296	0.975296	0.000000
512	10000	514	1	255668	0.975296	0.975296	0.000000
512	10000	515	1	255668	0.975296	0.975296	0.000000
512	10000	516	1	255667	0.975292	0.975292	0.000000
512	10000	517	1	255668	0.975296	0.975296	0.000000
512	10000	518	1	255667	0.975292	0.975292	0.000000
512	10000	519	1	255667	0.975292	0.975292	0.000000
512	10000	520	1	255669	0.975300	0.975300	0.000000
512	10000	521	1	255667	0.975292	0.975292	0.000000
512	10000	522	1	255668	0.975296	0.975296	0.000000
512	10000	523	1	255667	0.975292	0.975292	0.000000
512	10000	524	1	255667	0.975292	0.975292	0.000000
512	10000	525	1	255667	0.975292	0.975292	0.000000
512	10000	526	1	255669	0.975300	0.975300	0.000000
512	10000	527	1	255668	0.975296	0.975296	0.000000
512	10000	528	1	255667	0.975292	0.975292	0.000000
512	10000	529	1	255668	0.975296	0.975296	0.000000
512	10000	530	1	255667	0.975292	0.975292	0.000000
512	10000	531	1	255667	0.975292	0.975292	0.000000
512	10000	532	1	255668	0.975296	0.975296	0.000000
512	10000	533	1	255669	0.975300	0.975300	0.000000
512	10000	534	1	255669	0.975300	0.975300	0.000000
512	10000	535	1	255669	0.975300	0.975300	0.000000
512	10000	536	1	255667	0.975292	0.975292	0.000000
512	10000	537	1	255668	0.975296	0.975296	0.000000
512	10000	538	1	255667	0.975292	0.975292	0.000000
512	10000	539	1	255668	0.975296	0.975296	0.000000
512	10000	540	1	255667	0.975292	0.975292	0.000000
512	10000	541	1	255668	0.975296	0.975296	0.000000
512	10000	542	1	255668	0.975296	0.975296	0.000000
512	10000	543	1	255668	0.975296	0.975296	0.000000
512	10000	544	1	255667	0.975292	0.975292	0.000000
512	10000	545	1	255667	0.975292	0.975292	0.000000
512	10000	546	1	255667	0.975292	0.975292	0.000000
512	10000	547	1	255667	0.975292	0.975292	0.000000
512	10000	548	1	255668	0.975296	0.975296	0.000000
512	10000	549	1	255667	0.975292	0.975292	0.000000
512	10000	550	1	255669	0.975300	0.975300	0.000000
512	10000	551	1	255667	0.975292	0.975292	0.000000
512	10000	552	1	255669	0.975300	0.975300	0.000000
512	10000	553	1	255669	0.975300	0.975300	0.000000
512	10000	554	1	255669	0.975300	0.975300	0.000000
512	10000	555	1	255668	0.975296	0.975296	0.000000
512	10000	556	1	255669	0.975300	0.975300	0.000000
512	10000	557	1	255668	0.975296	0.975296	0.000000
512	10000	558	1	255667	0.975292	0.975292	0.000000
512	10000	559	1	255667	0.975292	0.975292	0.000000
512	10000	560	1	255668	0.975296	0.975296	0.000000
512	10000	561	1	255669	0.975300	0.975300	0.000000
512	10000	562	1	255668	0.975296	0.975296	0.000000
512	10000	563	1	255668	0.975296	0.975296	0.000000
512	10000	564	1	255667	0.975292	0.975292	0.000000
512	10000	565	1	255668	0.975296	0.975296	0.000000
512	10000	566	1	255669	0.975300	0.975300	0.000000
512	10000	567	1	255667	0.975292	0.975292	0.000000
512	10000	568	1	255668	0.975296	0.975296	0.000000
512	10000	569	1	255668	0.975296	0.975296	0.000000
512	10000	570	1	255668	0.975296	0.975296	0.000000
512	10000	571	1	255669	0.975300	0.975300	0.000000
512	10000	572	1	255667	0.975292	0.975292	0.000000
512	10000	573	1	255667	0.975292	0.975292	0.000000
512	10000	574	1	255667	0.975292	0.975292	0.000000
512	10000	575	1	255668	0.975296	0.975296	0.000000
512	10000	576	1	255667	0.975292	0.975292	0.000000
512	10000	577	1	255668	0.975296	0.975296	0.000000
512	10000	578	1	255667	0.975292	0.975292	0.000000
512	10000	579	1	255668	0.975296	0.975296	0.000000
512	10000	580	1	255668	0.975296	0.975296	0.000000
512	10000	581	1	255667	0.975292	0.975292	0.000000
512	10000	582	1	255667	0.975292	0.975292	0.000000
512	10000	583	1	255668	0.975296	0.975296	0.000000
512	10000	584	1	255668	0.975296	0.975296	0.000000
512	10000	585	1	255667	0.975292	0.975292	0.000000
512	10000	586	1	255667	0.975292	0.975292	0.000000
512	10000	587	1	255667	0.975292	0.975292	0.000000
512	10000	588	1	255667	0.975292	0.975292	0.000000
512	10000	589	1	255668	0.975296	0.975296	0.000000
512	10000	590	1	255667	0.975292	0.975292	0.000000
512	10000	591	1	255669	0.975300	0.975300	0.000000
512	10000	592	1	255668	0.975296	0.975296	0.000000
512	10000	593	1	255669	0.975300	0.975300	0.000000
512	10000	594	1	255669	0.975300	0.975300	0.000000
512	10000	595	1	255668	0.975296	0.975296	0.000000
512	10000	596	1	255667	0.975292	0.975292	0.000000
512	10000	597	1	255669	0.975300	0.975300	0.000000
512	10000	598	1	255668	0.975296	0.975296	0.000000
512	10000	599	1	255667	0.975292	0.975292	0.000000
512	10000	600	1	255667	0.975292	0.975292	0.000000
512	10000	601	1	255668	0.975296	0.975296	0.000000
512	10000	602	1	255668	0.975296	0.975296	0.000000
512	10000	603	1	255667	0.975292	0.975292	0.000000
512	10000	604	1	255668	0.975296	0.975296	0.000000
512	10000	605	1	255667	0.975292	0.975292	0.000000
512	10000	606	1	255667	0.975292	0.975292	0.000000
