512	9700	2	1	257766	0.983299	0.983299	0.000000
512	9700	3	1	257766	0.983299	0.983299	0.000000
512	9700	4	1	257766	0.983299	0.983299	0.000000
512	9700	5	1	257766	0.983299	0.983299	0.000000
512	9700	6	1	257766	0.983299	0.983299	0.000000
512	9700	7	1	257766	0.983299	0.983299	0.000000
512	9700	8	1	257766	0.983299	0.983299	0.000000
512	9700	9	1	257766	0.983299	0.983299	0.000000
512	9700	10	1	257766	0.983299	0.983299	0.000000
512	9700	11	1	257761	0.983280	0.983280	0.000000
512	9700	12	1	257766	0.983299	0.983299	0.000000
512	9700	13	95	250679	0.956264	0.958115	0.000183
512	9700	14	1	257766	0.983299	0.983299	0.000000
512	9700	15	1	257766	0.983299	0.983299	0.000000
512	9700	16	1	257766	0.983299	0.983299	0.000000
512	9700	17	1	257766	0.983299	0.983299	0.000000
512	9700	18	1	257766	0.983299	0.983299	0.000000
512	9700	19	1	257766	0.983299	0.983299	0.000000
512	9700	20	1	257766	0.983299	0.983299	0.000000
512	9700	21	1	257766	0.983299	0.983299	0.000000
512	9700	22	1	257766	0.983299	0.983299	0.000000
512	9700	23	1	257766	0.983299	0.983299	0.000000
512	9700	24	1	257766	0.983299	0.983299	0.000000
512	9700	25	1	257766	0.983299	0.983299	0.000000
512	9700	26	1	257733	0.983173	0.983173	0.000000
512	9700	27	1	257763	0.983288	0.983288	0.000000
512	9700	28	1	257766	0.983299	0.983299	0.000000
512	9700	29	1	257766	0.983299	0.983299	0.000000
512	9700	30	1	257766	0.983299	0.983299	0.000000
512	9700	31	1	257766	0.983299	0.983299	0.000000
512	9700	32	34	255153	0.973331	0.973862	0.000149
512	9700	33	1	257766	0.983299	0.983299	0.000000
512	9700	34	1	257766	0.983299	0.983299	0.000000
512	9700	35	1	257766	0.983299	0.983299	0.000000
512	9700	36	1	257766	0.983299	0.983299	0.000000
512	9700	37	1	257766	0.983299	0.983299	0.000000
512	9700	38	1	257766	0.983299	0.983299	0.000000
512	9700	39	1	257766	0.983299	0.983299	0.000000
512	9700	40	1	257766	0.983299	0.983299	0.000000
512	9700	41	1	257766	0.983299	0.983299	0.000000
512	9700	42	1	257766	0.983299	0.983299	0.000000
512	9700	43	1	257766	0.983299	0.983299	0.000000
512	9700	44	1	257766	0.983299	0.983299	0.000000
512	9700	45	1	257766	0.983299	0.983299	0.000000
512	9700	46	1	257766	0.983299	0.983299	0.000000
512	9700	47	1	257766	0.983299	0.983299	0.000000
512	9700	48	1	257766	0.983299	0.983299	0.000000
512	9700	49	1	257766	0.983299	0.983299	0.000000
512	9700	50	1	257766	0.983299	0.983299	0.000000
512	9700	51	1	257766	0.983299	0.983299	0.000000
512	9700	52	1	257766	0.983299	0.983299	0.000000
512	9700	53	1	257766	0.983299	0.983299	0.000000
512	9700	54	1	257766	0.983299	0.983299	0.000000
512	9700	55	1	257766	0.983299	0.983299	0.000000
512	9700	56	1	257766	0.983299	0.983299	0.000000
512	9700	57	1	257766	0.983299	0.983299	0.000000
512	9700	58	1	257766	0.983299	0.983299	0.000000
512	9700	59	1	257766	0.983299	0.983299	0.000000
512	9700	60	1	257766	0.983299	0.983299	0.000000
512	9700	61	1	257766	0.983299	0.983299	0.000000
512	9700	62	1	257766	0.983299	0.983299	0.000000
512	9700	63	1	257766	0.983299	0.983299	0.000000
512	9700	64	1	257766	0.983299	0.983299	0.000000
512	9700	65	1	257766	0.983299	0.983299	0.000000
512	9700	66	1	257766	0.983299	0.983299	0.000000
512	9700	67	1	257766	0.983299	0.983299	0.000000
512	9700	68	1	257766	0.983299	0.983299	0.000000
512	9700	69	1	257766	0.983299	0.983299	0.000000
512	9700	70	1	257766	0.983299	0.983299	0.000000
512	9700	71	1	257766	0.983299	0.983299	0.000000
512	9700	72	1	257766	0.983299	0.983299	0.000000
512	9700	73	1	257766	0.983299	0.983299	0.000000
512	9700	74	1	257766	0.983299	0.983299	0.000000
512	9700	75	1	257766	0.983299	0.983299	0.000000
512	9700	76	1	257766	0.983299	0.983299	0.000000
512	9700	77	1	257766	0.983299	0.983299	0.000000
512	9700	78	1	257766	0.983299	0.983299	0.000000
512	9700	79	1	257766	0.983299	0.983299	0.000000
512	9700	80	1	257766	0.983299	0.983299	0.000000
512	9700	81	1	257766	0.983299	0.983299	0.000000
512	9700	82	1	257766	0.983299	0.983299	0.000000
512	9700	83	1	257766	0.983299	0.983299	0.000000
512	9700	84	1	257766	0.983299	0.983299	0.000000
512	9700	85	84	251594	0.959755	0.961357	0.000137
512	9700	86	1	257766	0.983299	0.983299	0.000000
512	9700	87	1	257766	0.983299	0.983299	0.000000
512	9700	88	1	257766	0.983299	0.983299	0.000000
512	9700	89	1	257766	0.983299	0.983299	0.000000
512	9700	90	1	257766	0.983299	0.983299	0.000000
512	9700	91	1	257766	0.983299	0.983299	0.000000
512	9700	92	1	257766	0.983299	0.983299	0.000000
512	9700	93	1	257766	0.983299	0.983299	0.000000
512	9700	94	1	257766	0.983299	0.983299	0.000000
512	9700	95	1	257766	0.983299	0.983299	0.000000
512	9700	96	1	257766	0.983299	0.983299	0.000000
512	9700	97	1	257766	0.983299	0.983299	0.000000
512	9700	98	1	257766	0.983299	0.983299	0.000000
512	9700	99	1	257766	0.983299	0.983299	0.000000
512	9700	100	1	257766	0.983299	0.983299	0.000000
512	9700	101	1	257766	0.983299	0.983299	0.000000
512	9700	102	1	257766	0.983299	0.983299	0.000000
512	9700	103	1	257766	0.983299	0.983299	0.000000
512	9700	104	1	257766	0.983299	0.983299	0.000000
512	9700	105	6	257204	0.981155	0.981174	0.000004
512	9700	106	1	257766	0.983299	0.983299	0.000000
512	9700	107	1	257766	0.983299	0.983299	0.000000
512	9700	108	1	257766	0.983299	0.983299	0.000000
512	9700	109	1	257766	0.983299	0.983299	0.000000
512	9700	110	1	257766	0.983299	0.983299	0.000000
512	9700	111	1	257766	0.983299	0.983299	0.000000
512	9700	112	1	257766	0.983299	0.983299	0.000000
512	9700	113	10	257007	0.980404	0.980480	0.000019
512	9700	114	1	257766	0.983299	0.983299	0.000000
512	9700	115	1	257766	0.983299	0.983299	0.000000
512	9700	116	1	257766	0.983299	0.983299	0.000000
512	9700	117	1	257754	0.983253	0.983253	0.000000
512	9700	118	1	257766	0.983299	0.983299	0.000000
512	9700	119	1	257766	0.983299	0.983299	0.000000
512	9700	120	1	257766	0.983299	0.983299	0.000000
512	9700	121	75	252843	0.964520	0.965847	0.000183
512	9700	122	1	257766	0.983299	0.983299	0.000000
512	9700	123	10	256624	0.978943	0.979042	0.000050
512	9700	124	1	257766	0.983299	0.983299	0.000000
512	9700	125	1	257762	0.983284	0.983284	0.000000
512	9700	126	1	257766	0.983299	0.983299	0.000000
512	9700	127	1	257766	0.983299	0.983299	0.000000
512	9700	128	1	257766	0.983299	0.983299	0.000000
512	9700	129	1	257766	0.983299	0.983299	0.000000
512	9700	130	1	257766	0.983299	0.983299	0.000000
512	9700	131	1	257766	0.983299	0.983299	0.000000
512	9700	132	1	257766	0.983299	0.983299	0.000000
512	9700	133	1	257766	0.983299	0.983299	0.000000
512	9700	134	2	257722	0.983131	0.983135	0.000004
512	9700	135	1	257766	0.983299	0.983299	0.000000
512	9700	136	1	257766	0.983299	0.983299	0.000000
512	9700	137	1	257766	0.983299	0.983299	0.000000
512	9700	138	1	257766	0.983299	0.983299	0.000000
512	9700	139	1	257766	0.983299	0.983299	0.000000
512	9700	140	1	257766	0.983299	0.983299	0.000000
512	9700	141	1	257727	0.983150	0.983150	0.000000
512	9700	142	1	257766	0.983299	0.983299	0.000000
512	9700	143	1	257536	0.982422	0.982422	0.000000
512	9700	144	24	256005	0.976582	0.976849	0.000031
512	9700	145	1	257766	0.983299	0.983299	0.000000
512	9700	146	1	257766	0.983299	0.983299	0.000000
512	9700	147	1	257766	0.983299	0.983299	0.000000
512	9700	148	1	257766	0.983299	0.983299	0.000000
512	9700	149	1	257766	0.983299	0.983299	0.000000
512	9700	150	1	257766	0.983299	0.983299	0.000000
512	9700	151	1	257766	0.983299	0.983299	0.000000
512	9700	152	1	257667	0.982922	0.982922	0.000000
512	9700	153	1	257766	0.983299	0.983299	0.000000
512	9700	154	1	257766	0.983299	0.983299	0.000000
512	9700	155	1	257766	0.983299	0.983299	0.000000
512	9700	156	1	257766	0.983299	0.983299	0.000000
512	9700	157	1	257764	0.983292	0.983292	0.000000
512	9700	158	1	257766	0.983299	0.983299	0.000000
512	9700	159	1	257766	0.983299	0.983299	0.000000
512	9700	160	1	257764	0.983292	0.983292	0.000000
512	9700	161	1	257766	0.983299	0.983299	0.000000
512	9700	162	1	257766	0.983299	0.983299	0.000000
512	9700	163	1	257766	0.983299	0.983299	0.000000
512	9700	164	1	257766	0.983299	0.983299	0.000000
512	9700	165	1	257766	0.983299	0.983299	0.000000
512	9700	166	1	257766	0.983299	0.983299	0.000000
512	9700	167	1	257766	0.983299	0.983299	0.000000
512	9700	168	1	257766	0.983299	0.983299	0.000000
512	9700	169	1	257766	0.983299	0.983299	0.000000
512	9700	170	1	257766	0.983299	0.983299	0.000000
512	9700	171	1	257766	0.983299	0.983299	0.000000
512	9700	172	1	257766	0.983299	0.983299	0.000000
512	9700	173	1	257766	0.983299	0.983299	0.000000
512	9700	174	1	257766	0.983299	0.983299	0.000000
512	9700	175	1	257766	0.983299	0.983299	0.000000
512	9700	176	1	257766	0.983299	0.983299	0.000000
512	9700	177	1	257766	0.983299	0.983299	0.000000
512	9700	178	1	257766	0.983299	0.983299	0.000000
512	9700	179	1	257766	0.983299	0.983299	0.000000
512	9700	180	1	257766	0.983299	0.983299	0.000000
512	9700	181	1	257766	0.983299	0.983299	0.000000
512	9700	182	1	257766	0.983299	0.983299	0.000000
512	9700	183	1	257766	0.983299	0.983299	0.000000
512	9700	184	1	257766	0.983299	0.983299	0.000000
512	9700	185	1	257766	0.983299	0.983299	0.000000
512	9700	186	1	257704	0.983063	0.983063	0.000000
512	9700	187	1	257766	0.983299	0.983299	0.000000
512	9700	188	1	257766	0.983299	0.983299	0.000000
512	9700	189	1	257766	0.983299	0.983299	0.000000
512	9700	190	1	257766	0.983299	0.983299	0.000000
512	9700	191	1	257766	0.983299	0.983299	0.000000
512	9700	192	1	257766	0.983299	0.983299	0.000000
512	9700	193	11	256633	0.978977	0.979076	0.000023
512	9700	194	1	257766	0.983299	0.983299	0.000000
512	9700	195	1	257766	0.983299	0.983299	0.000000
512	9700	196	16	256357	0.977924	0.978096	0.000042
512	9700	197	1	257767	0.983303	0.983303	0.000000
512	9700	198	1	257766	0.983299	0.983299	0.000000
512	9700	199	1	257766	0.983299	0.983299	0.000000
512	9700	200	1	257604	0.982681	0.982681	0.000000
512	9700	201	1	257766	0.983299	0.983299	0.000000
512	9700	202	1	257766	0.983299	0.983299	0.000000
512	9700	203	1	257766	0.983299	0.983299	0.000000
512	9700	204	1	257766	0.983299	0.983299	0.000000
512	9700	205	1	257766	0.983299	0.983299	0.000000
512	9700	206	1	257766	0.983299	0.983299	0.000000
512	9700	207	1	257766	0.983299	0.983299	0.000000
512	9700	208	1	257766	0.983299	0.983299	0.000000
512	9700	209	1	257766	0.983299	0.983299	0.000000
512	9700	210	1	257766	0.983299	0.983299	0.000000
512	9700	211	1	257766	0.983299	0.983299	0.000000
512	9700	212	1	257766	0.983299	0.983299	0.000000
512	9700	213	1	257766	0.983299	0.983299	0.000000
512	9700	214	1	257766	0.983299	0.983299	0.000000
512	9700	215	1	257766	0.983299	0.983299	0.000000
512	9700	216	1	257766	0.983299	0.983299	0.000000
512	9700	217	1	257766	0.983299	0.983299	0.000000
512	9700	218	1	257766	0.983299	0.983299	0.000000
512	9700	219	1	257766	0.983299	0.983299	0.000000
512	9700	220	1	257766	0.983299	0.983299	0.000000
512	9700	221	1	257766	0.983299	0.983299	0.000000
512	9700	222	1	257765	0.983295	0.983295	0.000000
512	9700	223	1	257766	0.983299	0.983299	0.000000
512	9700	224	1	257766	0.983299	0.983299	0.000000
512	9700	225	1	257766	0.983299	0.983299	0.000000
512	9700	226	1	257766	0.983299	0.983299	0.000000
512	9700	227	1	257766	0.983299	0.983299	0.000000
512	9700	228	1	257766	0.983299	0.983299	0.000000
512	9700	229	1	257766	0.983299	0.983299	0.000000
512	9700	230	56	253219	0.965954	0.966499	0.000050
512	9700	231	1	257766	0.983299	0.983299	0.000000
512	9700	232	1	257766	0.983299	0.983299	0.000000
512	9700	233	1	257766	0.983299	0.983299	0.000000
512	9700	234	1	257762	0.983284	0.983284	0.000000
512	9700	235	1	257766	0.983299	0.983299	0.000000
512	9700	236	1	257766	0.983299	0.983299	0.000000
512	9700	237	1	257766	0.983299	0.983299	0.000000
512	9700	238	1	257766	0.983299	0.983299	0.000000
512	9700	239	1	257766	0.983299	0.983299	0.000000
512	9700	240	1	257766	0.983299	0.983299	0.000000
512	9700	241	1	257766	0.983299	0.983299	0.000000
512	9700	242	1	257766	0.983299	0.983299	0.000000
512	9700	243	1	257766	0.983299	0.983299	0.000000
512	9700	244	1	257766	0.983299	0.983299	0.000000
512	9700	245	1	257766	0.983299	0.983299	0.000000
512	9700	246	1	257766	0.983299	0.983299	0.000000
512	9700	247	1	257766	0.983299	0.983299	0.000000
512	9700	248	1	257766	0.983299	0.983299	0.000000
512	9700	249	1	257766	0.983299	0.983299	0.000000
512	9700	250	1	257766	0.983299	0.983299	0.000000
512	9700	251	7	256445	0.978260	0.978325	0.000038
512	9700	252	1	257766	0.983299	0.983299	0.000000
512	9700	253	1	257766	0.983299	0.983299	0.000000
512	9700	254	1	257766	0.983299	0.983299	0.000000
512	9700	255	1	257766	0.983299	0.983299	0.000000
512	9700	256	13	256878	0.979912	0.980007	0.000027
512	9700	257	1	257766	0.983299	0.983299	0.000000
512	9700	258	1	257766	0.983299	0.983299	0.000000
512	9700	259	1	257766	0.983299	0.983299	0.000000
512	9700	260	1	257766	0.983299	0.983299	0.000000
512	9700	261	1	257766	0.983299	0.983299	0.000000
512	9700	262	1	257766	0.983299	0.983299	0.000000
512	9700	263	1	257766	0.983299	0.983299	0.000000
512	9700	264	1	257757	0.983265	0.983265	0.000000
512	9700	265	1	257766	0.983299	0.983299	0.000000
512	9700	266	1	257766	0.983299	0.983299	0.000000
512	9700	267	1	257766	0.983299	0.983299	0.000000
512	9700	268	1	257766	0.983299	0.983299	0.000000
512	9700	269	1	257766	0.983299	0.983299	0.000000
512	9700	270	1	257766	0.983299	0.983299	0.000000
512	9700	271	1	257766	0.983299	0.983299	0.000000
512	9700	272	1	257751	0.983242	0.983242	0.000000
512	9700	273	1	257766	0.983299	0.983299	0.000000
512	9700	274	1	257766	0.983299	0.983299	0.000000
512	9700	275	1	257766	0.983299	0.983299	0.000000
512	9700	276	1	257766	0.983299	0.983299	0.000000
512	9700	277	1	257766	0.983299	0.983299	0.000000
512	9700	278	1	257755	0.983257	0.983257	0.000000
512	9700	279	1	257766	0.983299	0.983299	0.000000
512	9700	280	1	257766	0.983299	0.983299	0.000000
512	9700	281	1	257766	0.983299	0.983299	0.000000
512	9700	282	1	257766	0.983299	0.983299	0.000000
512	9700	283	1	257766	0.983299	0.983299	0.000000
512	9700	284	1	257766	0.983299	0.983299	0.000000
512	9700	285	1	257766	0.983299	0.983299	0.000000
512	9700	286	1	257766	0.983299	0.983299	0.000000
512	9700	287	1	257766	0.983299	0.983299	0.000000
512	9700	288	1	257766	0.983299	0.983299	0.000000
512	9700	289	1	257766	0.983299	0.983299	0.000000
512	9700	290	1	257766	0.983299	0.983299	0.000000
512	9700	291	5	257215	0.981197	0.981220	0.000008
512	9700	292	1	257766	0.983299	0.983299	0.000000
512	9700	293	1	257764	0.983292	0.983292	0.000000
512	9700	294	1	257766	0.983299	0.983299	0.000000
512	9700	295	1	257766	0.983299	0.983299	0.000000
512	9700	296	1	257766	0.983299	0.983299	0.000000
512	9700	297	1	257755	0.983257	0.983257	0.000000
512	9700	298	1	257766	0.983299	0.983299	0.000000
512	9700	299	1	257742	0.983208	0.983208	0.000000
512	9700	300	1	257766	0.983299	0.983299	0.000000
512	9700	301	1	257766	0.983299	0.983299	0.000000
512	9700	302	1	257766	0.983299	0.983299	0.000000
512	9700	303	1	257766	0.983299	0.983299	0.000000
512	9700	304	1	257766	0.983299	0.983299	0.000000
512	9700	305	1	257766	0.983299	0.983299	0.000000
512	9700	306	1	257766	0.983299	0.983299	0.000000
512	9700	307	1	257766	0.983299	0.983299	0.000000
512	9700	308	1	257766	0.983299	0.983299	0.000000
512	9700	309	1	257490	0.982246	0.982246	0.000000
512	9700	310	1	257766	0.983299	0.983299	0.000000
512	9700	311	1	257766	0.983299	0.983299	0.000000
512	9700	312	1	257766	0.983299	0.983299	0.000000
512	9700	313	1	257766	0.983299	0.983299	0.000000
512	9700	314	1	257766	0.983299	0.983299	0.000000
512	9700	315	1	257766	0.983299	0.983299	0.000000
512	9700	316	1	257766	0.983299	0.983299	0.000000
512	9700	317	1	257766	0.983299	0.983299	0.000000
512	9700	318	1	257766	0.983299	0.983299	0.000000
512	9700	319	1	257766	0.983299	0.983299	0.000000
512	9700	320	1	257766	0.983299	0.983299	0.000000
512	9700	321	1	257766	0.983299	0.983299	0.000000
512	9700	322	1	257766	0.983299	0.983299	0.000000
512	9700	323	1	257766	0.983299	0.983299	0.000000
512	9700	324	1	257766	0.983299	0.983299	0.000000
512	9700	325	1	257766	0.983299	0.983299	0.000000
512	9700	326	1	257766	0.983299	0.983299	0.000000
512	9700	327	1	257766	0.983299	0.983299	0.000000
512	9700	328	1	257766	0.983299	0.983299	0.000000
512	9700	329	1	257766	0.983299	0.983299	0.000000
512	9700	330	2	257364	0.981766	0.981770	0.000004
512	9700	331	1	257766	0.983299	0.983299	0.000000
512	9700	332	1	257766	0.983299	0.983299	0.000000
512	9700	333	1	257628	0.982773	0.982773	0.000000
512	9700	334	1	257766	0.983299	0.983299	0.000000
512	9700	335	1	257766	0.983299	0.983299	0.000000
512	9700	336	1	257766	0.983299	0.983299	0.000000
512	9700	337	1	257766	0.983299	0.983299	0.000000
512	9700	338	1	257766	0.983299	0.983299	0.000000
512	9700	339	1	257766	0.983299	0.983299	0.000000
512	9700	340	1	257766	0.983299	0.983299	0.000000
512	9700	341	1	257766	0.983299	0.983299	0.000000
512	9700	342	1	257765	0.983295	0.983295	0.000000
512	9700	343	1	257766	0.983299	0.983299	0.000000
512	9700	344	1	257761	0.983280	0.983280	0.000000
512	9700	345	1	257766	0.983299	0.983299	0.000000
512	9700	346	1	257766	0.983299	0.983299	0.000000
512	9700	347	1	257766	0.983299	0.983299	0.000000
512	9700	348	1	257766	0.983299	0.983299	0.000000
512	9700	349	1	257766	0.983299	0.983299	0.000000
512	9700	350	1	257766	0.983299	0.983299	0.000000
512	9700	351	1	257766	0.983299	0.983299	0.000000
512	9700	352	1	257766	0.983299	0.983299	0.000000
512	9700	353	1	257766	0.983299	0.983299	0.000000
512	9700	354	1	257766	0.983299	0.983299	0.000000
512	9700	355	2	257241	0.981297	0.981339	0.000042
512	9700	356	1	257766	0.983299	0.983299	0.000000
512	9700	357	1	257766	0.983299	0.983299	0.000000
512	9700	358	1	257766	0.983299	0.983299	0.000000
512	9700	359	1	257766	0.983299	0.983299	0.000000
512	9700	360	1	257766	0.983299	0.983299	0.000000
512	9700	361	1	257766	0.983299	0.983299	0.000000
512	9700	362	1	257766	0.983299	0.983299	0.000000
512	9700	363	1	257766	0.983299	0.983299	0.000000
512	9700	364	1	257766	0.983299	0.983299	0.000000
512	9700	365	1	257766	0.983299	0.983299	0.000000
512	9700	366	1	257766	0.983299	0.983299	0.000000
512	9700	367	1	257766	0.983299	0.983299	0.000000
512	9700	368	1	257766	0.983299	0.983299	0.000000
512	9700	369	1	257766	0.983299	0.983299	0.000000
512	9700	370	1	257766	0.983299	0.983299	0.000000
512	9700	371	1	257766	0.983299	0.983299	0.000000
512	9700	372	1	257766	0.983299	0.983299	0.000000
512	9700	373	2	257338	0.981667	0.981674	0.000008
512	9700	374	1	257766	0.983299	0.983299	0.000000
512	9700	375	1	257766	0.983299	0.983299	0.000000
512	9700	376	12	256834	0.979744	0.979801	0.000015
512	9700	377	1	257766	0.983299	0.983299	0.000000
512	9700	378	1	257763	0.983288	0.983288	0.000000
512	9700	379	1	257766	0.983299	0.983299	0.000000
512	9700	380	1	257766	0.983299	0.983299	0.000000
512	9700	381	1	257766	0.983299	0.983299	0.000000
512	9700	382	1	257766	0.983299	0.983299	0.000000
512	9700	383	1	257766	0.983299	0.983299	0.000000
512	9700	384	1	257766	0.983299	0.983299	0.000000
512	9700	385	1	257766	0.983299	0.983299	0.000000
512	9700	386	1	257766	0.983299	0.983299	0.000000
512	9700	387	1	257766	0.983299	0.983299	0.000000
512	9700	388	1	257766	0.983299	0.983299	0.000000
512	9700	389	1	257766	0.983299	0.983299	0.000000
512	9700	390	1	257766	0.983299	0.983299	0.000000
512	9700	391	1	257766	0.983299	0.983299	0.000000
512	9700	392	1	257766	0.983299	0.983299	0.000000
512	9700	393	1	257766	0.983299	0.983299	0.000000
512	9700	394	1	257766	0.983299	0.983299	0.000000
512	9700	395	28	255555	0.974865	0.975315	0.000103
512	9700	396	1	257766	0.983299	0.983299	0.000000
512	9700	397	1	257766	0.983299	0.983299	0.000000
512	9700	398	1	257766	0.983299	0.983299	0.000000
512	9700	399	1	257766	0.983299	0.983299	0.000000
512	9700	400	1	257766	0.983299	0.983299	0.000000
512	9700	401	1	257766	0.983299	0.983299	0.000000
512	9700	402	1	257766	0.983299	0.983299	0.000000
512	9700	403	1	257766	0.983299	0.983299	0.000000
512	9700	404	1	257767	0.983303	0.983303	0.000000
512	9700	405	2	257344	0.981689	0.981693	0.000004
512	9700	406	1	257766	0.983299	0.983299	0.000000
512	9700	407	1	257766	0.983299	0.983299	0.000000
512	9700	408	1	257766	0.983299	0.983299	0.000000
512	9700	409	1	257766	0.983299	0.983299	0.000000
512	9700	410	1	257766	0.983299	0.983299	0.000000
512	9700	411	1	257766	0.983299	0.983299	0.000000
512	9700	412	1	257766	0.983299	0.983299	0.000000
512	9700	413	1	257766	0.983299	0.983299	0.000000
512	9700	414	1	257696	0.983032	0.983032	0.000000
512	9700	415	1	257766	0.983299	0.983299	0.000000
512	9700	416	1	257766	0.983299	0.983299	0.000000
512	9700	417	1	257766	0.983299	0.983299	0.000000
512	9700	418	1	257766	0.983299	0.983299	0.000000
512	9700	419	1	257765	0.983295	0.983295	0.000000
512	9700	420	1	257766	0.983299	0.983299	0.000000
512	9700	421	1	257766	0.983299	0.983299	0.000000
512	9700	422	1	257766	0.983299	0.983299	0.000000
512	9700	423	1	257683	0.982983	0.982983	0.000000
512	9700	424	1	257766	0.983299	0.983299	0.000000
512	9700	425	1	257766	0.983299	0.983299	0.000000
512	9700	426	1	257766	0.983299	0.983299	0.000000
512	9700	427	1	257766	0.983299	0.983299	0.000000
512	9700	428	1	257766	0.983299	0.983299	0.000000
512	9700	429	1	257766	0.983299	0.983299	0.000000
512	9700	430	1	257766	0.983299	0.983299	0.000000
512	9700	431	1	257766	0.983299	0.983299	0.000000
512	9700	432	1	257766	0.983299	0.983299	0.000000
512	9700	433	1	257766	0.983299	0.983299	0.000000
512	9700	434	1	257766	0.983299	0.983299	0.000000
512	9700	435	1	257766	0.983299	0.983299	0.000000
512	9700	436	1	257741	0.983204	0.983204	0.000000
512	9700	437	1	257766	0.983299	0.983299	0.000000
512	9700	438	1	257766	0.983299	0.983299	0.000000
512	9700	439	1	257766	0.983299	0.983299	0.000000
512	9700	440	1	257766	0.983299	0.983299	0.000000
512	9700	441	1	257766	0.983299	0.983299	0.000000
512	9700	442	1	257766	0.983299	0.983299	0.000000
512	9700	443	1	257766	0.983299	0.983299	0.000000
512	9700	444	1	257766	0.983299	0.983299	0.000000
512	9700	445	1	257766	0.983299	0.983299	0.000000
512	9700	446	27	255395	0.974255	0.974659	0.000076
512	9700	447	1	257766	0.983299	0.983299	0.000000
512	9700	448	1	257766	0.983299	0.983299	0.000000
512	9700	449	1	257766	0.983299	0.983299	0.000000
512	9700	450	67	253605	0.967426	0.968563	0.000217
512	9700	451	1	257766	0.983299	0.983299	0.000000
512	9700	452	3	257384	0.981842	0.981865	0.000019
512	9700	453	1	257766	0.983299	0.983299	0.000000
512	9700	454	1	257766	0.983299	0.983299	0.000000
512	9700	455	1	257766	0.983299	0.983299	0.000000
512	9700	456	1	257766	0.983299	0.983299	0.000000
512	9700	457	1	257766	0.983299	0.983299	0.000000
512	9700	458	1	257766	0.983299	0.983299	0.000000
512	9700	459	1	257766	0.983299	0.983299	0.000000
512	9700	460	1	257766	0.983299	0.983299	0.000000
512	9700	461	1	257766	0.983299	0.983299	0.000000
512	9700	462	1	257766	0.983299	0.983299	0.000000
512	9700	463	1	257766	0.983299	0.983299	0.000000
512	9700	464	1	257766	0.983299	0.983299	0.000000
512	9700	465	1	257766	0.983299	0.983299	0.000000
512	9700	466	1	257766	0.983299	0.983299	0.000000
512	9700	467	1	257766	0.983299	0.983299	0.000000
512	9700	468	1	257766	0.983299	0.983299	0.000000
512	9700	469	1	257766	0.983299	0.983299	0.000000
512	9700	470	3	257085	0.980701	0.980713	0.000008
512	9700	471	1	257766	0.983299	0.983299	0.000000
512	9700	472	1	257766	0.983299	0.983299	0.000000
512	9700	473	1	257766	0.983299	0.983299	0.000000
512	9700	474	1	257766	0.983299	0.983299	0.000000
512	9700	475	1	257285	0.981464	0.981464	0.000000
512	9700	476	1	257766	0.983299	0.983299	0.000000
512	9700	477	1	257766	0.983299	0.983299	0.000000
512	9700	478	1	257766	0.983299	0.983299	0.000000
512	9700	479	1	257766	0.983299	0.983299	0.000000
512	9700	480	1	257766	0.983299	0.983299	0.000000
512	9700	481	1	257766	0.983299	0.983299	0.000000
512	9700	482	1	257766	0.983299	0.983299	0.000000
512	9700	483	1	257763	0.983288	0.983288	0.000000
512	9700	484	1	257766	0.983299	0.983299	0.000000
512	9700	485	1	257766	0.983299	0.983299	0.000000
512	9700	486	1	257766	0.983299	0.983299	0.000000
512	9700	487	1	257661	0.982899	0.982899	0.000000
512	9700	488	1	257766	0.983299	0.983299	0.000000
512	9700	489	1	257766	0.983299	0.983299	0.000000
512	9700	490	1	257766	0.983299	0.983299	0.000000
512	9700	491	1	257766	0.983299	0.983299	0.000000
512	9700	492	1	257669	0.982929	0.982929	0.000000
512	9700	493	1	257766	0.983299	0.983299	0.000000
512	9700	494	1	257766	0.983299	0.983299	0.000000
512	9700	495	1	257766	0.983299	0.983299	0.000000
512	9700	496	1	257766	0.983299	0.983299	0.000000
512	9700	497	1	257766	0.983299	0.983299	0.000000
512	9700	498	1	257766	0.983299	0.983299	0.000000
512	9700	499	1	257766	0.983299	0.983299	0.000000
512	9700	500	1	257767	0.983303	0.983303	0.000000
512	9700	501	1	257766	0.983299	0.983299	0.000000
512	9700	502	1	257764	0.983292	0.983292	0.000000
512	9700	503	1	257500	0.982285	0.982285	0.000000
512	9700	504	1	257766	0.983299	0.983299	0.000000
512	9700	505	1	257766	0.983299	0.983299	0.000000
512	9700	506	1	257766	0.983299	0.983299	0.000000
512	9700	507	1	257766	0.983299	0.983299	0.000000
512	9700	508	1	257766	0.983299	0.983299	0.000000
512	9700	509	1	257766	0.983299	0.983299	0.000000
512	9700	510	1	257766	0.983299	0.983299	0.000000
512	9700	511	1	257766	0.983299	0.983299	0.000000
512	9700	512	1	257766	0.983299	0.983299	0.000000
512	9700	513	1	257766	0.983299	0.983299	0.000000
512	9700	514	1	257766	0.983299	0.983299	0.000000
512	9700	515	1	257766	0.983299	0.983299	0.000000
512	9700	516	1	257766	0.983299	0.983299	0.000000
512	9700	517	1	257766	0.983299	0.983299	0.000000
512	9700	518	1	257744	0.983215	0.983215	0.000000
512	9700	519	1	257766	0.983299	0.983299	0.000000
512	9700	520	1	257747	0.983227	0.983227	0.000000
512	9700	521	1	257766	0.983299	0.983299	0.000000
512	9700	522	1	257766	0.983299	0.983299	0.000000
512	9700	523	1	257766	0.983299	0.983299	0.000000
512	9700	524	16	256361	0.977940	0.978123	0.000053
512	9700	525	1	257766	0.983299	0.983299	0.000000
512	9700	526	1	257766	0.983299	0.983299	0.000000
512	9700	527	1	257763	0.983288	0.983288	0.000000
512	9700	528	1	257766	0.983299	0.983299	0.000000
512	9700	529	1	257715	0.983105	0.983105	0.000000
512	9700	530	1	257766	0.983299	0.983299	0.000000
512	9700	531	1	257766	0.983299	0.983299	0.000000
512	9700	532	1	257766	0.983299	0.983299	0.000000
512	9700	533	1	257766	0.983299	0.983299	0.000000
512	9700	534	1	257766	0.983299	0.983299	0.000000
512	9700	535	1	257766	0.983299	0.983299	0.000000
512	9700	536	1	257766	0.983299	0.983299	0.000000
512	9700	537	1	257766	0.983299	0.983299	0.000000
512	9700	538	1	257766	0.983299	0.983299	0.000000
512	9700	539	1	257766	0.983299	0.983299	0.000000
512	9700	540	1	257766	0.983299	0.983299	0.000000
512	9700	541	1	257766	0.983299	0.983299	0.000000
512	9700	542	1	257766	0.983299	0.983299	0.000000
512	9700	543	1	257766	0.983299	0.983299	0.000000
512	9700	544	1	257766	0.983299	0.983299	0.000000
512	9700	545	1	257766	0.983299	0.983299	0.000000
512	9700	546	1	257766	0.983299	0.983299	0.000000
512	9700	547	1	257766	0.983299	0.983299	0.000000
512	9700	548	1	257766	0.983299	0.983299	0.000000
512	9700	549	1	257766	0.983299	0.983299	0.000000
512	9700	550	1	257766	0.983299	0.983299	0.000000
512	9700	551	1	257766	0.983299	0.983299	0.000000
512	9700	552	1	257766	0.983299	0.983299	0.000000
512	9700	553	1	257766	0.983299	0.983299	0.000000
512	9700	554	1	257766	0.983299	0.983299	0.000000
512	9700	555	1	257766	0.983299	0.983299	0.000000
512	9700	556	1	257766	0.983299	0.983299	0.000000
512	9700	557	1	257766	0.983299	0.983299	0.000000
512	9700	558	1	257766	0.983299	0.983299	0.000000
512	9700	559	1	257766	0.983299	0.983299	0.000000
512	9700	560	1	257766	0.983299	0.983299	0.000000
512	9700	561	1	257760	0.983276	0.983276	0.000000
512	9700	562	1	257766	0.983299	0.983299	0.000000
512	9700	563	1	257757	0.983265	0.983265	0.000000
512	9700	564	1	257765	0.983295	0.983295	0.000000
512	9700	565	1	257766	0.983299	0.983299	0.000000
512	9700	566	1	257766	0.983299	0.983299	0.000000
512	9700	567	1	257766	0.983299	0.983299	0.000000
512	9700	568	1	257766	0.983299	0.983299	0.000000
512	9700	569	1	257766	0.983299	0.983299	0.000000
512	9700	570	1	257766	0.983299	0.983299	0.000000
512	9700	571	1	257766	0.983299	0.983299	0.000000
512	9700	572	1	257766	0.983299	0.983299	0.000000
512	9700	573	5	257278	0.981438	0.981464	0.000011
512	9700	574	1	257766	0.983299	0.983299	0.000000
512	9700	575	1	257766	0.983299	0.983299	0.000000
512	9700	576	1	257766	0.983299	0.983299	0.000000
512	9700	577	1	257766	0.983299	0.983299	0.000000
512	9700	578	1	257766	0.983299	0.983299	0.000000
512	9700	579	1	257766	0.983299	0.983299	0.000000
512	9700	580	1	257766	0.983299	0.983299	0.000000
512	9700	581	1	257766	0.983299	0.983299	0.000000
512	9700	582	1	257766	0.983299	0.983299	0.000000
512	9700	583	1	257766	0.983299	0.983299	0.000000
512	9700	584	1	257766	0.983299	0.983299	0.000000
512	9700	585	1	257766	0.983299	0.983299	0.000000
512	9700	586	1	257766	0.983299	0.983299	0.000000
512	9700	587	1	257766	0.983299	0.983299	0.000000
512	9700	588	1	257766	0.983299	0.983299	0.000000
512	9700	589	1	257766	0.983299	0.983299	0.000000
512	9700	590	1	257766	0.983299	0.983299	0.000000
512	9700	591	1	257766	0.983299	0.983299	0.000000
512	9700	592	1	257766	0.983299	0.983299	0.000000
512	9700	593	1	257766	0.983299	0.983299	0.000000
512	9700	594	1	257766	0.983299	0.983299	0.000000
512	9700	595	1	257766	0.983299	0.983299	0.000000
512	9700	596	1	257766	0.983299	0.983299	0.000000
512	9700	597	1	257766	0.983299	0.983299	0.000000
512	9700	598	1	257766	0.983299	0.983299	0.000000
512	9700	599	1	257766	0.983299	0.983299	0.000000
512	9700	600	1	257766	0.983299	0.983299	0.000000
512	9700	601	1	257766	0.983299	0.983299	0.000000
512	9700	602	1	257766	0.983299	0.983299	0.000000
512	9700	603	1	257766	0.983299	0.983299	0.000000
512	9700	604	1	257766	0.983299	0.983299	0.000000
512	9700	605	1	257766	0.983299	0.983299	0.000000
512	9700	606	1	257766	0.983299	0.983299	0.000000
512	9700	607	1	257764	0.983292	0.983292	0.000000
512	9700	608	1	257766	0.983299	0.983299	0.000000
512	9700	609	1	257766	0.983299	0.983299	0.000000
512	9700	610	1	257759	0.983273	0.983273	0.000000
512	9700	611	1	257766	0.983299	0.983299	0.000000
512	9700	612	1	257766	0.983299	0.983299	0.000000
512	9700	613	1	257674	0.982948	0.982948	0.000000
512	9700	614	1	257766	0.983299	0.983299	0.000000
512	9700	615	1	257766	0.983299	0.983299	0.000000
512	9700	616	1	257766	0.983299	0.983299	0.000000
512	9700	617	1	257741	0.983204	0.983204	0.000000
512	9700	618	1	257766	0.983299	0.983299	0.000000
512	9700	619	1	257766	0.983299	0.983299	0.000000
512	9700	620	1	257766	0.983299	0.983299	0.000000
512	9700	621	30	254797	0.971973	0.972336	0.000084
512	9700	622	1	257766	0.983299	0.983299	0.000000
512	9700	623	1	257766	0.983299	0.983299	0.000000
512	9700	624	1	257766	0.983299	0.983299	0.000000
512	9700	625	1	257766	0.983299	0.983299	0.000000
512	9700	626	1	257765	0.983295	0.983295	0.000000
512	9700	627	1	257766	0.983299	0.983299	0.000000
512	9700	628	1	257766	0.983299	0.983299	0.000000
512	9700	629	1	257766	0.983299	0.983299	0.000000
512	9700	630	1	257766	0.983299	0.983299	0.000000
512	9700	631	1	257762	0.983284	0.983284	0.000000
512	9700	632	1	257766	0.983299	0.983299	0.000000
512	9700	633	1	257766	0.983299	0.983299	0.000000
512	9700	634	1	257758	0.983269	0.983269	0.000000
512	9700	635	1	257766	0.983299	0.983299	0.000000
512	9700	636	1	257764	0.983292	0.983292	0.000000
512	9700	637	1	257766	0.983299	0.983299	0.000000
512	9700	638	1	257766	0.983299	0.983299	0.000000
512	9700	639	1	257766	0.983299	0.983299	0.000000
512	9700	640	1	257766	0.983299	0.983299	0.000000
512	9700	641	1	257766	0.983299	0.983299	0.000000
512	9700	642	1	257766	0.983299	0.983299	0.000000
512	9700	643	1	257766	0.983299	0.983299	0.000000
512	9700	644	1	257766	0.983299	0.983299	0.000000
512	9700	645	1	257766	0.983299	0.983299	0.000000
512	9700	646	1	257766	0.983299	0.983299	0.000000
512	9700	647	1	257766	0.983299	0.983299	0.000000
512	9700	648	1	257766	0.983299	0.983299	0.000000
512	9700	649	1	257766	0.983299	0.983299	0.000000
512	9700	650	1	257766	0.983299	0.983299	0.000000
512	9700	651	1	257766	0.983299	0.983299	0.000000
512	9700	652	1	257766	0.983299	0.983299	0.000000
512	9700	653	1	257766	0.983299	0.983299	0.000000
512	9700	654	1	257766	0.983299	0.983299	0.000000
512	9700	655	1	257766	0.983299	0.983299	0.000000
512	9700	656	1	257761	0.983280	0.983280	0.000000
512	9700	657	1	257617	0.982731	0.982731	0.000000
512	9700	658	1	257766	0.983299	0.983299	0.000000
512	9700	659	1	257754	0.983253	0.983253	0.000000
512	9700	660	1	257766	0.983299	0.983299	0.000000
512	9700	661	1	257763	0.983288	0.983288	0.000000
512	9700	662	1	257765	0.983295	0.983295	0.000000
512	9700	663	1	257766	0.983299	0.983299	0.000000
512	9700	664	1	257766	0.983299	0.983299	0.000000
512	9700	665	1	257766	0.983299	0.983299	0.000000
512	9700	666	1	257766	0.983299	0.983299	0.000000
512	9700	667	1	257766	0.983299	0.983299	0.000000
512	9700	668	1	257766	0.983299	0.983299	0.000000
512	9700	669	1	257766	0.983299	0.983299	0.000000
512	9700	670	1	257766	0.983299	0.983299	0.000000
512	9700	671	1	257766	0.983299	0.983299	0.000000
512	9700	672	1	257766	0.983299	0.983299	0.000000
512	9700	673	1	257766	0.983299	0.983299	0.000000
512	9700	674	1	257766	0.983299	0.983299	0.000000
512	9700	675	1	257766	0.983299	0.983299	0.000000
512	9700	676	1	257766	0.983299	0.983299	0.000000
512	9700	677	1	257766	0.983299	0.983299	0.000000
512	9700	678	1	257762	0.983284	0.983284	0.000000
512	9700	679	1	257766	0.983299	0.983299	0.000000
512	9700	680	1	257766	0.983299	0.983299	0.000000
512	9700	681	1	257757	0.983265	0.983265	0.000000
512	9700	682	1	257766	0.983299	0.983299	0.000000
512	9700	683	1	257758	0.983269	0.983269	0.000000
512	9700	684	1	257766	0.983299	0.983299	0.000000
512	9700	685	1	257764	0.983292	0.983292	0.000000
512	9700	686	1	257766	0.983299	0.983299	0.000000
512	9700	687	1	257766	0.983299	0.983299	0.000000
512	9700	688	1	257766	0.983299	0.983299	0.000000
512	9700	689	1	257766	0.983299	0.983299	0.000000
512	9700	690	1	257763	0.983288	0.983288	0.000000
512	9700	691	1	257766	0.983299	0.983299	0.000000
512	9700	692	1	257758	0.983269	0.983269	0.000000
512	9700	693	1	257766	0.983299	0.983299	0.000000
512	9700	694	1	257766	0.983299	0.983299	0.000000
512	9700	695	1	257766	0.983299	0.983299	0.000000
512	9700	696	1	257766	0.983299	0.983299	0.000000
512	9700	697	1	257766	0.983299	0.983299	0.000000
512	9700	698	1	257766	0.983299	0.983299	0.000000
512	9700	699	1	257766	0.983299	0.983299	0.000000
512	9700	700	1	257766	0.983299	0.983299	0.000000
512	9700	701	1	257766	0.983299	0.983299	0.000000
512	9700	702	1	257766	0.983299	0.983299	0.000000
512	9700	703	1	257758	0.983269	0.983269	0.000000
512	9700	704	1	257764	0.983292	0.983292	0.000000
512	9700	705	1	257766	0.983299	0.983299	0.000000
512	9700	706	1	257766	0.983299	0.983299	0.000000
512	9700	707	1	257766	0.983299	0.983299	0.000000
512	9700	708	1	257766	0.983299	0.983299	0.000000
512	9700	709	1	257766	0.983299	0.983299	0.000000
512	9700	710	1	257766	0.983299	0.983299	0.000000
512	9700	711	1	257766	0.983299	0.983299	0.000000
512	9700	712	1	257766	0.983299	0.983299	0.000000
512	9700	713	1	257762	0.983284	0.983284	0.000000
512	9700	714	3	257280	0.981445	0.981453	0.000004
512	9700	715	22	255941	0.976337	0.976669	0.000095
512	9700	716	1	257766	0.983299	0.983299	0.000000
512	9700	717	30	254785	0.971928	0.972408	0.000080
512	9700	718	1	257766	0.983299	0.983299	0.000000
512	9700	719	1	257766	0.983299	0.983299	0.000000
512	9700	720	1	257766	0.983299	0.983299	0.000000
512	9700	721	1	257766	0.983299	0.983299	0.000000
512	9700	722	1	257766	0.983299	0.983299	0.000000
512	9700	723	1	257766	0.983299	0.983299	0.000000
512	9700	724	1	257766	0.983299	0.983299	0.000000
512	9700	725	1	257766	0.983299	0.983299	0.000000
512	9700	726	1	257766	0.983299	0.983299	0.000000
512	9700	727	1	257766	0.983299	0.983299	0.000000
512	9700	728	1	257766	0.983299	0.983299	0.000000
512	9700	729	1	257766	0.983299	0.983299	0.000000
512	9700	730	1	257766	0.983299	0.983299	0.000000
512	9700	731	1	257766	0.983299	0.983299	0.000000
512	9700	732	1	257766	0.983299	0.983299	0.000000
512	9700	733	1	257766	0.983299	0.983299	0.000000
512	9700	734	1	257766	0.983299	0.983299	0.000000
512	9700	735	1	257766	0.983299	0.983299	0.000000
512	9700	736	1	257766	0.983299	0.983299	0.000000
512	9700	737	1	257766	0.983299	0.983299	0.000000
512	9700	738	1	257766	0.983299	0.983299	0.000000
512	9700	739	1	257766	0.983299	0.983299	0.000000
512	9700	740	1	257766	0.983299	0.983299	0.000000
512	9700	741	1	257700	0.983047	0.983047	0.000000
512	9700	742	1	257766	0.983299	0.983299	0.000000
512	9700	743	1	257766	0.983299	0.983299	0.000000
512	9700	744	1	257766	0.983299	0.983299	0.000000
512	9700	745	1	257766	0.983299	0.983299	0.000000
512	9700	746	1	257766	0.983299	0.983299	0.000000
512	9700	747	1	257766	0.983299	0.983299	0.000000
512	9700	748	1	257766	0.983299	0.983299	0.000000
512	9700	749	1	257766	0.983299	0.983299	0.000000
512	9700	750	1	257766	0.983299	0.983299	0.000000
512	9700	751	1	257766	0.983299	0.983299	0.000000
512	9700	752	1	257658	0.982887	0.982887	0.000000
512	9700	753	1	257766	0.983299	0.983299	0.000000
512	9700	754	1	257766	0.983299	0.983299	0.000000
512	9700	755	1	257766	0.983299	0.983299	0.000000
512	9700	756	1	257766	0.983299	0.983299	0.000000
512	9700	757	1	257766	0.983299	0.983299	0.000000
512	9700	758	1	257766	0.983299	0.983299	0.000000
512	9700	759	1	257766	0.983299	0.983299	0.000000
512	9700	760	1	257766	0.983299	0.983299	0.000000
512	9700	761	1	257766	0.983299	0.983299	0.000000
512	9700	762	28	255543	0.974819	0.975121	0.000042
512	9700	763	1	257766	0.983299	0.983299	0.000000
512	9700	764	1	257766	0.983299	0.983299	0.000000
512	9700	765	1	257764	0.983292	0.983292	0.000000
512	9700	766	1	257766	0.983299	0.983299	0.000000
512	9700	767	1	257766	0.983299	0.983299	0.000000
512	9700	768	1	257766	0.983299	0.983299	0.000000
512	9700	769	1	257766	0.983299	0.983299	0.000000
512	9700	770	1	257766	0.983299	0.983299	0.000000
512	9700	771	1	257766	0.983299	0.983299	0.000000
512	9700	772	1	257766	0.983299	0.983299	0.000000
512	9700	773	1	257766	0.983299	0.983299	0.000000
512	9700	774	1	257766	0.983299	0.983299	0.000000
512	9700	775	1	257766	0.983299	0.983299	0.000000
512	9700	776	1	257766	0.983299	0.983299	0.000000
512	9700	777	1	257766	0.983299	0.983299	0.000000
512	9700	778	1	257761	0.983280	0.983280	0.000000
512	9700	779	1	257766	0.983299	0.983299	0.000000
512	9700	780	1	257766	0.983299	0.983299	0.000000
512	9700	781	1	257765	0.983295	0.983295	0.000000
512	9700	782	1	257766	0.983299	0.983299	0.000000
512	9700	783	1	257677	0.982960	0.982960	0.000000
512	9700	784	1	257766	0.983299	0.983299	0.000000
512	9700	785	1	257766	0.983299	0.983299	0.000000
512	9700	786	1	257766	0.983299	0.983299	0.000000
512	9700	787	1	257766	0.983299	0.983299	0.000000
512	9700	788	1	257766	0.983299	0.983299	0.000000
512	9700	789	1	257677	0.982960	0.982960	0.000000
512	9700	790	1	257766	0.983299	0.983299	0.000000
512	9700	791	1	257766	0.983299	0.983299	0.000000
512	9700	792	1	257766	0.983299	0.983299	0.000000
512	9700	793	1	257766	0.983299	0.983299	0.000000
512	9700	794	1	257766	0.983299	0.983299	0.000000
512	9700	795	1	257766	0.983299	0.983299	0.000000
512	9700	796	1	257766	0.983299	0.983299	0.000000
512	9700	797	1	257766	0.983299	0.983299	0.000000
512	9700	798	1	257766	0.983299	0.983299	0.000000
512	9700	799	1	257766	0.983299	0.983299	0.000000
512	9700	800	1	257766	0.983299	0.983299	0.000000
512	9700	801	1	257714	0.983101	0.983101	0.000000
512	9700	802	1	257766	0.983299	0.983299	0.000000
512	9700	803	1	257766	0.983299	0.983299	0.000000
512	9700	804	1	257766	0.983299	0.983299	0.000000
512	9700	805	1	257766	0.983299	0.983299	0.000000
512	9700	806	1	257766	0.983299	0.983299	0.000000
512	9700	807	1	257758	0.983269	0.983269	0.000000
512	9700	808	1	257766	0.983299	0.983299	0.000000
512	9700	809	11	256479	0.978390	0.978474	0.000019
512	9700	810	1	257766	0.983299	0.983299	0.000000
512	9700	811	1	257766	0.983299	0.983299	0.000000
512	9700	812	1	257766	0.983299	0.983299	0.000000
512	9700	813	1	257766	0.983299	0.983299	0.000000
512	9700	814	1	257766	0.983299	0.983299	0.000000
512	9700	815	1	257766	0.983299	0.983299	0.000000
512	9700	816	1	257766	0.983299	0.983299	0.000000
512	9700	817	1	257766	0.983299	0.983299	0.000000
512	9700	818	1	257766	0.983299	0.983299	0.000000
512	9700	819	1	257766	0.983299	0.983299	0.000000
512	9700	820	1	257766	0.983299	0.983299	0.000000
512	9700	821	1	257766	0.983299	0.983299	0.000000
512	9700	822	1	257766	0.983299	0.983299	0.000000
512	9700	823	1	257766	0.983299	0.983299	0.000000
512	9700	824	1	257766	0.983299	0.983299	0.000000
