512	8500	2	1	1	0.000004	0.000004	0.000004
512	8500	3	3	3	0.000011	0.000023	0.000011
512	8500	4	0	0	0.000000	0.000000	0.000000
512	8500	5	2	2	0.000008	0.000011	0.000008
512	8500	6	0	0	0.000000	0.000000	0.000000
512	8500	7	0	0	0.000000	0.000000	0.000000
512	8500	8	2	2	0.000008	0.000011	0.000008
512	8500	9	0	0	0.000000	0.000000	0.000000
512	8500	10	3	7	0.000027	0.000038	0.000027
512	8500	11	0	0	0.000000	0.000000	0.000000
512	8500	12	0	0	0.000000	0.000000	0.000000
512	8500	13	2	2	0.000008	0.000011	0.000008
512	8500	14	0	0	0.000000	0.000000	0.000000
512	8500	15	1	1	0.000004	0.000004	0.000004
512	8500	16	0	0	0.000000	0.000000	0.000000
512	8500	17	0	0	0.000000	0.000000	0.000000
512	8500	18	6	4	0.000015	0.000053	0.000015
512	8500	19	0	0	0.000000	0.000000	0.000000
512	8500	20	1	4	0.000015	0.000015	0.000015
512	8500	21	2	3	0.000011	0.000019	0.000011
512	8500	22	3	8	0.000031	0.000038	0.000031
512	8500	23	4	5	0.000019	0.000038	0.000019
512	8500	24	5	12	0.000046	0.000095	0.000046
512	8500	25	1	2	0.000008	0.000008	0.000008
512	8500	26	7	5	0.000019	0.000069	0.000019
512	8500	27	4	11	0.000042	0.000107	0.000042
512	8500	28	0	0	0.000000	0.000000	0.000000
512	8500	29	4	2	0.000008	0.000023	0.000008
512	8500	30	0	0	0.000000	0.000000	0.000000
512	8500	31	0	0	0.000000	0.000000	0.000000
512	8500	32	5	5	0.000019	0.000057	0.000019
512	8500	33	2	1	0.000004	0.000008	0.000004
512	8500	34	0	0	0.000000	0.000000	0.000000
512	8500	35	4	11	0.000042	0.000069	0.000042
512	8500	36	1	2	0.000008	0.000008	0.000008
512	8500	37	3	5	0.000019	0.000042	0.000019
512	8500	38	7	4	0.000015	0.000053	0.000015
512	8500	39	0	0	0.000000	0.000000	0.000000
512	8500	40	0	0	0.000000	0.000000	0.000000
512	8500	41	1	3	0.000011	0.000011	0.000011
512	8500	42	3	6	0.000023	0.000050	0.000023
512	8500	43	1	1	0.000004	0.000004	0.000004
512	8500	44	0	0	0.000000	0.000000	0.000000
512	8500	45	0	0	0.000000	0.000000	0.000000
512	8500	46	3	5	0.000019	0.000031	0.000019
512	8500	47	2	2	0.000008	0.000015	0.000008
512	8500	48	0	0	0.000000	0.000000	0.000000
512	8500	49	0	0	0.000000	0.000000	0.000000
512	8500	50	7	5	0.000019	0.000050	0.000019
512	8500	51	0	0	0.000000	0.000000	0.000000
512	8500	52	0	0	0.000000	0.000000	0.000000
512	8500	53	0	0	0.000000	0.000000	0.000000
512	8500	54	13	4	0.000015	0.000095	0.000015
512	8500	55	0	0	0.000000	0.000000	0.000000
512	8500	56	1	5	0.000019	0.000019	0.000019
512	8500	57	5	2	0.000008	0.000031	0.000008
512	8500	58	1	6	0.000023	0.000023	0.000023
512	8500	59	1	7	0.000027	0.000027	0.000027
512	8500	60	5	5	0.000019	0.000057	0.000019
512	8500	61	0	0	0.000000	0.000000	0.000000
512	8500	62	0	0	0.000000	0.000000	0.000000
512	8500	63	0	0	0.000000	0.000000	0.000000
512	8500	64	0	0	0.000000	0.000000	0.000000
512	8500	65	2	2	0.000008	0.000011	0.000008
512	8500	66	1	1	0.000004	0.000004	0.000004
512	8500	67	6	6	0.000023	0.000050	0.000023
512	8500	68	1	9	0.000034	0.000034	0.000034
512	8500	69	0	0	0.000000	0.000000	0.000000
512	8500	70	2	9	0.000034	0.000061	0.000034
512	8500	71	0	0	0.000000	0.000000	0.000000
512	8500	72	0	0	0.000000	0.000000	0.000000
512	8500	73	4	6	0.000023	0.000038	0.000023
512	8500	74	0	0	0.000000	0.000000	0.000000
512	8500	75	4	4	0.000015	0.000042	0.000015
512	8500	76	0	0	0.000000	0.000000	0.000000
512	8500	77	0	0	0.000000	0.000000	0.000000
512	8500	78	5	5	0.000019	0.000061	0.000019
512	8500	79	0	0	0.000000	0.000000	0.000000
512	8500	80	6	6	0.000023	0.000053	0.000023
512	8500	81	1	4	0.000015	0.000015	0.000015
512	8500	82	5	2	0.000008	0.000027	0.000008
512	8500	83	7	3	0.000011	0.000053	0.000011
512	8500	84	1	1	0.000004	0.000004	0.000004
512	8500	85	2	3	0.000011	0.000023	0.000011
512	8500	86	0	0	0.000000	0.000000	0.000000
512	8500	87	0	0	0.000000	0.000000	0.000000
512	8500	88	0	0	0.000000	0.000000	0.000000
512	8500	89	0	0	0.000000	0.000000	0.000000
512	8500	90	0	0	0.000000	0.000000	0.000000
512	8500	91	1	1	0.000004	0.000004	0.000004
512	8500	92	3	10	0.000038	0.000057	0.000038
512	8500	93	0	0	0.000000	0.000000	0.000000
512	8500	94	0	0	0.000000	0.000000	0.000000
512	8500	95	0	0	0.000000	0.000000	0.000000
512	8500	96	1	3	0.000011	0.000011	0.000011
512	8500	97	1	1	0.000004	0.000004	0.000004
512	8500	98	0	0	0.000000	0.000000	0.000000
512	8500	99	2	4	0.000015	0.000019	0.000015
512	8500	100	3	3	0.000011	0.000031	0.000011
512	8500	101	5	15	0.000057	0.000114	0.000057
512	8500	102	0	0	0.000000	0.000000	0.000000
512	8500	103	6	3	0.000011	0.000042	0.000011
512	8500	104	3	4	0.000015	0.000023	0.000015
512	8500	105	0	0	0.000000	0.000000	0.000000
512	8500	106	1	2	0.000008	0.000008	0.000008
512	8500	107	1	1	0.000004	0.000004	0.000004
512	8500	108	0	0	0.000000	0.000000	0.000000
512	8500	109	0	0	0.000000	0.000000	0.000000
512	8500	110	3	8	0.000031	0.000038	0.000031
512	8500	111	3	8	0.000031	0.000046	0.000031
512	8500	112	0	0	0.000000	0.000000	0.000000
512	8500	113	2	1	0.000004	0.000008	0.000004
512	8500	114	5	5	0.000019	0.000050	0.000019
512	8500	115	0	0	0.000000	0.000000	0.000000
512	8500	116	10	5	0.000019	0.000080	0.000019
512	8500	117	0	0	0.000000	0.000000	0.000000
512	8500	118	0	0	0.000000	0.000000	0.000000
512	8500	119	0	0	0.000000	0.000000	0.000000
512	8500	120	1	5	0.000019	0.000019	0.000019
512	8500	121	0	0	0.000000	0.000000	0.000000
512	8500	122	2	5	0.000019	0.000031	0.000019
512	8500	123	6	7	0.000027	0.000050	0.000027
512	8500	124	3	3	0.000011	0.000031	0.000011
512	8500	125	1	2	0.000008	0.000008	0.000008
512	8500	126	7	7	0.000027	0.000072	0.000027
512	8500	127	2	1	0.000004	0.000008	0.000004
512	8500	128	2	3	0.000011	0.000019	0.000011
512	8500	129	4	4	0.000015	0.000050	0.000015
512	8500	130	1	1	0.000004	0.000004	0.000004
512	8500	131	0	0	0.000000	0.000000	0.000000
512	8500	132	0	0	0.000000	0.000000	0.000000
512	8500	133	6	5	0.000019	0.000069	0.000019
512	8500	134	2	4	0.000015	0.000031	0.000015
512	8500	135	0	0	0.000000	0.000000	0.000000
512	8500	136	0	0	0.000000	0.000000	0.000000
512	8500	137	0	0	0.000000	0.000000	0.000000
512	8500	138	0	0	0.000000	0.000000	0.000000
512	8500	139	0	0	0.000000	0.000000	0.000000
512	8500	140	5	5	0.000019	0.000084	0.000019
512	8500	141	0	0	0.000000	0.000000	0.000000
512	8500	142	7	3	0.000011	0.000065	0.000011
512	8500	143	0	0	0.000000	0.000000	0.000000
512	8500	144	2	1	0.000004	0.000008	0.000004
512	8500	145	0	0	0.000000	0.000000	0.000000
512	8500	146	1	3	0.000011	0.000011	0.000011
512	8500	147	0	0	0.000000	0.000000	0.000000
512	8500	148	0	0	0.000000	0.000000	0.000000
512	8500	149	0	0	0.000000	0.000000	0.000000
512	8500	150	3	3	0.000011	0.000027	0.000011
512	8500	151	4	5	0.000019	0.000034	0.000019
512	8500	152	1	2	0.000008	0.000008	0.000008
512	8500	153	0	0	0.000000	0.000000	0.000000
512	8500	154	1	1	0.000004	0.000004	0.000004
512	8500	155	6	4	0.000015	0.000050	0.000015
512	8500	156	0	0	0.000000	0.000000	0.000000
512	8500	157	0	0	0.000000	0.000000	0.000000
512	8500	158	2	1	0.000004	0.000008	0.000004
512	8500	159	3	7	0.000027	0.000061	0.000027
512	8500	160	5	8	0.000031	0.000072	0.000031
512	8500	161	0	0	0.000000	0.000000	0.000000
512	8500	162	2	2	0.000008	0.000011	0.000008
512	8500	163	0	0	0.000000	0.000000	0.000000
512	8500	164	6	9	0.000034	0.000069	0.000034
512	8500	165	2	2	0.000008	0.000015	0.000008
512	8500	166	3	6	0.000023	0.000034	0.000023
512	8500	167	0	0	0.000000	0.000000	0.000000
512	8500	168	0	0	0.000000	0.000000	0.000000
512	8500	169	0	0	0.000000	0.000000	0.000000
512	8500	170	2	4	0.000015	0.000019	0.000015
512	8500	171	2	1	0.000004	0.000008	0.000004
512	8500	172	2	10	0.000038	0.000065	0.000038
512	8500	173	0	0	0.000000	0.000000	0.000000
512	8500	174	0	0	0.000000	0.000000	0.000000
512	8500	175	2	4	0.000015	0.000027	0.000015
512	8500	176	0	0	0.000000	0.000000	0.000000
512	8500	177	3	3	0.000011	0.000019	0.000011
512	8500	178	0	0	0.000000	0.000000	0.000000
512	8500	179	1	1	0.000004	0.000004	0.000004
512	8500	180	0	0	0.000000	0.000000	0.000000
512	8500	181	1	3	0.000011	0.000011	0.000011
512	8500	182	0	0	0.000000	0.000000	0.000000
512	8500	183	2	2	0.000008	0.000011	0.000008
512	8500	184	0	0	0.000000	0.000000	0.000000
512	8500	185	0	0	0.000000	0.000000	0.000000
512	8500	186	0	0	0.000000	0.000000	0.000000
512	8500	187	0	0	0.000000	0.000000	0.000000
512	8500	188	0	0	0.000000	0.000000	0.000000
512	8500	189	1	5	0.000019	0.000019	0.000019
512	8500	190	0	0	0.000000	0.000000	0.000000
512	8500	191	0	0	0.000000	0.000000	0.000000
512	8500	192	0	0	0.000000	0.000000	0.000000
512	8500	193	0	0	0.000000	0.000000	0.000000
512	8500	194	4	4	0.000015	0.000042	0.000015
512	8500	195	0	0	0.000000	0.000000	0.000000
512	8500	196	0	0	0.000000	0.000000	0.000000
512	8500	197	0	0	0.000000	0.000000	0.000000
512	8500	198	0	0	0.000000	0.000000	0.000000
512	8500	199	0	0	0.000000	0.000000	0.000000
512	8500	200	1	10	0.000038	0.000038	0.000038
512	8500	201	0	0	0.000000	0.000000	0.000000
512	8500	202	4	7	0.000027	0.000061	0.000027
512	8500	203	6	5	0.000019	0.000057	0.000019
512	8500	204	0	0	0.000000	0.000000	0.000000
512	8500	205	0	0	0.000000	0.000000	0.000000
512	8500	206	9	15	0.000057	0.000137	0.000057
512	8500	207	0	0	0.000000	0.000000	0.000000
512	8500	208	3	3	0.000011	0.000023	0.000011
512	8500	209	0	0	0.000000	0.000000	0.000000
512	8500	210	2	5	0.000019	0.000027	0.000019
512	8500	211	0	0	0.000000	0.000000	0.000000
512	8500	212	0	0	0.000000	0.000000	0.000000
512	8500	213	4	5	0.000019	0.000042	0.000019
512	8500	214	2	3	0.000011	0.000015	0.000011
512	8500	215	2	3	0.000011	0.000019	0.000011
512	8500	216	0	0	0.000000	0.000000	0.000000
512	8500	217	1	2	0.000008	0.000008	0.000008
512	8500	218	3	6	0.000023	0.000042	0.000023
512	8500	219	0	0	0.000000	0.000000	0.000000
512	8500	220	4	6	0.000023	0.000038	0.000023
512	8500	221	0	0	0.000000	0.000000	0.000000
512	8500	222	0	0	0.000000	0.000000	0.000000
512	8500	223	9	4	0.000015	0.000088	0.000015
512	8500	224	0	0	0.000000	0.000000	0.000000
512	8500	225	3	11	0.000042	0.000061	0.000042
512	8500	226	0	0	0.000000	0.000000	0.000000
512	8500	227	0	0	0.000000	0.000000	0.000000
512	8500	228	0	0	0.000000	0.000000	0.000000
512	8500	229	1	4	0.000015	0.000015	0.000015
512	8500	230	2	4	0.000015	0.000023	0.000015
512	8500	231	0	0	0.000000	0.000000	0.000000
512	8500	232	2	5	0.000019	0.000023	0.000019
512	8500	233	6	5	0.000019	0.000065	0.000019
512	8500	234	0	0	0.000000	0.000000	0.000000
512	8500	235	8	11	0.000042	0.000088	0.000042
512	8500	236	4	7	0.000027	0.000061	0.000027
512	8500	237	1	2	0.000008	0.000008	0.000008
512	8500	238	1	2	0.000008	0.000008	0.000008
512	8500	239	2	1	0.000004	0.000008	0.000004
512	8500	240	3	1	0.000004	0.000011	0.000004
512	8500	241	0	0	0.000000	0.000000	0.000000
512	8500	242	1	1	0.000004	0.000004	0.000004
512	8500	243	4	4	0.000015	0.000031	0.000015
512	8500	244	0	0	0.000000	0.000000	0.000000
512	8500	245	0	0	0.000000	0.000000	0.000000
512	8500	246	4	11	0.000042	0.000061	0.000042
512	8500	247	1	1	0.000004	0.000004	0.000004
512	8500	248	0	0	0.000000	0.000000	0.000000
512	8500	249	2	9	0.000034	0.000038	0.000034
512	8500	250	0	0	0.000000	0.000000	0.000000
512	8500	251	4	6	0.000023	0.000057	0.000023
512	8500	252	1	1	0.000004	0.000004	0.000004
512	8500	253	0	0	0.000000	0.000000	0.000000
512	8500	254	0	0	0.000000	0.000000	0.000000
512	8500	255	4	3	0.000011	0.000034	0.000011
512	8500	256	11	7	0.000027	0.000149	0.000027
512	8500	257	0	0	0.000000	0.000000	0.000000
512	8500	258	4	4	0.000015	0.000034	0.000015
512	8500	259	1	4	0.000015	0.000015	0.000015
512	8500	260	2	2	0.000008	0.000015	0.000008
512	8500	261	0	0	0.000000	0.000000	0.000000
512	8500	262	3	2	0.000008	0.000015	0.000008
512	8500	263	0	0	0.000000	0.000000	0.000000
512	8500	264	0	0	0.000000	0.000000	0.000000
512	8500	265	0	0	0.000000	0.000000	0.000000
512	8500	266	0	0	0.000000	0.000000	0.000000
512	8500	267	1	1	0.000004	0.000004	0.000004
512	8500	268	1	4	0.000015	0.000015	0.000015
512	8500	269	8	5	0.000019	0.000053	0.000019
512	8500	270	0	0	0.000000	0.000000	0.000000
512	8500	271	0	0	0.000000	0.000000	0.000000
512	8500	272	0	0	0.000000	0.000000	0.000000
512	8500	273	0	0	0.000000	0.000000	0.000000
512	8500	274	0	0	0.000000	0.000000	0.000000
512	8500	275	0	0	0.000000	0.000000	0.000000
512	8500	276	0	0	0.000000	0.000000	0.000000
512	8500	277	4	6	0.000023	0.000050	0.000023
512	8500	278	5	4	0.000015	0.000050	0.000015
512	8500	279	0	0	0.000000	0.000000	0.000000
512	8500	280	0	0	0.000000	0.000000	0.000000
512	8500	281	2	4	0.000015	0.000023	0.000015
512	8500	282	1	2	0.000008	0.000008	0.000008
512	8500	283	2	3	0.000011	0.000015	0.000011
512	8500	284	2	2	0.000008	0.000015	0.000008
512	8500	285	0	0	0.000000	0.000000	0.000000
512	8500	286	3	4	0.000015	0.000031	0.000015
512	8500	287	4	4	0.000015	0.000031	0.000015
512	8500	288	0	0	0.000000	0.000000	0.000000
512	8500	289	1	1	0.000004	0.000004	0.000004
512	8500	290	6	7	0.000027	0.000080	0.000027
512	8500	291	0	0	0.000000	0.000000	0.000000
512	8500	292	6	5	0.000019	0.000072	0.000019
512	8500	293	1	5	0.000019	0.000019	0.000019
512	8500	294	0	0	0.000000	0.000000	0.000000
512	8500	295	2	1	0.000004	0.000008	0.000004
512	8500	296	0	0	0.000000	0.000000	0.000000
512	8500	297	4	5	0.000019	0.000034	0.000019
512	8500	298	5	16	0.000061	0.000103	0.000061
512	8500	299	1	8	0.000031	0.000031	0.000031
512	8500	300	0	0	0.000000	0.000000	0.000000
512	8500	301	0	0	0.000000	0.000000	0.000000
512	8500	302	0	0	0.000000	0.000000	0.000000
512	8500	303	0	0	0.000000	0.000000	0.000000
512	8500	304	4	4	0.000015	0.000050	0.000015
512	8500	305	0	0	0.000000	0.000000	0.000000
512	8500	306	0	0	0.000000	0.000000	0.000000
512	8500	307	0	0	0.000000	0.000000	0.000000
512	8500	308	0	0	0.000000	0.000000	0.000000
512	8500	309	0	0	0.000000	0.000000	0.000000
512	8500	310	2	3	0.000011	0.000023	0.000011
512	8500	311	0	0	0.000000	0.000000	0.000000
512	8500	312	5	3	0.000011	0.000034	0.000011
512	8500	313	0	0	0.000000	0.000000	0.000000
512	8500	314	7	5	0.000019	0.000069	0.000019
512	8500	315	0	0	0.000000	0.000000	0.000000
512	8500	316	0	0	0.000000	0.000000	0.000000
512	8500	317	0	0	0.000000	0.000000	0.000000
512	8500	318	1	2	0.000008	0.000008	0.000008
512	8500	319	8	12	0.000046	0.000092	0.000046
512	8500	320	3	7	0.000027	0.000042	0.000027
512	8500	321	7	4	0.000015	0.000069	0.000015
512	8500	322	0	0	0.000000	0.000000	0.000000
512	8500	323	1	1	0.000004	0.000004	0.000004
512	8500	324	3	7	0.000027	0.000042	0.000027
512	8500	325	1	7	0.000027	0.000027	0.000027
512	8500	326	2	4	0.000015	0.000019	0.000015
512	8500	327	3	11	0.000042	0.000050	0.000042
512	8500	328	2	5	0.000019	0.000023	0.000019
512	8500	329	1	8	0.000031	0.000031	0.000031
512	8500	330	2	2	0.000008	0.000011	0.000008
512	8500	331	2	7	0.000027	0.000038	0.000027
512	8500	332	0	0	0.000000	0.000000	0.000000
512	8500	333	11	4	0.000015	0.000084	0.000015
512	8500	334	1	1	0.000004	0.000004	0.000004
512	8500	335	3	5	0.000019	0.000034	0.000019
512	8500	336	0	0	0.000000	0.000000	0.000000
512	8500	337	1	1	0.000004	0.000004	0.000004
512	8500	338	0	0	0.000000	0.000000	0.000000
512	8500	339	2	7	0.000027	0.000031	0.000027
512	8500	340	1	2	0.000008	0.000008	0.000008
512	8500	341	2	1	0.000004	0.000008	0.000004
512	8500	342	5	6	0.000023	0.000092	0.000023
512	8500	343	0	0	0.000000	0.000000	0.000000
512	8500	344	0	0	0.000000	0.000000	0.000000
512	8500	345	1	5	0.000019	0.000019	0.000019
512	8500	346	1	10	0.000038	0.000038	0.000038
512	8500	347	5	10	0.000038	0.000076	0.000038
512	8500	348	0	0	0.000000	0.000000	0.000000
512	8500	349	0	0	0.000000	0.000000	0.000000
512	8500	350	0	0	0.000000	0.000000	0.000000
512	8500	351	2	1	0.000004	0.000008	0.000004
512	8500	352	3	9	0.000034	0.000050	0.000034
512	8500	353	2	11	0.000042	0.000046	0.000042
512	8500	354	0	0	0.000000	0.000000	0.000000
512	8500	355	1	4	0.000015	0.000015	0.000015
512	8500	356	1	2	0.000008	0.000008	0.000008
512	8500	357	1	3	0.000011	0.000011	0.000011
512	8500	358	1	1	0.000004	0.000004	0.000004
512	8500	359	2	2	0.000008	0.000011	0.000008
512	8500	360	3	16	0.000061	0.000088	0.000061
512	8500	361	0	0	0.000000	0.000000	0.000000
512	8500	362	0	0	0.000000	0.000000	0.000000
512	8500	363	0	0	0.000000	0.000000	0.000000
512	8500	364	0	0	0.000000	0.000000	0.000000
512	8500	365	0	0	0.000000	0.000000	0.000000
512	8500	366	7	6	0.000023	0.000061	0.000023
512	8500	367	3	9	0.000034	0.000069	0.000034
512	8500	368	0	0	0.000000	0.000000	0.000000
512	8500	369	1	7	0.000027	0.000027	0.000027
512	8500	370	0	0	0.000000	0.000000	0.000000
512	8500	371	0	0	0.000000	0.000000	0.000000
512	8500	372	5	7	0.000027	0.000061	0.000027
512	8500	373	0	0	0.000000	0.000000	0.000000
512	8500	374	2	2	0.000008	0.000011	0.000008
512	8500	375	0	0	0.000000	0.000000	0.000000
512	8500	376	4	6	0.000023	0.000042	0.000023
512	8500	377	0	0	0.000000	0.000000	0.000000
512	8500	378	1	4	0.000015	0.000015	0.000015
512	8500	379	3	2	0.000008	0.000015	0.000008
512	8500	380	0	0	0.000000	0.000000	0.000000
512	8500	381	1	1	0.000004	0.000004	0.000004
512	8500	382	0	0	0.000000	0.000000	0.000000
512	8500	383	4	4	0.000015	0.000038	0.000015
512	8500	384	0	0	0.000000	0.000000	0.000000
512	8500	385	3	6	0.000023	0.000038	0.000023
512	8500	386	1	3	0.000011	0.000011	0.000011
512	8500	387	0	0	0.000000	0.000000	0.000000
512	8500	388	2	7	0.000027	0.000038	0.000027
512	8500	389	2	3	0.000011	0.000015	0.000011
512	8500	390	0	0	0.000000	0.000000	0.000000
512	8500	391	0	0	0.000000	0.000000	0.000000
512	8500	392	1	1	0.000004	0.000004	0.000004
512	8500	393	0	0	0.000000	0.000000	0.000000
512	8500	394	0	0	0.000000	0.000000	0.000000
512	8500	395	0	0	0.000000	0.000000	0.000000
512	8500	396	1	3	0.000011	0.000011	0.000011
512	8500	397	2	3	0.000011	0.000019	0.000011
512	8500	398	8	5	0.000019	0.000080	0.000019
512	8500	399	2	5	0.000019	0.000027	0.000019
512	8500	400	0	0	0.000000	0.000000	0.000000
512	8500	401	0	0	0.000000	0.000000	0.000000
512	8500	402	3	6	0.000023	0.000031	0.000023
512	8500	403	0	0	0.000000	0.000000	0.000000
512	8500	404	5	8	0.000031	0.000053	0.000031
512	8500	405	0	0	0.000000	0.000000	0.000000
512	8500	406	0	0	0.000000	0.000000	0.000000
512	8500	407	2	5	0.000019	0.000023	0.000019
512	8500	408	0	0	0.000000	0.000000	0.000000
512	8500	409	1	11	0.000042	0.000042	0.000042
512	8500	410	1	1	0.000004	0.000004	0.000004
512	8500	411	0	0	0.000000	0.000000	0.000000
512	8500	412	0	0	0.000000	0.000000	0.000000
512	8500	413	2	8	0.000031	0.000050	0.000031
512	8500	414	6	5	0.000019	0.000046	0.000019
512	8500	415	5	3	0.000011	0.000034	0.000011
512	8500	416	0	0	0.000000	0.000000	0.000000
512	8500	417	0	0	0.000000	0.000000	0.000000
512	8500	418	0	0	0.000000	0.000000	0.000000
512	8500	419	2	2	0.000008	0.000015	0.000008
512	8500	420	4	7	0.000027	0.000042	0.000027
512	8500	421	3	4	0.000015	0.000034	0.000015
512	8500	422	1	2	0.000008	0.000008	0.000008
512	8500	423	1	3	0.000011	0.000011	0.000011
512	8500	424	3	3	0.000011	0.000019	0.000011
512	8500	425	6	3	0.000011	0.000034	0.000011
512	8500	426	2	8	0.000031	0.000034	0.000031
512	8500	427	1	3	0.000011	0.000011	0.000011
512	8500	428	0	0	0.000000	0.000000	0.000000
512	8500	429	2	2	0.000008	0.000011	0.000008
512	8500	430	0	0	0.000000	0.000000	0.000000
512	8500	431	0	0	0.000000	0.000000	0.000000
512	8500	432	7	4	0.000015	0.000057	0.000015
512	8500	433	0	0	0.000000	0.000000	0.000000
512	8500	434	6	3	0.000011	0.000046	0.000011
512	8500	435	0	0	0.000000	0.000000	0.000000
512	8500	436	0	0	0.000000	0.000000	0.000000
512	8500	437	2	3	0.000011	0.000015	0.000011
512	8500	438	5	2	0.000008	0.000027	0.000008
512	8500	439	0	0	0.000000	0.000000	0.000000
512	8500	440	1	3	0.000011	0.000011	0.000011
512	8500	441	0	0	0.000000	0.000000	0.000000
512	8500	442	2	3	0.000011	0.000015	0.000011
512	8500	443	0	0	0.000000	0.000000	0.000000
512	8500	444	0	0	0.000000	0.000000	0.000000
512	8500	445	0	0	0.000000	0.000000	0.000000
512	8500	446	0	0	0.000000	0.000000	0.000000
512	8500	447	0	0	0.000000	0.000000	0.000000
512	8500	448	6	9	0.000034	0.000076	0.000034
512	8500	449	0	0	0.000000	0.000000	0.000000
512	8500	450	0	0	0.000000	0.000000	0.000000
512	8500	451	6	4	0.000015	0.000050	0.000015
512	8500	452	3	7	0.000027	0.000034	0.000027
512	8500	453	0	0	0.000000	0.000000	0.000000
512	8500	454	4	3	0.000011	0.000031	0.000011
512	8500	455	0	0	0.000000	0.000000	0.000000
512	8500	456	1	4	0.000015	0.000015	0.000015
512	8500	457	6	6	0.000023	0.000065	0.000023
512	8500	458	0	0	0.000000	0.000000	0.000000
512	8500	459	0	0	0.000000	0.000000	0.000000
512	8500	460	0	0	0.000000	0.000000	0.000000
512	8500	461	0	0	0.000000	0.000000	0.000000
512	8500	462	3	4	0.000015	0.000023	0.000015
512	8500	463	0	0	0.000000	0.000000	0.000000
512	8500	464	0	0	0.000000	0.000000	0.000000
512	8500	465	1	1	0.000004	0.000004	0.000004
512	8500	466	1	5	0.000019	0.000019	0.000019
512	8500	467	3	10	0.000038	0.000053	0.000038
512	8500	468	0	0	0.000000	0.000000	0.000000
512	8500	469	5	3	0.000011	0.000038	0.000011
512	8500	470	1	1	0.000004	0.000004	0.000004
512	8500	471	0	0	0.000000	0.000000	0.000000
512	8500	472	0	0	0.000000	0.000000	0.000000
512	8500	473	3	4	0.000015	0.000031	0.000015
512	8500	474	4	6	0.000023	0.000038	0.000023
512	8500	475	0	0	0.000000	0.000000	0.000000
512	8500	476	0	0	0.000000	0.000000	0.000000
512	8500	477	0	0	0.000000	0.000000	0.000000
512	8500	478	1	1	0.000004	0.000004	0.000004
512	8500	479	5	5	0.000019	0.000050	0.000019
512	8500	480	1	3	0.000011	0.000011	0.000011
512	8500	481	0	0	0.000000	0.000000	0.000000
512	8500	482	0	0	0.000000	0.000000	0.000000
512	8500	483	2	2	0.000008	0.000011	0.000008
512	8500	484	1	4	0.000015	0.000015	0.000015
512	8500	485	8	4	0.000015	0.000061	0.000015
512	8500	486	0	0	0.000000	0.000000	0.000000
512	8500	487	2	1	0.000004	0.000008	0.000004
512	8500	488	0	0	0.000000	0.000000	0.000000
512	8500	489	0	0	0.000000	0.000000	0.000000
512	8500	490	0	0	0.000000	0.000000	0.000000
512	8500	491	0	0	0.000000	0.000000	0.000000
512	8500	492	0	0	0.000000	0.000000	0.000000
512	8500	493	0	0	0.000000	0.000000	0.000000
512	8500	494	2	2	0.000008	0.000015	0.000008
512	8500	495	3	4	0.000015	0.000034	0.000015
512	8500	496	1	1	0.000004	0.000004	0.000004
512	8500	497	0	0	0.000000	0.000000	0.000000
512	8500	498	0	0	0.000000	0.000000	0.000000
512	8500	499	0	0	0.000000	0.000000	0.000000
512	8500	500	0	0	0.000000	0.000000	0.000000
512	8500	501	0	0	0.000000	0.000000	0.000000
512	8500	502	0	0	0.000000	0.000000	0.000000
512	8500	503	13	7	0.000027	0.000084	0.000027
512	8500	504	6	2	0.000008	0.000031	0.000008
512	8500	505	3	14	0.000053	0.000080	0.000053
512	8500	506	3	4	0.000015	0.000023	0.000015
512	8500	507	6	7	0.000027	0.000065	0.000027
512	8500	508	3	9	0.000034	0.000057	0.000034
512	8500	509	0	0	0.000000	0.000000	0.000000
512	8500	510	1	1	0.000004	0.000004	0.000004
512	8500	511	6	9	0.000034	0.000084	0.000034
512	8500	512	4	13	0.000050	0.000065	0.000050
512	8500	513	1	4	0.000015	0.000015	0.000015
512	8500	514	1	11	0.000042	0.000042	0.000042
512	8500	515	5	7	0.000027	0.000092	0.000027
512	8500	516	2	2	0.000008	0.000011	0.000008
512	8500	517	1	2	0.000008	0.000008	0.000008
512	8500	518	0	0	0.000000	0.000000	0.000000
512	8500	519	0	0	0.000000	0.000000	0.000000
512	8500	520	0	0	0.000000	0.000000	0.000000
512	8500	521	1	3	0.000011	0.000011	0.000011
512	8500	522	0	0	0.000000	0.000000	0.000000
512	8500	523	1	5	0.000019	0.000019	0.000019
512	8500	524	0	0	0.000000	0.000000	0.000000
512	8500	525	0	0	0.000000	0.000000	0.000000
512	8500	526	0	0	0.000000	0.000000	0.000000
512	8500	527	0	0	0.000000	0.000000	0.000000
512	8500	528	3	4	0.000015	0.000023	0.000015
512	8500	529	1	3	0.000011	0.000011	0.000011
512	8500	530	1	3	0.000011	0.000011	0.000011
512	8500	531	0	0	0.000000	0.000000	0.000000
512	8500	532	1	8	0.000031	0.000031	0.000031
512	8500	533	0	0	0.000000	0.000000	0.000000
512	8500	534	0	0	0.000000	0.000000	0.000000
512	8500	535	1	1	0.000004	0.000004	0.000004
512	8500	536	0	0	0.000000	0.000000	0.000000
512	8500	537	1	12	0.000046	0.000046	0.000046
512	8500	538	1	2	0.000008	0.000008	0.000008
512	8500	539	0	0	0.000000	0.000000	0.000000
512	8500	540	0	0	0.000000	0.000000	0.000000
512	8500	541	2	5	0.000019	0.000027	0.000019
512	8500	542	2	2	0.000008	0.000011	0.000008
512	8500	543	0	0	0.000000	0.000000	0.000000
512	8500	544	2	4	0.000015	0.000027	0.000015
512	8500	545	3	7	0.000027	0.000050	0.000027
512	8500	546	3	1	0.000004	0.000011	0.000004
512	8500	547	1	4	0.000015	0.000015	0.000015
512	8500	548	0	0	0.000000	0.000000	0.000000
512	8500	549	0	0	0.000000	0.000000	0.000000
512	8500	550	0	0	0.000000	0.000000	0.000000
512	8500	551	3	7	0.000027	0.000042	0.000027
512	8500	552	0	0	0.000000	0.000000	0.000000
512	8500	553	0	0	0.000000	0.000000	0.000000
512	8500	554	0	0	0.000000	0.000000	0.000000
512	8500	555	0	0	0.000000	0.000000	0.000000
512	8500	556	6	5	0.000019	0.000061	0.000019
512	8500	557	0	0	0.000000	0.000000	0.000000
512	8500	558	0	0	0.000000	0.000000	0.000000
512	8500	559	0	0	0.000000	0.000000	0.000000
512	8500	560	0	0	0.000000	0.000000	0.000000
512	8500	561	4	12	0.000046	0.000080	0.000046
512	8500	562	0	0	0.000000	0.000000	0.000000
512	8500	563	5	7	0.000027	0.000069	0.000027
512	8500	564	0	0	0.000000	0.000000	0.000000
512	8500	565	4	5	0.000019	0.000038	0.000019
512	8500	566	5	3	0.000011	0.000027	0.000011
512	8500	567	0	0	0.000000	0.000000	0.000000
512	8500	568	3	2	0.000008	0.000015	0.000008
512	8500	569	0	0	0.000000	0.000000	0.000000
512	8500	570	0	0	0.000000	0.000000	0.000000
512	8500	571	0	0	0.000000	0.000000	0.000000
512	8500	572	0	0	0.000000	0.000000	0.000000
512	8500	573	0	0	0.000000	0.000000	0.000000
512	8500	574	3	12	0.000046	0.000065	0.000046
512	8500	575	0	0	0.000000	0.000000	0.000000
512	8500	576	5	3	0.000011	0.000050	0.000011
512	8500	577	2	1	0.000004	0.000008	0.000004
512	8500	578	0	0	0.000000	0.000000	0.000000
512	8500	579	8	7	0.000027	0.000095	0.000027
512	8500	580	0	0	0.000000	0.000000	0.000000
512	8500	581	4	4	0.000015	0.000046	0.000015
512	8500	582	0	0	0.000000	0.000000	0.000000
512	8500	583	2	2	0.000008	0.000011	0.000008
512	8500	584	5	9	0.000034	0.000114	0.000034
512	8500	585	1	1	0.000004	0.000004	0.000004
512	8500	586	2	4	0.000015	0.000023	0.000015
512	8500	587	2	3	0.000011	0.000019	0.000011
512	8500	588	0	0	0.000000	0.000000	0.000000
512	8500	589	3	6	0.000023	0.000042	0.000023
512	8500	590	0	0	0.000000	0.000000	0.000000
512	8500	591	6	5	0.000019	0.000057	0.000019
512	8500	592	4	5	0.000019	0.000057	0.000019
512	8500	593	0	0	0.000000	0.000000	0.000000
512	8500	594	5	8	0.000031	0.000065	0.000031
512	8500	595	7	5	0.000019	0.000076	0.000019
512	8500	596	0	0	0.000000	0.000000	0.000000
512	8500	597	0	0	0.000000	0.000000	0.000000
512	8500	598	8	9	0.000034	0.000080	0.000034
512	8500	599	0	0	0.000000	0.000000	0.000000
512	8500	600	2	3	0.000011	0.000015	0.000011
512	8500	601	3	6	0.000023	0.000046	0.000023
512	8500	602	2	2	0.000008	0.000011	0.000008
512	8500	603	3	1	0.000004	0.000011	0.000004
512	8500	604	0	0	0.000000	0.000000	0.000000
512	8500	605	2	4	0.000015	0.000027	0.000015
512	8500	606	0	0	0.000000	0.000000	0.000000
512	8500	607	0	0	0.000000	0.000000	0.000000
512	8500	608	0	0	0.000000	0.000000	0.000000
512	8500	609	0	0	0.000000	0.000000	0.000000
512	8500	610	1	5	0.000019	0.000019	0.000019
512	8500	611	4	5	0.000019	0.000042	0.000019
512	8500	612	3	4	0.000015	0.000034	0.000015
512	8500	613	3	3	0.000011	0.000023	0.000011
512	8500	614	0	0	0.000000	0.000000	0.000000
512	8500	615	0	0	0.000000	0.000000	0.000000
512	8500	616	1	7	0.000027	0.000027	0.000027
512	8500	617	0	0	0.000000	0.000000	0.000000
512	8500	618	0	0	0.000000	0.000000	0.000000
512	8500	619	2	1	0.000004	0.000008	0.000004
512	8500	620	5	1	0.000004	0.000019	0.000004
512	8500	621	0	0	0.000000	0.000000	0.000000
512	8500	622	0	0	0.000000	0.000000	0.000000
512	8500	623	0	0	0.000000	0.000000	0.000000
512	8500	624	0	0	0.000000	0.000000	0.000000
512	8500	625	0	0	0.000000	0.000000	0.000000
512	8500	626	4	5	0.000019	0.000050	0.000019
512	8500	627	3	1	0.000004	0.000011	0.000004
512	8500	628	9	6	0.000023	0.000114	0.000023
512	8500	629	11	7	0.000027	0.000092	0.000027
512	8500	630	0	0	0.000000	0.000000	0.000000
512	8500	631	0	0	0.000000	0.000000	0.000000
512	8500	632	0	0	0.000000	0.000000	0.000000
512	8500	633	2	6	0.000023	0.000031	0.000023
512	8500	634	6	4	0.000015	0.000053	0.000015
512	8500	635	4	2	0.000008	0.000019	0.000008
512	8500	636	6	12	0.000046	0.000080	0.000046
512	8500	637	4	2	0.000008	0.000019	0.000008
512	8500	638	0	0	0.000000	0.000000	0.000000
512	8500	639	0	0	0.000000	0.000000	0.000000
512	8500	640	2	4	0.000015	0.000019	0.000015
512	8500	641	0	0	0.000000	0.000000	0.000000
512	8500	642	6	5	0.000019	0.000072	0.000019
512	8500	643	0	0	0.000000	0.000000	0.000000
512	8500	644	0	0	0.000000	0.000000	0.000000
512	8500	645	0	0	0.000000	0.000000	0.000000
512	8500	646	2	1	0.000004	0.000008	0.000004
512	8500	647	0	0	0.000000	0.000000	0.000000
512	8500	648	0	0	0.000000	0.000000	0.000000
512	8500	649	0	0	0.000000	0.000000	0.000000
512	8500	650	3	8	0.000031	0.000038	0.000031
512	8500	651	3	10	0.000038	0.000053	0.000038
512	8500	652	0	0	0.000000	0.000000	0.000000
512	8500	653	0	0	0.000000	0.000000	0.000000
512	8500	654	4	6	0.000023	0.000038	0.000023
512	8500	655	0	0	0.000000	0.000000	0.000000
512	8500	656	0	0	0.000000	0.000000	0.000000
512	8500	657	0	0	0.000000	0.000000	0.000000
512	8500	658	2	8	0.000031	0.000038	0.000031
512	8500	659	4	16	0.000061	0.000084	0.000061
512	8500	660	0	0	0.000000	0.000000	0.000000
512	8500	661	0	0	0.000000	0.000000	0.000000
512	8500	662	4	3	0.000011	0.000031	0.000011
512	8500	663	3	1	0.000004	0.000011	0.000004
512	8500	664	2	4	0.000015	0.000019	0.000015
512	8500	665	0	0	0.000000	0.000000	0.000000
512	8500	666	1	5	0.000019	0.000019	0.000019
512	8500	667	0	0	0.000000	0.000000	0.000000
512	8500	668	1	8	0.000031	0.000031	0.000031
512	8500	669	3	3	0.000011	0.000027	0.000011
512	8500	670	0	0	0.000000	0.000000	0.000000
512	8500	671	0	0	0.000000	0.000000	0.000000
512	8500	672	1	1	0.000004	0.000004	0.000004
512	8500	673	3	3	0.000011	0.000023	0.000011
512	8500	674	0	0	0.000000	0.000000	0.000000
512	8500	675	5	3	0.000011	0.000034	0.000011
512	8500	676	3	4	0.000015	0.000031	0.000015
512	8500	677	0	0	0.000000	0.000000	0.000000
512	8500	678	3	4	0.000015	0.000031	0.000015
512	8500	679	0	0	0.000000	0.000000	0.000000
512	8500	680	4	3	0.000011	0.000042	0.000011
512	8500	681	0	0	0.000000	0.000000	0.000000
512	8500	682	3	3	0.000011	0.000019	0.000011
512	8500	683	0	0	0.000000	0.000000	0.000000
512	8500	684	9	9	0.000034	0.000153	0.000034
512	8500	685	15	7	0.000027	0.000130	0.000027
512	8500	686	4	2	0.000008	0.000023	0.000008
512	8500	687	2	5	0.000019	0.000023	0.000019
512	8500	688	0	0	0.000000	0.000000	0.000000
512	8500	689	6	10	0.000038	0.000065	0.000038
512	8500	690	3	2	0.000008	0.000015	0.000008
512	8500	691	5	11	0.000042	0.000111	0.000042
512	8500	692	2	6	0.000023	0.000031	0.000023
512	8500	693	4	8	0.000031	0.000050	0.000031
512	8500	694	0	0	0.000000	0.000000	0.000000
512	8500	695	1	2	0.000008	0.000008	0.000008
512	8500	696	1	1	0.000004	0.000004	0.000004
512	8500	697	1	1	0.000004	0.000004	0.000004
512	8500	698	9	3	0.000011	0.000065	0.000011
512	8500	699	3	5	0.000019	0.000050	0.000019
512	8500	700	0	0	0.000000	0.000000	0.000000
512	8500	701	0	0	0.000000	0.000000	0.000000
512	8500	702	0	0	0.000000	0.000000	0.000000
512	8500	703	4	5	0.000019	0.000053	0.000019
512	8500	704	2	7	0.000027	0.000038	0.000027
512	8500	705	0	0	0.000000	0.000000	0.000000
512	8500	706	7	10	0.000038	0.000065	0.000038
512	8500	707	0	0	0.000000	0.000000	0.000000
512	8500	708	0	0	0.000000	0.000000	0.000000
512	8500	709	0	0	0.000000	0.000000	0.000000
512	8500	710	0	0	0.000000	0.000000	0.000000
512	8500	711	0	0	0.000000	0.000000	0.000000
512	8500	712	11	10	0.000038	0.000122	0.000038
512	8500	713	2	6	0.000023	0.000034	0.000023
512	8500	714	0	0	0.000000	0.000000	0.000000
512	8500	715	0	0	0.000000	0.000000	0.000000
512	8500	716	1	1	0.000004	0.000004	0.000004
512	8500	717	2	1	0.000004	0.000008	0.000004
512	8500	718	1	2	0.000008	0.000008	0.000008
512	8500	719	0	0	0.000000	0.000000	0.000000
512	8500	720	1	1	0.000004	0.000004	0.000004
512	8500	721	0	0	0.000000	0.000000	0.000000
512	8500	722	3	3	0.000011	0.000027	0.000011
512	8500	723	0	0	0.000000	0.000000	0.000000
512	8500	724	0	0	0.000000	0.000000	0.000000
512	8500	725	1	2	0.000008	0.000008	0.000008
512	8500	726	0	0	0.000000	0.000000	0.000000
512	8500	727	0	0	0.000000	0.000000	0.000000
512	8500	728	0	0	0.000000	0.000000	0.000000
512	8500	729	0	0	0.000000	0.000000	0.000000
512	8500	730	3	4	0.000015	0.000034	0.000015
512	8500	731	2	5	0.000019	0.000023	0.000019
512	8500	732	0	0	0.000000	0.000000	0.000000
512	8500	733	2	6	0.000023	0.000027	0.000023
512	8500	734	3	10	0.000038	0.000061	0.000038
512	8500	735	0	0	0.000000	0.000000	0.000000
512	8500	736	7	5	0.000019	0.000053	0.000019
512	8500	737	2	3	0.000011	0.000015	0.000011
512	8500	738	1	1	0.000004	0.000004	0.000004
512	8500	739	0	0	0.000000	0.000000	0.000000
512	8500	740	6	5	0.000019	0.000050	0.000019
512	8500	741	0	0	0.000000	0.000000	0.000000
512	8500	742	0	0	0.000000	0.000000	0.000000
512	8500	743	0	0	0.000000	0.000000	0.000000
512	8500	744	4	2	0.000008	0.000023	0.000008
512	8500	745	0	0	0.000000	0.000000	0.000000
512	8500	746	1	4	0.000015	0.000015	0.000015
512	8500	747	0	0	0.000000	0.000000	0.000000
512	8500	748	1	9	0.000034	0.000034	0.000034
512	8500	749	0	0	0.000000	0.000000	0.000000
512	8500	750	0	0	0.000000	0.000000	0.000000
512	8500	751	3	2	0.000008	0.000015	0.000008
512	8500	752	0	0	0.000000	0.000000	0.000000
512	8500	753	1	2	0.000008	0.000008	0.000008
512	8500	754	0	0	0.000000	0.000000	0.000000
512	8500	755	3	2	0.000008	0.000019	0.000008
512	8500	756	0	0	0.000000	0.000000	0.000000
512	8500	757	0	0	0.000000	0.000000	0.000000
512	8500	758	0	0	0.000000	0.000000	0.000000
512	8500	759	0	0	0.000000	0.000000	0.000000
512	8500	760	2	4	0.000015	0.000023	0.000015
512	8500	761	0	0	0.000000	0.000000	0.000000
512	8500	762	4	4	0.000015	0.000038	0.000015
512	8500	763	0	0	0.000000	0.000000	0.000000
512	8500	764	1	4	0.000015	0.000015	0.000015
512	8500	765	0	0	0.000000	0.000000	0.000000
512	8500	766	1	4	0.000015	0.000015	0.000015
512	8500	767	0	0	0.000000	0.000000	0.000000
512	8500	768	0	0	0.000000	0.000000	0.000000
512	8500	769	0	0	0.000000	0.000000	0.000000
512	8500	770	2	4	0.000015	0.000023	0.000015
512	8500	771	1	11	0.000042	0.000042	0.000042
512	8500	772	3	3	0.000011	0.000023	0.000011
512	8500	773	2	4	0.000015	0.000023	0.000015
512	8500	774	5	7	0.000027	0.000061	0.000027
512	8500	775	3	14	0.000053	0.000088	0.000053
512	8500	776	1	2	0.000008	0.000008	0.000008
512	8500	777	4	7	0.000027	0.000061	0.000027
512	8500	778	2	4	0.000015	0.000019	0.000015
512	8500	779	2	14	0.000053	0.000072	0.000053
512	8500	780	0	0	0.000000	0.000000	0.000000
512	8500	781	0	0	0.000000	0.000000	0.000000
512	8500	782	0	0	0.000000	0.000000	0.000000
512	8500	783	3	4	0.000015	0.000031	0.000015
512	8500	784	0	0	0.000000	0.000000	0.000000
512	8500	785	0	0	0.000000	0.000000	0.000000
512	8500	786	0	0	0.000000	0.000000	0.000000
512	8500	787	0	0	0.000000	0.000000	0.000000
512	8500	788	0	0	0.000000	0.000000	0.000000
512	8500	789	0	0	0.000000	0.000000	0.000000
512	8500	790	0	0	0.000000	0.000000	0.000000
512	8500	791	4	5	0.000019	0.000034	0.000019
512	8500	792	0	0	0.000000	0.000000	0.000000
512	8500	793	7	3	0.000011	0.000057	0.000011
512	8500	794	0	0	0.000000	0.000000	0.000000
512	8500	795	0	0	0.000000	0.000000	0.000000
512	8500	796	3	9	0.000034	0.000053	0.000034
512	8500	797	0	0	0.000000	0.000000	0.000000
512	8500	798	3	3	0.000011	0.000019	0.000011
512	8500	799	6	4	0.000015	0.000046	0.000015
512	8500	800	0	0	0.000000	0.000000	0.000000
512	8500	801	12	8	0.000031	0.000145	0.000031
512	8500	802	0	0	0.000000	0.000000	0.000000
512	8500	803	0	0	0.000000	0.000000	0.000000
512	8500	804	4	9	0.000034	0.000053	0.000034
512	8500	805	0	0	0.000000	0.000000	0.000000
512	8500	806	0	0	0.000000	0.000000	0.000000
512	8500	807	0	0	0.000000	0.000000	0.000000
512	8500	808	0	0	0.000000	0.000000	0.000000
512	8500	809	7	10	0.000038	0.000099	0.000038
512	8500	810	0	0	0.000000	0.000000	0.000000
512	8500	811	3	1	0.000004	0.000011	0.000004
512	8500	812	9	7	0.000027	0.000072	0.000027
512	8500	813	1	8	0.000031	0.000031	0.000031
512	8500	814	0	0	0.000000	0.000000	0.000000
512	8500	815	1	1	0.000004	0.000004	0.000004
512	8500	816	0	0	0.000000	0.000000	0.000000
512	8500	817	5	6	0.000023	0.000053	0.000023
512	8500	818	0	0	0.000000	0.000000	0.000000
512	8500	819	2	2	0.000008	0.000011	0.000008
512	8500	820	0	0	0.000000	0.000000	0.000000
512	8500	821	0	0	0.000000	0.000000	0.000000
512	8500	822	3	6	0.000023	0.000034	0.000023
512	8500	823	0	0	0.000000	0.000000	0.000000
512	8500	824	8	4	0.000015	0.000053	0.000015
512	8500	825	3	5	0.000019	0.000038	0.000019
512	8500	826	1	2	0.000008	0.000008	0.000008
512	8500	827	0	0	0.000000	0.000000	0.000000
512	8500	828	4	3	0.000011	0.000027	0.000011
512	8500	829	0	0	0.000000	0.000000	0.000000
512	8500	830	0	0	0.000000	0.000000	0.000000
512	8500	831	3	7	0.000027	0.000053	0.000027
512	8500	832	2	4	0.000015	0.000019	0.000015
512	8500	833	0	0	0.000000	0.000000	0.000000
512	8500	834	0	0	0.000000	0.000000	0.000000
512	8500	835	5	6	0.000023	0.000057	0.000023
512	8500	836	2	11	0.000042	0.000046	0.000042
512	8500	837	3	7	0.000027	0.000042	0.000027
512	8500	838	0	0	0.000000	0.000000	0.000000
512	8500	839	3	1	0.000004	0.000011	0.000004
512	8500	840	0	0	0.000000	0.000000	0.000000
512	8500	841	4	5	0.000019	0.000046	0.000019
512	8500	842	0	0	0.000000	0.000000	0.000000
512	8500	843	1	1	0.000004	0.000004	0.000004
512	8500	844	0	0	0.000000	0.000000	0.000000
512	8500	845	7	7	0.000027	0.000084	0.000027
512	8500	846	0	0	0.000000	0.000000	0.000000
512	8500	847	0	0	0.000000	0.000000	0.000000
512	8500	848	0	0	0.000000	0.000000	0.000000
512	8500	849	0	0	0.000000	0.000000	0.000000
512	8500	850	4	2	0.000008	0.000023	0.000008
512	8500	851	0	0	0.000000	0.000000	0.000000
512	8500	852	0	0	0.000000	0.000000	0.000000
512	8500	853	1	1	0.000004	0.000004	0.000004
512	8500	854	6	2	0.000008	0.000027	0.000008
512	8500	855	3	3	0.000011	0.000023	0.000011
512	8500	856	2	7	0.000027	0.000031	0.000027
512	8500	857	0	0	0.000000	0.000000	0.000000
512	8500	858	5	5	0.000019	0.000050	0.000019
512	8500	859	0	0	0.000000	0.000000	0.000000
512	8500	860	6	5	0.000019	0.000046	0.000019
512	8500	861	5	4	0.000015	0.000042	0.000015
512	8500	862	0	0	0.000000	0.000000	0.000000
512	8500	863	4	5	0.000019	0.000038	0.000019
512	8500	864	2	4	0.000015	0.000027	0.000015
512	8500	865	1	3	0.000011	0.000011	0.000011
512	8500	866	7	14	0.000053	0.000103	0.000053
512	8500	867	0	0	0.000000	0.000000	0.000000
512	8500	868	0	0	0.000000	0.000000	0.000000
512	8500	869	0	0	0.000000	0.000000	0.000000
512	8500	870	5	4	0.000015	0.000038	0.000015
512	8500	871	0	0	0.000000	0.000000	0.000000
512	8500	872	0	0	0.000000	0.000000	0.000000
512	8500	873	1	3	0.000011	0.000011	0.000011
512	8500	874	2	5	0.000019	0.000023	0.000019
512	8500	875	5	6	0.000023	0.000061	0.000023
512	8500	876	0	0	0.000000	0.000000	0.000000
512	8500	877	4	6	0.000023	0.000034	0.000023
512	8500	878	0	0	0.000000	0.000000	0.000000
512	8500	879	3	7	0.000027	0.000053	0.000027
512	8500	880	0	0	0.000000	0.000000	0.000000
512	8500	881	0	0	0.000000	0.000000	0.000000
512	8500	882	0	0	0.000000	0.000000	0.000000
512	8500	883	1	3	0.000011	0.000011	0.000011
512	8500	884	6	11	0.000042	0.000118	0.000042
512	8500	885	6	3	0.000011	0.000046	0.000011
512	8500	886	0	0	0.000000	0.000000	0.000000
512	8500	887	0	0	0.000000	0.000000	0.000000
512	8500	888	2	4	0.000015	0.000019	0.000015
512	8500	889	0	0	0.000000	0.000000	0.000000
512	8500	890	0	0	0.000000	0.000000	0.000000
512	8500	891	4	4	0.000015	0.000042	0.000015
512	8500	892	4	10	0.000038	0.000084	0.000038
512	8500	893	0	0	0.000000	0.000000	0.000000
512	8500	894	0	0	0.000000	0.000000	0.000000
512	8500	895	0	0	0.000000	0.000000	0.000000
512	8500	896	0	0	0.000000	0.000000	0.000000
512	8500	897	5	2	0.000008	0.000027	0.000008
512	8500	898	0	0	0.000000	0.000000	0.000000
512	8500	899	8	19	0.000072	0.000153	0.000072
512	8500	900	0	0	0.000000	0.000000	0.000000
512	8500	901	0	0	0.000000	0.000000	0.000000
512	8500	902	0	0	0.000000	0.000000	0.000000
512	8500	903	1	3	0.000011	0.000011	0.000011
512	8500	904	0	0	0.000000	0.000000	0.000000
512	8500	905	0	0	0.000000	0.000000	0.000000
512	8500	906	0	0	0.000000	0.000000	0.000000
512	8500	907	0	0	0.000000	0.000000	0.000000
512	8500	908	2	2	0.000008	0.000011	0.000008
512	8500	909	0	0	0.000000	0.000000	0.000000
512	8500	910	1	3	0.000011	0.000011	0.000011
512	8500	911	0	0	0.000000	0.000000	0.000000
512	8500	912	2	1	0.000004	0.000008	0.000004
512	8500	913	0	0	0.000000	0.000000	0.000000
512	8500	914	2	2	0.000008	0.000011	0.000008
512	8500	915	0	0	0.000000	0.000000	0.000000
512	8500	916	0	0	0.000000	0.000000	0.000000
512	8500	917	5	8	0.000031	0.000065	0.000031
512	8500	918	3	10	0.000038	0.000061	0.000038
512	8500	919	6	6	0.000023	0.000061	0.000023
512	8500	920	0	0	0.000000	0.000000	0.000000
512	8500	921	4	6	0.000023	0.000046	0.000023
512	8500	922	2	2	0.000008	0.000011	0.000008
512	8500	923	3	4	0.000015	0.000027	0.000015
512	8500	924	1	3	0.000011	0.000011	0.000011
512	8500	925	0	0	0.000000	0.000000	0.000000
512	8500	926	1	1	0.000004	0.000004	0.000004
512	8500	927	0	0	0.000000	0.000000	0.000000
512	8500	928	0	0	0.000000	0.000000	0.000000
512	8500	929	2	6	0.000023	0.000031	0.000023
512	8500	930	1	4	0.000015	0.000015	0.000015
512	8500	931	2	4	0.000015	0.000027	0.000015
512	8500	932	0	0	0.000000	0.000000	0.000000
512	8500	933	7	5	0.000019	0.000099	0.000019
512	8500	934	5	9	0.000034	0.000088	0.000034
512	8500	935	1	1	0.000004	0.000004	0.000004
512	8500	936	1	2	0.000008	0.000008	0.000008
512	8500	937	0	0	0.000000	0.000000	0.000000
512	8500	938	8	8	0.000031	0.000099	0.000031
512	8500	939	0	0	0.000000	0.000000	0.000000
512	8500	940	0	0	0.000000	0.000000	0.000000
512	8500	941	2	5	0.000019	0.000038	0.000019
512	8500	942	0	0	0.000000	0.000000	0.000000
512	8500	943	0	0	0.000000	0.000000	0.000000
512	8500	944	1	1	0.000004	0.000004	0.000004
512	8500	945	2	4	0.000015	0.000019	0.000015
512	8500	946	1	2	0.000008	0.000008	0.000008
512	8500	947	1	8	0.000031	0.000031	0.000031
512	8500	948	3	4	0.000015	0.000027	0.000015
512	8500	949	4	6	0.000023	0.000046	0.000023
512	8500	950	0	0	0.000000	0.000000	0.000000
512	8500	951	0	0	0.000000	0.000000	0.000000
512	8500	952	3	5	0.000019	0.000031	0.000019
512	8500	953	0	0	0.000000	0.000000	0.000000
512	8500	954	1	3	0.000011	0.000011	0.000011
512	8500	955	3	3	0.000011	0.000019	0.000011
512	8500	956	2	3	0.000011	0.000015	0.000011
512	8500	957	0	0	0.000000	0.000000	0.000000
512	8500	958	1	6	0.000023	0.000023	0.000023
512	8500	959	6	3	0.000011	0.000034	0.000011
512	8500	960	4	6	0.000023	0.000057	0.000023
512	8500	961	1	3	0.000011	0.000011	0.000011
512	8500	962	0	0	0.000000	0.000000	0.000000
512	8500	963	0	0	0.000000	0.000000	0.000000
512	8500	964	0	0	0.000000	0.000000	0.000000
512	8500	965	0	0	0.000000	0.000000	0.000000
512	8500	966	1	3	0.000011	0.000011	0.000011
512	8500	967	0	0	0.000000	0.000000	0.000000
512	8500	968	3	4	0.000015	0.000023	0.000015
512	8500	969	1	1	0.000004	0.000004	0.000004
512	8500	970	0	0	0.000000	0.000000	0.000000
512	8500	971	5	8	0.000031	0.000057	0.000031
512	8500	972	0	0	0.000000	0.000000	0.000000
512	8500	973	0	0	0.000000	0.000000	0.000000
512	8500	974	0	0	0.000000	0.000000	0.000000
512	8500	975	3	2	0.000008	0.000019	0.000008
512	8500	976	0	0	0.000000	0.000000	0.000000
512	8500	977	4	2	0.000008	0.000023	0.000008
512	8500	978	1	3	0.000011	0.000011	0.000011
512	8500	979	0	0	0.000000	0.000000	0.000000
512	8500	980	2	8	0.000031	0.000038	0.000031
512	8500	981	0	0	0.000000	0.000000	0.000000
512	8500	982	2	8	0.000031	0.000034	0.000031
512	8500	983	2	3	0.000011	0.000015	0.000011
512	8500	984	0	0	0.000000	0.000000	0.000000
512	8500	985	2	11	0.000042	0.000046	0.000042
512	8500	986	1	1	0.000004	0.000004	0.000004
512	8500	987	0	0	0.000000	0.000000	0.000000
512	8500	988	0	0	0.000000	0.000000	0.000000
512	8500	989	3	2	0.000008	0.000019	0.000008
512	8500	990	1	3	0.000011	0.000011	0.000011
512	8500	991	0	0	0.000000	0.000000	0.000000
512	8500	992	2	3	0.000011	0.000015	0.000011
512	8500	993	1	4	0.000015	0.000015	0.000015
512	8500	994	1	5	0.000019	0.000019	0.000019
512	8500	995	0	0	0.000000	0.000000	0.000000
512	8500	996	0	0	0.000000	0.000000	0.000000
