512	9350	2	5203	321	0.001225	0.088104	0.001225
512	9350	3	5185	1004	0.003830	0.092075	0.003830
512	9350	4	5043	668	0.002548	0.091820	0.002548
512	9350	5	4292	141	0.000538	0.069489	0.000538
512	9350	6	4452	211	0.000805	0.071308	0.000805
512	9350	7	4888	1648	0.006287	0.093117	0.006287
512	9350	8	5739	780	0.002975	0.109077	0.002975
512	9350	9	4369	468	0.001785	0.077477	0.001785
512	9350	10	3933	69	0.000263	0.059151	0.000263
512	9350	11	4706	159	0.000607	0.079720	0.000607
512	9350	12	4289	121	0.000462	0.066784	0.000462
512	9350	13	5447	979	0.003735	0.094673	0.003735
512	9350	14	5369	1938	0.007393	0.106171	0.007393
512	9350	15	5141	1367	0.005215	0.105274	0.005215
512	9350	16	4687	2819	0.010754	0.088459	0.010754
512	9350	17	4452	3792	0.014465	0.096943	0.014465
512	9350	18	4672	253	0.000965	0.073524	0.000965
512	9350	19	4855	273	0.001041	0.077347	0.001041
512	9350	20	4074	1788	0.006821	0.074146	0.006821
512	9350	21	4696	607	0.002316	0.081043	0.002316
512	9350	22	4567	457	0.001743	0.081959	0.001743
512	9350	23	5104	1486	0.005669	0.099403	0.005669
512	9350	24	5184	466	0.001778	0.089863	0.001778
512	9350	25	4319	428	0.001633	0.072140	0.001633
512	9350	26	4965	205	0.000782	0.084736	0.000782
512	9350	27	4762	3608	0.013763	0.095699	0.013763
512	9350	28	4766	886	0.003380	0.082676	0.003380
512	9350	29	4689	243	0.000927	0.075737	0.000927
512	9350	30	4724	498	0.001900	0.081516	0.001900
512	9350	31	5118	650	0.002480	0.090408	0.002480
512	9350	32	5013	135	0.000515	0.083416	0.000515
512	9350	33	4358	125	0.000477	0.064400	0.000477
512	9350	34	5010	340	0.001297	0.086212	0.001297
512	9350	35	4446	176	0.000671	0.074425	0.000671
512	9350	36	4807	1931	0.007366	0.095078	0.007366
512	9350	37	4975	210	0.000801	0.085510	0.000801
512	9350	38	4414	505	0.001926	0.073425	0.001926
512	9350	39	4761	147	0.000561	0.075497	0.000561
512	9350	40	4220	753	0.002872	0.073929	0.002872
512	9350	41	4653	973	0.003712	0.080067	0.003712
512	9350	42	4679	202	0.000771	0.083118	0.000771
512	9350	43	4274	590	0.002251	0.069588	0.002251
512	9350	44	5162	399	0.001522	0.089008	0.001522
512	9350	45	4472	183	0.000698	0.069778	0.000698
512	9350	46	4560	971	0.003704	0.088177	0.003704
512	9350	47	4184	368	0.001404	0.069332	0.001404
512	9350	48	4044	98	0.000374	0.061501	0.000374
512	9350	49	4648	399	0.001522	0.079281	0.001522
512	9350	50	4542	1426	0.005440	0.082443	0.005440
512	9350	51	4428	470	0.001793	0.071758	0.001793
512	9350	52	4297	512	0.001953	0.073376	0.001953
512	9350	53	4780	1482	0.005653	0.087852	0.005653
512	9350	54	4791	435	0.001659	0.079723	0.001659
512	9350	55	4587	1009	0.003849	0.077251	0.003849
512	9350	56	4977	2067	0.007885	0.099758	0.007885
512	9350	57	4672	2669	0.010181	0.087368	0.010181
512	9350	58	4098	301	0.001148	0.070721	0.001148
512	9350	59	4805	186	0.000710	0.078716	0.000710
512	9350	60	4814	367	0.001400	0.083897	0.001400
512	9350	61	4310	1787	0.006817	0.075928	0.006817
512	9350	62	4779	689	0.002628	0.080399	0.002628
512	9350	63	4079	829	0.003162	0.064602	0.003162
512	9350	64	4193	111	0.000423	0.067154	0.000423
512	9350	65	4536	2010	0.007668	0.087471	0.007668
512	9350	66	4984	2097	0.007999	0.102055	0.007999
512	9350	67	4947	412	0.001572	0.083546	0.001572
512	9350	68	4896	113	0.000431	0.080967	0.000431
512	9350	69	5161	303	0.001156	0.092796	0.001156
512	9350	70	4761	5317	0.020283	0.102398	0.020283
512	9350	71	4524	1997	0.007618	0.088554	0.007618
512	9350	72	5143	1152	0.004395	0.098030	0.004395
512	9350	73	4526	674	0.002571	0.081070	0.002571
512	9350	74	4606	1262	0.004814	0.082558	0.004814
512	9350	75	4108	140	0.000534	0.064037	0.000534
512	9350	76	4910	870	0.003319	0.094753	0.003319
512	9350	77	4374	132	0.000504	0.069386	0.000504
512	9350	78	4207	549	0.002094	0.068748	0.002094
512	9350	79	5024	230	0.000877	0.085335	0.000877
512	9350	80	5010	708	0.002701	0.087345	0.002701
512	9350	81	4852	1630	0.006218	0.102131	0.006218
512	9350	82	4818	435	0.001659	0.085899	0.001659
512	9350	83	4786	1611	0.006145	0.085270	0.006145
512	9350	84	4831	3397	0.012959	0.095753	0.012959
512	9350	85	5500	1264	0.004822	0.114067	0.004822
512	9350	86	4549	1069	0.004078	0.080715	0.004078
512	9350	87	4633	1126	0.004295	0.079342	0.004295
512	9350	88	4628	403	0.001537	0.079426	0.001537
512	9350	89	4345	388	0.001480	0.073509	0.001480
512	9350	90	4911	345	0.001316	0.084923	0.001316
512	9350	91	4584	1355	0.005169	0.086849	0.005169
512	9350	92	4544	2243	0.008556	0.090549	0.008556
512	9350	93	4346	554	0.002113	0.074432	0.002113
512	9350	94	5148	1116	0.004257	0.094425	0.004257
512	9350	95	4440	75	0.000286	0.070370	0.000286
512	9350	96	4242	1096	0.004181	0.073475	0.004181
512	9350	97	4140	267	0.001019	0.069336	0.001019
512	9350	98	5263	1593	0.006077	0.098270	0.006077
512	9350	99	4708	3908	0.014908	0.089417	0.014908
512	9350	100	4976	207	0.000790	0.093315	0.000790
512	9350	101	5120	2516	0.009598	0.100376	0.009598
512	9350	102	5169	1626	0.006203	0.095905	0.006203
512	9350	103	4260	117	0.000446	0.066345	0.000446
512	9350	104	4503	3470	0.013237	0.085403	0.013237
512	9350	105	4897	2660	0.010147	0.091446	0.010147
512	9350	106	4799	509	0.001942	0.079021	0.001942
512	9350	107	4621	2951	0.011257	0.086281	0.011257
512	9350	108	4975	233	0.000889	0.087776	0.000889
512	9350	109	4479	431	0.001644	0.077850	0.001644
512	9350	110	5135	2147	0.008190	0.101254	0.008190
512	9350	111	5066	2782	0.010612	0.128788	0.010612
512	9350	112	4752	374	0.001427	0.082829	0.001427
512	9350	113	4328	108	0.000412	0.071236	0.000412
512	9350	114	5044	1165	0.004444	0.093250	0.004444
512	9350	115	5046	1207	0.004604	0.093857	0.004604
512	9350	116	4553	242	0.000923	0.073154	0.000923
512	9350	117	5066	126	0.000481	0.084808	0.000481
512	9350	118	4571	1613	0.006153	0.081299	0.006153
512	9350	119	5332	198	0.000755	0.093105	0.000755
512	9350	120	4301	896	0.003418	0.081760	0.003418
512	9350	121	4748	97	0.000370	0.076141	0.000370
512	9350	122	4634	148	0.000565	0.076206	0.000565
512	9350	123	5429	1906	0.007271	0.098362	0.007271
512	9350	124	4824	561	0.002140	0.084084	0.002140
512	9350	125	4211	64	0.000244	0.064888	0.000244
512	9350	126	4589	132	0.000504	0.075199	0.000504
512	9350	127	4215	91	0.000347	0.064613	0.000347
512	9350	128	5009	536	0.002045	0.090389	0.002045
512	9350	129	4854	927	0.003536	0.079517	0.003536
512	9350	130	4880	1813	0.006916	0.090771	0.006916
512	9350	131	4463	876	0.003342	0.082829	0.003342
512	9350	132	4675	2025	0.007725	0.078968	0.007725
512	9350	133	4602	126	0.000481	0.071785	0.000481
512	9350	134	4583	417	0.001591	0.073456	0.001591
512	9350	135	4753	2812	0.010727	0.103714	0.010727
512	9350	136	4377	904	0.003448	0.074196	0.003448
512	9350	137	4860	1438	0.005486	0.090088	0.005486
512	9350	138	4534	304	0.001160	0.077747	0.001160
512	9350	139	5091	575	0.002193	0.094604	0.002193
512	9350	140	4741	131	0.000500	0.078873	0.000500
512	9350	141	4505	3885	0.014820	0.090771	0.014820
512	9350	142	4565	381	0.001453	0.077408	0.001453
512	9350	143	5093	473	0.001804	0.083256	0.001804
512	9350	144	4788	958	0.003654	0.083260	0.003654
512	9350	145	4251	1191	0.004543	0.069149	0.004543
512	9350	146	4600	546	0.002083	0.085564	0.002083
512	9350	147	4856	997	0.003803	0.093578	0.003803
512	9350	148	4480	549	0.002094	0.076267	0.002094
512	9350	149	4483	206	0.000786	0.074909	0.000786
512	9350	150	4305	206	0.000786	0.069611	0.000786
512	9350	151	4224	107	0.000408	0.067379	0.000408
512	9350	152	4578	423	0.001614	0.076229	0.001614
512	9350	153	4677	149	0.000568	0.077133	0.000568
512	9350	154	4627	253	0.000965	0.075413	0.000965
512	9350	155	4452	1963	0.007488	0.080566	0.007488
512	9350	156	4965	1312	0.005005	0.099014	0.005005
512	9350	157	4787	1218	0.004646	0.081322	0.004646
512	9350	158	4533	596	0.002274	0.079449	0.002274
512	9350	159	4958	789	0.003010	0.092091	0.003010
512	9350	160	4324	278	0.001060	0.072559	0.001060
512	9350	161	5337	525	0.002003	0.103687	0.002003
512	9350	162	4892	463	0.001766	0.087349	0.001766
512	9350	163	4246	1069	0.004078	0.074677	0.004078
512	9350	164	4540	600	0.002289	0.084396	0.002289
512	9350	165	5012	505	0.001926	0.089977	0.001926
512	9350	166	4557	127	0.000484	0.073311	0.000484
512	9350	167	4794	2164	0.008255	0.093269	0.008255
512	9350	168	4507	195	0.000744	0.074638	0.000744
512	9350	169	4874	1716	0.006546	0.093670	0.006546
512	9350	170	4677	126	0.000481	0.072952	0.000481
512	9350	171	4816	311	0.001186	0.086765	0.001186
512	9350	172	4866	1226	0.004677	0.092541	0.004677
512	9350	173	4860	377	0.001438	0.082764	0.001438
512	9350	174	4893	822	0.003136	0.094578	0.003136
512	9350	175	4847	1621	0.006184	0.091370	0.006184
512	9350	176	4528	290	0.001106	0.072800	0.001106
512	9350	177	4936	940	0.003586	0.093956	0.003586
512	9350	178	5172	1033	0.003941	0.094963	0.003941
512	9350	179	4295	748	0.002853	0.074501	0.002853
512	9350	180	4741	289	0.001102	0.082752	0.001102
512	9350	181	5122	734	0.002800	0.086884	0.002800
512	9350	182	5146	250	0.000954	0.086926	0.000954
512	9350	183	4897	532	0.002029	0.086048	0.002029
512	9350	184	4165	131	0.000500	0.066414	0.000500
512	9350	185	4781	387	0.001476	0.082104	0.001476
512	9350	186	4796	281	0.001072	0.080215	0.001072
512	9350	187	5026	221	0.000843	0.090256	0.000843
512	9350	188	4184	1647	0.006283	0.077919	0.006283
512	9350	189	4449	1164	0.004440	0.080818	0.004440
512	9350	190	4683	94	0.000359	0.075768	0.000359
512	9350	191	4863	217	0.000828	0.080227	0.000828
512	9350	192	4502	366	0.001396	0.071365	0.001396
512	9350	193	4810	2143	0.008175	0.085060	0.008175
512	9350	194	4661	1158	0.004417	0.081261	0.004417
512	9350	195	4975	1854	0.007072	0.110352	0.007072
512	9350	196	4986	1550	0.005913	0.093929	0.005913
512	9350	197	4125	95	0.000362	0.062717	0.000362
512	9350	198	4714	3707	0.014141	0.096901	0.014141
512	9350	199	4353	1195	0.004559	0.081333	0.004559
512	9350	200	4730	966	0.003685	0.091507	0.003685
512	9350	201	4660	746	0.002846	0.082172	0.002846
512	9350	202	4549	572	0.002182	0.077847	0.002182
512	9350	203	4839	3655	0.013943	0.104347	0.013943
512	9350	204	4512	197	0.000751	0.073467	0.000751
512	9350	205	4403	259	0.000988	0.072716	0.000988
512	9350	206	4267	188	0.000717	0.070950	0.000717
512	9350	207	4510	274	0.001045	0.078014	0.001045
512	9350	208	4365	362	0.001381	0.073051	0.001381
512	9350	209	4945	869	0.003315	0.087692	0.003315
512	9350	210	4493	937	0.003574	0.079575	0.003574
512	9350	211	5078	1377	0.005253	0.099766	0.005253
512	9350	212	4734	1079	0.004116	0.081993	0.004116
512	9350	213	4705	224	0.000854	0.074795	0.000854
512	9350	214	4260	2789	0.010639	0.079418	0.010639
512	9350	215	4747	333	0.001270	0.078957	0.001270
512	9350	216	4468	190	0.000725	0.074169	0.000725
512	9350	217	4484	1322	0.005043	0.075546	0.005043
512	9350	218	4471	759	0.002895	0.079918	0.002895
512	9350	219	4250	414	0.001579	0.071503	0.001579
512	9350	220	4293	1364	0.005203	0.076969	0.005203
512	9350	221	4782	609	0.002323	0.079453	0.002323
512	9350	222	4626	103	0.000393	0.077621	0.000393
512	9350	223	4337	319	0.001217	0.070957	0.001217
512	9350	224	4805	1200	0.004578	0.089523	0.004578
512	9350	225	4056	236	0.000900	0.063564	0.000900
512	9350	226	4970	1091	0.004162	0.092873	0.004162
512	9350	227	4662	171	0.000652	0.072514	0.000652
512	9350	228	4846	421	0.001606	0.083084	0.001606
512	9350	229	4790	208	0.000793	0.078720	0.000793
512	9350	230	4572	901	0.003437	0.085640	0.003437
512	9350	231	4803	494	0.001884	0.087242	0.001884
512	9350	232	5139	1292	0.004929	0.098145	0.004929
512	9350	233	4364	702	0.002678	0.076595	0.002678
512	9350	234	4858	1959	0.007473	0.087200	0.007473
512	9350	235	4491	558	0.002129	0.078560	0.002129
512	9350	236	4069	56	0.000214	0.063667	0.000214
512	9350	237	4460	387	0.001476	0.074207	0.001476
512	9350	238	4323	1088	0.004150	0.075233	0.004150
512	9350	239	5010	999	0.003811	0.089951	0.003811
512	9350	240	4778	685	0.002613	0.083241	0.002613
512	9350	241	5079	338	0.001289	0.086136	0.001289
512	9350	242	4643	144	0.000549	0.076031	0.000549
512	9350	243	4559	1103	0.004208	0.081978	0.004208
512	9350	244	4195	2928	0.011169	0.081440	0.011169
512	9350	245	4827	1155	0.004406	0.086517	0.004406
512	9350	246	4850	522	0.001991	0.085152	0.001991
512	9350	247	4862	433	0.001652	0.084442	0.001652
512	9350	248	4815	409	0.001560	0.083775	0.001560
512	9350	249	4541	773	0.002949	0.079971	0.002949
512	9350	250	5094	2698	0.010292	0.104359	0.010292
512	9350	251	5100	1304	0.004974	0.091007	0.004974
512	9350	252	4755	2742	0.010460	0.098637	0.010460
512	9350	253	5323	1054	0.004021	0.104912	0.004021
512	9350	254	4372	633	0.002415	0.074276	0.002415
512	9350	255	4365	598	0.002281	0.074936	0.002281
512	9350	256	4868	738	0.002815	0.086143	0.002815
512	9350	257	4577	723	0.002758	0.084969	0.002758
512	9350	258	4853	1118	0.004265	0.088573	0.004265
512	9350	259	4338	163	0.000622	0.069492	0.000622
512	9350	260	4834	918	0.003502	0.084000	0.003502
512	9350	261	4248	195	0.000744	0.074768	0.000744
512	9350	262	4997	3474	0.013252	0.111088	0.013252
512	9350	263	4834	2372	0.009048	0.096806	0.009048
512	9350	264	4636	305	0.001163	0.081089	0.001163
512	9350	265	4204	181	0.000690	0.065269	0.000690
512	9350	266	4015	197	0.000751	0.062862	0.000751
512	9350	267	4570	123	0.000469	0.072182	0.000469
512	9350	268	4767	609	0.002323	0.078960	0.002323
512	9350	269	4501	261	0.000996	0.074829	0.000996
512	9350	270	4711	709	0.002705	0.079647	0.002705
512	9350	271	4805	1204	0.004593	0.085846	0.004593
512	9350	272	4859	1680	0.006409	0.090988	0.006409
512	9350	273	5240	1280	0.004883	0.101109	0.004883
512	9350	274	4590	1146	0.004372	0.081348	0.004372
512	9350	275	4783	1866	0.007118	0.090218	0.007118
512	9350	276	5020	1464	0.005585	0.094368	0.005585
512	9350	277	4641	88	0.000336	0.073307	0.000336
512	9350	278	4731	1896	0.007233	0.089699	0.007233
512	9350	279	4493	1777	0.006779	0.082211	0.006779
512	9350	280	4637	688	0.002625	0.085384	0.002625
512	9350	281	4623	285	0.001087	0.076855	0.001087
512	9350	282	4686	615	0.002346	0.080383	0.002346
512	9350	283	4351	2831	0.010799	0.090420	0.010799
512	9350	284	5011	1003	0.003826	0.085819	0.003826
512	9350	285	4402	170	0.000648	0.070091	0.000648
512	9350	286	5567	1654	0.006310	0.119507	0.006310
512	9350	287	4743	610	0.002327	0.087410	0.002327
512	9350	288	4166	92	0.000351	0.067188	0.000351
512	9350	289	4736	977	0.003727	0.092377	0.003727
512	9350	290	4144	611	0.002331	0.066826	0.002331
512	9350	291	4641	773	0.002949	0.079163	0.002949
512	9350	292	4813	166	0.000633	0.080677	0.000633
512	9350	293	4594	2994	0.011421	0.090366	0.011421
512	9350	294	4370	1541	0.005878	0.078606	0.005878
512	9350	295	5107	324	0.001236	0.092896	0.001236
512	9350	296	4931	1615	0.006161	0.097473	0.006161
512	9350	297	4826	3569	0.013615	0.098747	0.013615
512	9350	298	5004	2291	0.008739	0.095619	0.008739
512	9350	299	4873	2418	0.009224	0.095154	0.009224
512	9350	300	4762	602	0.002296	0.086246	0.002296
512	9350	301	4902	271	0.001034	0.084213	0.001034
512	9350	302	4492	2472	0.009430	0.086098	0.009430
512	9350	303	4993	1843	0.007030	0.091763	0.007030
512	9350	304	4905	1476	0.005630	0.088791	0.005630
512	9350	305	4661	79	0.000301	0.072891	0.000301
512	9350	306	5077	124	0.000473	0.086746	0.000473
512	9350	307	4603	497	0.001896	0.075321	0.001896
512	9350	308	4676	432	0.001648	0.081696	0.001648
512	9350	309	4186	430	0.001640	0.070114	0.001640
512	9350	310	4248	183	0.000698	0.064526	0.000698
512	9350	311	4813	316	0.001205	0.080185	0.001205
512	9350	312	4941	94	0.000359	0.078178	0.000359
512	9350	313	4717	527	0.002010	0.079178	0.002010
512	9350	314	4592	748	0.002853	0.081608	0.002853
512	9350	315	4153	719	0.002743	0.064312	0.002743
512	9350	316	4629	808	0.003082	0.081360	0.003082
512	9350	317	4823	389	0.001484	0.084656	0.001484
512	9350	318	4488	973	0.003712	0.078712	0.003712
512	9350	319	4784	1335	0.005093	0.087463	0.005093
512	9350	320	4543	117	0.000446	0.072277	0.000446
512	9350	321	4775	2656	0.010132	0.099331	0.010132
512	9350	322	4735	499	0.001904	0.083263	0.001904
512	9350	323	4477	1686	0.006432	0.083782	0.006432
512	9350	324	4519	166	0.000633	0.072578	0.000633
512	9350	325	4523	617	0.002354	0.081940	0.002354
512	9350	326	4948	341	0.001301	0.083385	0.001301
512	9350	327	4921	643	0.002453	0.087242	0.002453
512	9350	328	4618	535	0.002041	0.087955	0.002041
512	9350	329	4301	1319	0.005032	0.075211	0.005032
512	9350	330	4573	1123	0.004284	0.089333	0.004284
512	9350	331	5005	361	0.001377	0.087601	0.001377
512	9350	332	4568	118	0.000450	0.074894	0.000450
512	9350	333	4615	437	0.001667	0.084385	0.001667
512	9350	334	4775	1333	0.005085	0.087845	0.005085
512	9350	335	4897	104	0.000397	0.085087	0.000397
512	9350	336	4500	444	0.001694	0.076199	0.001694
512	9350	337	4665	167	0.000637	0.077221	0.000637
512	9350	338	4733	177	0.000675	0.078968	0.000675
512	9350	339	4829	1085	0.004139	0.085205	0.004139
512	9350	340	4662	1598	0.006096	0.084179	0.006096
512	9350	341	4683	340	0.001297	0.081783	0.001297
512	9350	342	4555	189	0.000721	0.077160	0.000721
512	9350	343	4498	67	0.000256	0.071285	0.000256
512	9350	344	5039	1341	0.005116	0.098236	0.005116
512	9350	345	4934	1665	0.006351	0.093636	0.006351
512	9350	346	4603	2296	0.008759	0.089264	0.008759
512	9350	347	4696	2640	0.010071	0.087662	0.010071
512	9350	348	4909	1084	0.004135	0.089638	0.004135
512	9350	349	4353	402	0.001534	0.071785	0.001534
512	9350	350	4555	632	0.002411	0.075893	0.002411
512	9350	351	4345	404	0.001541	0.071098	0.001541
512	9350	352	5047	2228	0.008499	0.098461	0.008499
512	9350	353	4858	2464	0.009399	0.089058	0.009399
512	9350	354	4665	203	0.000774	0.081318	0.000774
512	9350	355	4899	133	0.000507	0.086227	0.000507
512	9350	356	4522	232	0.000885	0.077835	0.000885
512	9350	357	4621	132	0.000504	0.076900	0.000504
512	9350	358	4649	1539	0.005871	0.085621	0.005871
512	9350	359	4897	1863	0.007107	0.092411	0.007107
512	9350	360	4499	135	0.000515	0.073330	0.000515
512	9350	361	4513	683	0.002605	0.075195	0.002605
512	9350	362	4448	585	0.002232	0.075855	0.002232
512	9350	363	4916	434	0.001656	0.089123	0.001656
512	9350	364	4676	169	0.000645	0.079933	0.000645
512	9350	365	4637	760	0.002899	0.091564	0.002899
512	9350	366	4496	1539	0.005871	0.080517	0.005871
512	9350	367	4711	406	0.001549	0.083710	0.001549
512	9350	368	4657	880	0.003357	0.077934	0.003357
512	9350	369	4503	875	0.003338	0.078537	0.003338
512	9350	370	4305	422	0.001610	0.072273	0.001610
512	9350	371	4968	335	0.001278	0.088493	0.001278
512	9350	372	4837	829	0.003162	0.090218	0.003162
512	9350	373	5280	699	0.002666	0.093773	0.002666
512	9350	374	4842	469	0.001789	0.088757	0.001789
512	9350	375	5042	86	0.000328	0.082298	0.000328
512	9350	376	5038	237	0.000904	0.087471	0.000904
512	9350	377	4923	387	0.001476	0.085480	0.001476
512	9350	378	5016	316	0.001205	0.090748	0.001205
512	9350	379	4599	1040	0.003967	0.078739	0.003967
512	9350	380	4684	362	0.001381	0.079105	0.001381
512	9350	381	4291	745	0.002842	0.080048	0.002842
512	9350	382	4786	192	0.000732	0.081966	0.000732
512	9350	383	4541	533	0.002033	0.076530	0.002033
512	9350	384	4672	321	0.001225	0.077763	0.001225
512	9350	385	4791	1020	0.003891	0.083462	0.003891
512	9350	386	4770	611	0.002331	0.087177	0.002331
512	9350	387	4416	322	0.001228	0.069630	0.001228
512	9350	388	4875	2121	0.008091	0.092899	0.008091
512	9350	389	5077	338	0.001289	0.086613	0.001289
512	9350	390	5031	216	0.000824	0.083687	0.000824
512	9350	391	4673	1410	0.005379	0.086796	0.005379
512	9350	392	4223	613	0.002338	0.075062	0.002338
512	9350	393	4511	136	0.000519	0.073212	0.000519
512	9350	394	4715	2151	0.008205	0.088100	0.008205
512	9350	395	4786	188	0.000717	0.079372	0.000717
512	9350	396	4758	198	0.000755	0.082470	0.000755
512	9350	397	4641	3184	0.012146	0.093697	0.012146
512	9350	398	4021	84	0.000320	0.061523	0.000320
512	9350	399	4805	1570	0.005989	0.088604	0.005989
512	9350	400	4587	213	0.000813	0.074570	0.000813
512	9350	401	4411	215	0.000820	0.076008	0.000820
512	9350	402	4863	4205	0.016041	0.107613	0.016041
512	9350	403	4767	1211	0.004620	0.081562	0.004620
512	9350	404	4610	1521	0.005802	0.093437	0.005802
512	9350	405	4650	160	0.000610	0.078094	0.000610
512	9350	406	4641	524	0.001999	0.076668	0.001999
512	9350	407	4841	400	0.001526	0.083805	0.001526
512	9350	408	4894	124	0.000473	0.077335	0.000473
512	9350	409	5182	1094	0.004173	0.098545	0.004173
512	9350	410	4790	1112	0.004242	0.087948	0.004242
512	9350	411	4608	812	0.003098	0.082397	0.003098
512	9350	412	4358	1361	0.005192	0.077629	0.005192
512	9350	413	4442	771	0.002941	0.076637	0.002941
512	9350	414	4661	133	0.000507	0.076340	0.000507
512	9350	415	4425	1687	0.006435	0.085167	0.006435
512	9350	416	4451	307	0.001171	0.076473	0.001171
512	9350	417	4516	462	0.001762	0.074959	0.001762
512	9350	418	4905	264	0.001007	0.082821	0.001007
512	9350	419	4576	463	0.001766	0.076744	0.001766
512	9350	420	4390	1940	0.007401	0.088554	0.007401
512	9350	421	4619	269	0.001026	0.073128	0.001026
512	9350	422	4726	235	0.000896	0.084229	0.000896
512	9350	423	4059	201	0.000767	0.062637	0.000767
512	9350	424	4978	533	0.002033	0.086544	0.002033
512	9350	425	4866	997	0.003803	0.090546	0.003803
512	9350	426	4826	1310	0.004997	0.087788	0.004997
512	9350	427	4760	441	0.001682	0.080982	0.001682
512	9350	428	4663	842	0.003212	0.080654	0.003212
512	9350	429	4696	1704	0.006500	0.085541	0.006500
512	9350	430	5020	1588	0.006058	0.087128	0.006058
512	9350	431	4813	2836	0.010818	0.093391	0.010818
512	9350	432	4800	606	0.002312	0.086033	0.002312
512	9350	433	4683	1857	0.007084	0.083286	0.007084
512	9350	434	4739	298	0.001137	0.080215	0.001137
512	9350	435	4577	920	0.003510	0.082973	0.003510
512	9350	436	5192	954	0.003639	0.096661	0.003639
512	9350	437	4751	2132	0.008133	0.088749	0.008133
512	9350	438	3845	1293	0.004932	0.067455	0.004932
512	9350	439	4840	431	0.001644	0.084568	0.001644
512	9350	440	5098	749	0.002857	0.083458	0.002857
512	9350	441	4465	863	0.003292	0.081963	0.003292
512	9350	442	4755	1810	0.006905	0.096790	0.006905
512	9350	443	4876	1160	0.004425	0.094509	0.004425
512	9350	444	4644	263	0.001003	0.079651	0.001003
512	9350	445	3906	727	0.002773	0.065483	0.002773
512	9350	446	4454	1319	0.005032	0.077278	0.005032
512	9350	447	4855	264	0.001007	0.080807	0.001007
512	9350	448	5036	547	0.002087	0.090458	0.002087
512	9350	449	4483	644	0.002457	0.084389	0.002457
512	9350	450	4329	1460	0.005569	0.086720	0.005569
512	9350	451	5236	1201	0.004581	0.098892	0.004581
512	9350	452	3925	1484	0.005661	0.067364	0.005661
512	9350	453	4832	662	0.002525	0.086334	0.002525
512	9350	454	4791	1071	0.004086	0.087032	0.004086
512	9350	455	5060	549	0.002094	0.086735	0.002094
512	9350	456	4691	1330	0.005074	0.087234	0.005074
512	9350	457	4074	281	0.001072	0.066616	0.001072
512	9350	458	4711	149	0.000568	0.080090	0.000568
512	9350	459	4699	866	0.003304	0.082630	0.003304
512	9350	460	4773	1266	0.004829	0.090172	0.004829
512	9350	461	4424	710	0.002708	0.077061	0.002708
512	9350	462	4585	1646	0.006279	0.089470	0.006279
512	9350	463	4859	625	0.002384	0.089550	0.002384
512	9350	464	4769	2856	0.010895	0.091763	0.010895
512	9350	465	4433	1106	0.004219	0.078659	0.004219
512	9350	466	4684	441	0.001682	0.082867	0.001682
512	9350	467	4979	560	0.002136	0.087379	0.002136
512	9350	468	4809	997	0.003803	0.082073	0.003803
512	9350	469	4852	5811	0.022167	0.111668	0.022167
512	9350	470	4411	155	0.000591	0.072392	0.000591
512	9350	471	4594	168	0.000641	0.071926	0.000641
512	9350	472	4634	212	0.000809	0.077454	0.000809
512	9350	473	4507	1312	0.005005	0.087509	0.005005
512	9350	474	4092	89	0.000340	0.060047	0.000340
512	9350	475	4294	230	0.000877	0.065716	0.000877
512	9350	476	4769	276	0.001053	0.078709	0.001053
512	9350	477	4626	428	0.001633	0.075855	0.001633
512	9350	478	4665	4433	0.016911	0.095753	0.016911
512	9350	479	4918	445	0.001698	0.092564	0.001698
512	9350	480	4995	1807	0.006893	0.089394	0.006893
512	9350	481	4342	245	0.000935	0.075493	0.000935
512	9350	482	4678	1927	0.007351	0.089336	0.007351
512	9350	483	4613	675	0.002575	0.081757	0.002575
512	9350	484	4583	196	0.000748	0.078487	0.000748
512	9350	485	4705	1600	0.006104	0.088982	0.006104
512	9350	486	4752	1336	0.005096	0.089794	0.005096
512	9350	487	4559	544	0.002075	0.082985	0.002075
512	9350	488	4597	795	0.003033	0.084496	0.003033
512	9350	489	4303	663	0.002529	0.071777	0.002529
512	9350	490	4384	179	0.000683	0.070084	0.000683
512	9350	491	4679	177	0.000675	0.076824	0.000675
512	9350	492	4873	461	0.001759	0.089993	0.001759
512	9350	493	4967	288	0.001099	0.081749	0.001099
512	9350	494	4350	310	0.001183	0.068352	0.001183
512	9350	495	4657	1737	0.006626	0.084961	0.006626
512	9350	496	4531	177	0.000675	0.075848	0.000675
512	9350	497	4804	453	0.001728	0.081516	0.001728
512	9350	498	4587	629	0.002399	0.074230	0.002399
512	9350	499	4851	7153	0.027287	0.112530	0.027287
512	9350	500	4777	896	0.003418	0.089249	0.003418
512	9350	501	4186	957	0.003651	0.070137	0.003651
512	9350	502	4448	504	0.001923	0.074833	0.001923
512	9350	503	4935	264	0.001007	0.083767	0.001007
512	9350	504	5417	1744	0.006653	0.100830	0.006653
512	9350	505	4779	1760	0.006714	0.087158	0.006714
512	9350	506	4823	1205	0.004597	0.093304	0.004597
512	9350	507	4546	754	0.002876	0.078365	0.002876
512	9350	508	4437	265	0.001011	0.070381	0.001011
512	9350	509	5221	91	0.000347	0.084671	0.000347
512	9350	510	4967	299	0.001141	0.081200	0.001141
512	9350	511	4594	540	0.002060	0.083111	0.002060
512	9350	512	4629	1194	0.004555	0.082794	0.004555
512	9350	513	4948	903	0.003445	0.086906	0.003445
512	9350	514	4309	2922	0.011147	0.082405	0.011147
512	9350	515	4770	492	0.001877	0.083824	0.001877
512	9350	516	4555	3389	0.012928	0.091873	0.012928
512	9350	517	4770	364	0.001389	0.079258	0.001389
512	9350	518	4824	1392	0.005310	0.085350	0.005310
512	9350	519	4594	321	0.001225	0.080723	0.001225
512	9350	520	5172	220	0.000839	0.088615	0.000839
512	9350	521	4642	1069	0.004078	0.081394	0.004078
512	9350	522	4614	485	0.001850	0.082325	0.001850
512	9350	523	4829	664	0.002533	0.088570	0.002533
512	9350	524	4880	1201	0.004581	0.086967	0.004581
512	9350	525	4811	756	0.002884	0.087738	0.002884
512	9350	526	5214	374	0.001427	0.096684	0.001427
512	9350	527	4613	1529	0.005833	0.090038	0.005833
512	9350	528	4592	181	0.000690	0.073895	0.000690
512	9350	529	4900	613	0.002338	0.090458	0.002338
512	9350	530	4470	239	0.000912	0.074482	0.000912
512	9350	531	4624	960	0.003662	0.086994	0.003662
512	9350	532	4471	2932	0.011185	0.094139	0.011185
512	9350	533	4616	2523	0.009624	0.089809	0.009624
512	9350	534	4612	477	0.001820	0.073677	0.001820
512	9350	535	4572	159	0.000607	0.077122	0.000607
512	9350	536	4358	118	0.000450	0.069401	0.000450
512	9350	537	4492	1822	0.006950	0.077320	0.006950
512	9350	538	4622	2084	0.007950	0.090843	0.007950
512	9350	539	4398	233	0.000889	0.072937	0.000889
512	9350	540	4633	3899	0.014874	0.091717	0.014874
512	9350	541	4612	350	0.001335	0.081581	0.001335
512	9350	542	5299	487	0.001858	0.103630	0.001858
512	9350	543	4679	927	0.003536	0.088467	0.003536
512	9350	544	4847	120	0.000458	0.079800	0.000458
512	9350	545	4843	2185	0.008335	0.091206	0.008335
512	9350	546	5054	405	0.001545	0.089451	0.001545
512	9350	547	4889	614	0.002342	0.083996	0.002342
512	9350	548	4059	105	0.000401	0.060986	0.000401
512	9350	549	4444	952	0.003632	0.081898	0.003632
512	9350	550	4898	747	0.002850	0.082970	0.002850
512	9350	551	4806	353	0.001347	0.086666	0.001347
512	9350	552	4931	383	0.001461	0.090317	0.001461
512	9350	553	4695	448	0.001709	0.081005	0.001709
512	9350	554	4566	1060	0.004044	0.081898	0.004044
512	9350	555	4435	183	0.000698	0.068359	0.000698
512	9350	556	4148	411	0.001568	0.066185	0.001568
512	9350	557	5105	1880	0.007172	0.091331	0.007172
512	9350	558	4116	2384	0.009094	0.073402	0.009094
512	9350	559	4676	330	0.001259	0.084160	0.001259
512	9350	560	4651	146	0.000557	0.071087	0.000557
512	9350	561	4249	275	0.001049	0.066952	0.001049
512	9350	562	4489	2018	0.007698	0.090275	0.007698
512	9350	563	4464	284	0.001083	0.076691	0.001083
512	9350	564	4452	195	0.000744	0.072258	0.000744
512	9350	565	4851	4735	0.018063	0.116356	0.018063
512	9350	566	4376	272	0.001038	0.071835	0.001038
512	9350	567	4691	401	0.001530	0.076962	0.001530
512	9350	568	4435	742	0.002831	0.077415	0.002831
512	9350	569	4943	1682	0.006416	0.095776	0.006416
512	9350	570	5144	1678	0.006401	0.097885	0.006401
512	9350	571	4569	576	0.002197	0.073677	0.002197
512	9350	572	4705	689	0.002628	0.081848	0.002628
512	9350	573	4462	478	0.001823	0.075562	0.001823
512	9350	574	4868	158	0.000603	0.080563	0.000603
512	9350	575	4056	1004	0.003830	0.070206	0.003830
512	9350	576	4475	1058	0.004036	0.087372	0.004036
512	9350	577	5153	387	0.001476	0.091667	0.001476
512	9350	578	5116	2048	0.007812	0.101265	0.007812
512	9350	579	4977	1852	0.007065	0.104511	0.007065
512	9350	580	4591	328	0.001251	0.078156	0.001251
512	9350	581	4557	84	0.000320	0.069412	0.000320
512	9350	582	5604	420	0.001602	0.104008	0.001602
512	9350	583	4525	56	0.000214	0.068890	0.000214
512	9350	584	4470	313	0.001194	0.072208	0.001194
512	9350	585	5140	339	0.001293	0.094433	0.001293
512	9350	586	4860	431	0.001644	0.081924	0.001644
512	9350	587	4532	249	0.000950	0.078800	0.000950
512	9350	588	4776	1288	0.004913	0.093117	0.004913
512	9350	589	5286	2667	0.010174	0.110081	0.010174
512	9350	590	4598	196	0.000748	0.075218	0.000748
512	9350	591	4749	379	0.001446	0.080372	0.001446
512	9350	592	4712	2698	0.010292	0.089504	0.010292
512	9350	593	4599	317	0.001209	0.075859	0.001209
512	9350	594	4309	144	0.000549	0.070053	0.000549
512	9350	595	4805	3537	0.013493	0.094696	0.013493
512	9350	596	4346	146	0.000557	0.070812	0.000557
512	9350	597	4820	1909	0.007282	0.083317	0.007282
512	9350	598	4590	437	0.001667	0.077839	0.001667
512	9350	599	5028	1268	0.004837	0.093117	0.004837
512	9350	600	5098	1628	0.006210	0.098602	0.006210
512	9350	601	4439	3399	0.012966	0.088055	0.012966
512	9350	602	4702	1316	0.005020	0.098125	0.005020
512	9350	603	4627	104	0.000397	0.074577	0.000397
512	9350	604	4491	2049	0.007816	0.078201	0.007816
512	9350	605	4858	315	0.001202	0.077980	0.001202
512	9350	606	5166	792	0.003021	0.095703	0.003021
512	9350	607	5202	1722	0.006569	0.107853	0.006569
512	9350	608	3689	43	0.000164	0.054028	0.000164
512	9350	609	4774	651	0.002483	0.090569	0.002483
512	9350	610	4464	563	0.002148	0.074940	0.002148
512	9350	611	4441	590	0.002251	0.077023	0.002251
512	9350	612	4901	1635	0.006237	0.092175	0.006237
512	9350	613	4805	1544	0.005890	0.094124	0.005890
512	9350	614	4463	99	0.000378	0.071434	0.000378
512	9350	615	4417	724	0.002762	0.077358	0.002762
512	9350	616	4539	375	0.001431	0.077602	0.001431
512	9350	617	4767	1238	0.004723	0.098896	0.004723
512	9350	618	4574	868	0.003311	0.080112	0.003311
512	9350	619	4475	1121	0.004276	0.077896	0.004276
512	9350	620	4669	183	0.000698	0.077614	0.000698
512	9350	621	5065	716	0.002731	0.096249	0.002731
512	9350	622	4916	1479	0.005642	0.104340	0.005642
512	9350	623	4452	1724	0.006577	0.080345	0.006577
512	9350	624	4513	1679	0.006405	0.091785	0.006405
512	9350	625	4304	206	0.000786	0.068024	0.000786
512	9350	626	4715	1060	0.004044	0.085526	0.004044
512	9350	627	4658	430	0.001640	0.077778	0.001640
512	9350	628	4377	223	0.000851	0.073719	0.000851
512	9350	629	4665	1182	0.004509	0.095142	0.004509
512	9350	630	4406	1297	0.004948	0.084377	0.004948
512	9350	631	4909	202	0.000771	0.083183	0.000771
512	9350	632	5059	859	0.003277	0.099941	0.003277
512	9350	633	4712	727	0.002773	0.081135	0.002773
512	9350	634	4744	3015	0.011501	0.092564	0.011501
512	9350	635	4829	1548	0.005905	0.084957	0.005905
512	9350	636	4818	1451	0.005535	0.087177	0.005535
512	9350	637	4995	136	0.000519	0.083164	0.000519
512	9350	638	5022	3369	0.012852	0.097538	0.012852
512	9350	639	4306	1332	0.005081	0.077888	0.005081
512	9350	640	4604	789	0.003010	0.086628	0.003010
512	9350	641	5096	324	0.001236	0.087013	0.001236
512	9350	642	4527	1094	0.004173	0.078075	0.004173
512	9350	643	4380	1170	0.004463	0.073292	0.004463
512	9350	644	4615	321	0.001225	0.076927	0.001225
512	9350	645	5283	147	0.000561	0.089691	0.000561
512	9350	646	4435	178	0.000679	0.071758	0.000679
512	9350	647	5436	830	0.003166	0.099232	0.003166
512	9350	648	4893	630	0.002403	0.088909	0.002403
512	9350	649	4162	935	0.003567	0.070450	0.003567
512	9350	650	5007	368	0.001404	0.091335	0.001404
512	9350	651	4546	523	0.001995	0.077526	0.001995
512	9350	652	4717	1424	0.005432	0.090481	0.005432
512	9350	653	4767	162	0.000618	0.077820	0.000618
512	9350	654	4524	56	0.000214	0.071697	0.000214
512	9350	655	4423	561	0.002140	0.075001	0.002140
512	9350	656	5055	1086	0.004143	0.095871	0.004143
512	9350	657	4242	590	0.002251	0.069824	0.002251
512	9350	658	4439	874	0.003334	0.079140	0.003334
512	9350	659	4976	256	0.000977	0.088722	0.000977
512	9350	660	4471	71	0.000271	0.069515	0.000271
512	9350	661	4981	209	0.000797	0.085125	0.000797
512	9350	662	5094	309	0.001179	0.084782	0.001179
512	9350	663	4120	97	0.000370	0.063393	0.000370
512	9350	664	4706	1982	0.007561	0.090557	0.007561
512	9350	665	4999	2020	0.007706	0.098312	0.007706
512	9350	666	4665	436	0.001663	0.083786	0.001663
512	9350	667	5145	1457	0.005558	0.096062	0.005558
512	9350	668	5181	186	0.000710	0.087517	0.000710
512	9350	669	4747	104	0.000397	0.075985	0.000397
512	9350	670	4752	1460	0.005569	0.089035	0.005569
512	9350	671	4818	839	0.003201	0.087856	0.003201
512	9350	672	4817	220	0.000839	0.083958	0.000839
512	9350	673	4725	457	0.001743	0.081619	0.001743
512	9350	674	4464	208	0.000793	0.075550	0.000793
512	9350	675	5288	1346	0.005135	0.097000	0.005135
512	9350	676	4761	355	0.001354	0.077751	0.001354
512	9350	677	4680	139	0.000530	0.075909	0.000530
512	9350	678	4932	952	0.003632	0.089100	0.003632
512	9350	679	4279	273	0.001041	0.073677	0.001041
512	9350	680	4853	784	0.002991	0.094864	0.002991
512	9350	681	4838	779	0.002972	0.085083	0.002972
512	9350	682	4859	292	0.001114	0.081173	0.001114
512	9350	683	4381	367	0.001400	0.075352	0.001400
512	9350	684	4787	1506	0.005745	0.093975	0.005745
512	9350	685	5375	153	0.000584	0.090744	0.000584
512	9350	686	4631	2069	0.007893	0.091423	0.007893
512	9350	687	4578	707	0.002697	0.076977	0.002697
512	9350	688	5099	2014	0.007683	0.098209	0.007683
512	9350	689	4368	352	0.001343	0.074287	0.001343
512	9350	690	4189	682	0.002602	0.071693	0.002602
512	9350	691	4598	1445	0.005512	0.080616	0.005512
512	9350	692	4353	479	0.001827	0.071526	0.001827
512	9350	693	4274	764	0.002914	0.071869	0.002914
512	9350	694	4458	1370	0.005226	0.091209	0.005226
512	9350	695	4673	215	0.000820	0.080879	0.000820
512	9350	696	4217	94	0.000359	0.064667	0.000359
512	9350	697	4515	239	0.000912	0.073631	0.000912
512	9350	698	4523	221	0.000843	0.073463	0.000843
512	9350	699	4461	755	0.002880	0.079445	0.002880
512	9350	700	4825	124	0.000473	0.078995	0.000473
512	9350	701	5047	337	0.001286	0.085552	0.001286
512	9350	702	4667	1118	0.004265	0.087654	0.004265
512	9350	703	4550	1885	0.007191	0.091843	0.007191
512	9350	704	4819	880	0.003357	0.085953	0.003357
512	9350	705	4390	94	0.000359	0.069107	0.000359
512	9350	706	5286	1000	0.003815	0.104122	0.003815
512	9350	707	4705	439	0.001675	0.079552	0.001675
512	9350	708	4510	83	0.000317	0.072044	0.000317
512	9350	709	4466	144	0.000549	0.069702	0.000549
512	9350	710	4207	57	0.000217	0.064671	0.000217
512	9350	711	4530	542	0.002068	0.079994	0.002068
512	9350	712	5148	203	0.000774	0.088425	0.000774
512	9350	713	4672	757	0.002888	0.087467	0.002888
512	9350	714	4802	262	0.000999	0.076481	0.000999
512	9350	715	4785	239	0.000912	0.081684	0.000912
512	9350	716	4767	1796	0.006851	0.088596	0.006851
512	9350	717	5163	937	0.003574	0.095722	0.003574
512	9350	718	5030	1110	0.004234	0.096584	0.004234
512	9350	719	4755	74	0.000282	0.074638	0.000282
512	9350	720	4814	2832	0.010803	0.096287	0.010803
512	9350	721	4265	125	0.000477	0.067619	0.000477
512	9350	722	4406	105	0.000401	0.071461	0.000401
512	9350	723	5005	324	0.001236	0.086483	0.001236
512	9350	724	5479	179	0.000683	0.099121	0.000683
512	9350	725	4373	119	0.000454	0.071346	0.000454
512	9350	726	4627	778	0.002968	0.077721	0.002968
512	9350	727	4019	1230	0.004692	0.069313	0.004692
512	9350	728	4391	134	0.000511	0.070641	0.000511
512	9350	729	4749	177	0.000675	0.078636	0.000675
512	9350	730	4989	337	0.001286	0.088432	0.001286
512	9350	731	4864	1466	0.005592	0.088688	0.005592
512	9350	732	4722	214	0.000816	0.081745	0.000816
512	9350	733	4466	3415	0.013027	0.085285	0.013027
512	9350	734	5124	270	0.001030	0.088455	0.001030
512	9350	735	4918	270	0.001030	0.084667	0.001030
512	9350	736	4864	1051	0.004009	0.082218	0.004009
512	9350	737	4390	910	0.003471	0.082573	0.003471
512	9350	738	5018	462	0.001762	0.087524	0.001762
512	9350	739	4990	317	0.001209	0.086376	0.001209
512	9350	740	4255	1239	0.004726	0.074375	0.004726
512	9350	741	4483	1625	0.006199	0.079208	0.006199
512	9350	742	4617	641	0.002445	0.082504	0.002445
512	9350	743	4038	156	0.000595	0.065163	0.000595
512	9350	744	4428	2462	0.009392	0.083889	0.009392
512	9350	745	5321	250	0.000954	0.094547	0.000954
512	9350	746	4576	568	0.002167	0.078007	0.002167
512	9350	747	4370	108	0.000412	0.069042	0.000412
512	9350	748	4882	2107	0.008038	0.092022	0.008038
512	9350	749	4857	386	0.001472	0.080856	0.001472
512	9350	750	5235	665	0.002537	0.097515	0.002537
512	9350	751	4569	852	0.003250	0.080334	0.003250
512	9350	752	4851	3816	0.014557	0.098736	0.014557
512	9350	753	5260	2791	0.010647	0.119835	0.010647
512	9350	754	4397	111	0.000423	0.067513	0.000423
512	9350	755	4134	185	0.000706	0.063690	0.000706
512	9350	756	4275	927	0.003536	0.075520	0.003536
512	9350	757	4325	211	0.000805	0.069679	0.000805
512	9350	758	4575	204	0.000778	0.075462	0.000778
512	9350	759	4891	516	0.001968	0.088985	0.001968
512	9350	760	4814	286	0.001091	0.081924	0.001091
512	9350	761	4436	844	0.003220	0.076916	0.003220
512	9350	762	4547	1024	0.003906	0.083626	0.003906
512	9350	763	4683	256	0.000977	0.076584	0.000977
512	9350	764	4855	142	0.000542	0.080135	0.000542
512	9350	765	4473	187	0.000713	0.076031	0.000713
512	9350	766	4686	224	0.000854	0.075886	0.000854
512	9350	767	4874	126	0.000481	0.083202	0.000481
512	9350	768	4115	67	0.000256	0.060734	0.000256
512	9350	769	4715	1949	0.007435	0.082653	0.007435
512	9350	770	4817	301	0.001148	0.084873	0.001148
512	9350	771	4671	115	0.000439	0.075989	0.000439
512	9350	772	4683	186	0.000710	0.076065	0.000710
512	9350	773	4535	529	0.002018	0.086712	0.002018
512	9350	774	4883	238	0.000908	0.084190	0.000908
512	9350	775	4309	103	0.000393	0.072178	0.000393
512	9350	776	4640	98	0.000374	0.075150	0.000374
512	9350	777	4680	1032	0.003937	0.080986	0.003937
512	9350	778	5004	191	0.000729	0.082054	0.000729
512	9350	779	4944	3950	0.015068	0.095566	0.015068
512	9350	780	4788	404	0.001541	0.085648	0.001541
512	9350	781	4743	224	0.000854	0.084538	0.000854
512	9350	782	4666	724	0.002762	0.079601	0.002762
512	9350	783	4751	791	0.003017	0.083950	0.003017
512	9350	784	4381	2311	0.008816	0.080738	0.008816
512	9350	785	4622	88	0.000336	0.074776	0.000336
512	9350	786	4637	85	0.000324	0.071663	0.000324
512	9350	787	4651	877	0.003345	0.079243	0.003345
512	9350	788	5365	794	0.003029	0.104469	0.003029
512	9350	789	4576	2280	0.008698	0.086460	0.008698
512	9350	790	4854	1444	0.005508	0.093494	0.005508
512	9350	791	4552	226	0.000862	0.076031	0.000862
512	9350	792	4376	194	0.000740	0.071606	0.000740
512	9350	793	4445	2905	0.011082	0.085636	0.011082
512	9350	794	5286	818	0.003120	0.097576	0.003120
512	9350	795	4547	95	0.000362	0.071831	0.000362
512	9350	796	4782	2015	0.007687	0.097336	0.007687
512	9350	797	4795	1381	0.005268	0.086288	0.005268
512	9350	798	4868	945	0.003605	0.086834	0.003605
512	9350	799	4902	2436	0.009293	0.107128	0.009293
512	9350	800	4573	300	0.001144	0.077866	0.001144
512	9350	801	5012	228	0.000870	0.081890	0.000870
512	9350	802	4383	2821	0.010761	0.083260	0.010761
512	9350	803	4861	608	0.002319	0.090263	0.002319
512	9350	804	5138	236	0.000900	0.091816	0.000900
512	9350	805	5200	1406	0.005363	0.089146	0.005363
512	9350	806	4281	110	0.000420	0.068985	0.000420
512	9350	807	5094	2048	0.007812	0.098553	0.007812
512	9350	808	4647	721	0.002750	0.078384	0.002750
512	9350	809	4737	585	0.002232	0.096981	0.002232
512	9350	810	4391	344	0.001312	0.072231	0.001312
512	9350	811	4389	132	0.000504	0.071564	0.000504
512	9350	812	5040	295	0.001125	0.086246	0.001125
512	9350	813	4825	106	0.000404	0.080017	0.000404
512	9350	814	4301	177	0.000675	0.067486	0.000675
512	9350	815	5271	111	0.000423	0.087631	0.000423
512	9350	816	4773	267	0.001019	0.079853	0.001019
512	9350	817	4745	1146	0.004372	0.084652	0.004372
512	9350	818	4462	2089	0.007969	0.084724	0.007969
512	9350	819	4259	1432	0.005463	0.073971	0.005463
512	9350	820	4151	828	0.003159	0.070335	0.003159
512	9350	821	4748	153	0.000584	0.079372	0.000584
512	9350	822	4436	4338	0.016548	0.091801	0.016548
512	9350	823	4733	1693	0.006458	0.087387	0.006458
512	9350	824	4769	270	0.001030	0.082706	0.001030
512	9350	825	4657	154	0.000587	0.074024	0.000587
512	9350	826	4612	350	0.001335	0.074337	0.001335
512	9350	827	4651	101	0.000385	0.077698	0.000385
512	9350	828	4584	137	0.000523	0.074665	0.000523
512	9350	829	4816	92	0.000351	0.075665	0.000351
512	9350	830	5013	848	0.003235	0.093395	0.003235
512	9350	831	4137	1385	0.005283	0.067066	0.005283
512	9350	832	4846	823	0.003139	0.093872	0.003139
512	9350	833	5163	890	0.003395	0.098946	0.003395
512	9350	834	4800	105	0.000401	0.073441	0.000401
512	9350	835	4221	141	0.000538	0.067535	0.000538
512	9350	836	4763	88	0.000336	0.077251	0.000336
512	9350	837	5081	473	0.001804	0.088463	0.001804
512	9350	838	4225	2328	0.008881	0.086773	0.008881
512	9350	839	4880	1440	0.005493	0.090492	0.005493
512	9350	840	4712	86	0.000328	0.077511	0.000328
512	9350	841	4839	548	0.002090	0.088242	0.002090
512	9350	842	4312	2108	0.008041	0.075588	0.008041
512	9350	843	4776	235	0.000896	0.081902	0.000896
512	9350	844	5302	181	0.000690	0.092377	0.000690
512	9350	845	4463	227	0.000866	0.073151	0.000866
512	9350	846	4783	1909	0.007282	0.095722	0.007282
512	9350	847	4549	68	0.000259	0.069702	0.000259
512	9350	848	4347	1182	0.004509	0.076515	0.004509
512	9350	849	4738	599	0.002285	0.079720	0.002285
512	9350	850	4330	170	0.000648	0.070297	0.000648
512	9350	851	4604	601	0.002293	0.078430	0.002293
512	9350	852	4359	1992	0.007599	0.074459	0.007599
512	9350	853	4497	404	0.001541	0.076336	0.001541
512	9350	854	4214	391	0.001492	0.070137	0.001492
512	9350	855	4945	337	0.001286	0.085934	0.001286
512	9350	856	4919	891	0.003399	0.092129	0.003399
512	9350	857	4651	718	0.002739	0.082088	0.002739
512	9350	858	4760	1171	0.004467	0.094475	0.004467
512	9350	859	4335	3670	0.014000	0.089085	0.014000
512	9350	860	4811	1333	0.005085	0.092060	0.005085
512	9350	861	4602	76	0.000290	0.071621	0.000290
512	9350	862	4645	1256	0.004791	0.092461	0.004791
512	9350	863	4606	273	0.001041	0.076355	0.001041
512	9350	864	4522	1585	0.006046	0.082859	0.006046
512	9350	865	3987	106	0.000404	0.065296	0.000404
512	9350	866	4874	1144	0.004364	0.084229	0.004364
512	9350	867	4663	463	0.001766	0.081070	0.001766
512	9350	868	4590	294	0.001122	0.076241	0.001122
512	9350	869	5164	1745	0.006657	0.095589	0.006657
512	9350	870	4266	101	0.000385	0.064651	0.000385
512	9350	871	4847	1153	0.004398	0.101990	0.004398
512	9350	872	4933	319	0.001217	0.082897	0.001217
512	9350	873	4634	1167	0.004452	0.081490	0.004452
512	9350	874	4162	67	0.000256	0.065193	0.000256
512	9350	875	4352	2728	0.010406	0.084061	0.010406
512	9350	876	4126	73	0.000278	0.062538	0.000278
512	9350	877	4672	237	0.000904	0.079998	0.000904
512	9350	878	4836	1271	0.004848	0.089306	0.004848
512	9350	879	4192	221	0.000843	0.065792	0.000843
512	9350	880	4877	718	0.002739	0.091526	0.002739
512	9350	881	4498	1618	0.006172	0.083565	0.006172
512	9350	882	4305	113	0.000431	0.065899	0.000431
512	9350	883	4599	158	0.000603	0.076504	0.000603
512	9350	884	4823	259	0.000988	0.086670	0.000988
512	9350	885	4574	791	0.003017	0.081230	0.003017
512	9350	886	5006	1593	0.006077	0.094944	0.006077
512	9350	887	4059	118	0.000450	0.062958	0.000450
512	9350	888	4625	589	0.002247	0.083195	0.002247
512	9350	889	4647	702	0.002678	0.076851	0.002678
512	9350	890	4770	340	0.001297	0.080677	0.001297
512	9350	891	4747	1324	0.005051	0.088245	0.005051
512	9350	892	5173	1216	0.004639	0.099411	0.004639
512	9350	893	4450	109	0.000416	0.070374	0.000416
512	9350	894	5392	245	0.000935	0.094608	0.000935
512	9350	895	4817	926	0.003532	0.084194	0.003532
512	9350	896	5258	573	0.002186	0.102764	0.002186
512	9350	897	4988	1569	0.005985	0.096699	0.005985
512	9350	898	4572	196	0.000748	0.072590	0.000748
512	9350	899	4848	262	0.000999	0.079933	0.000999
512	9350	900	4397	568	0.002167	0.071732	0.002167
512	9350	901	4983	252	0.000961	0.086723	0.000961
512	9350	902	4499	542	0.002068	0.075207	0.002068
512	9350	903	5208	2039	0.007778	0.110161	0.007778
512	9350	904	4947	1331	0.005077	0.089626	0.005077
512	9350	905	4831	189	0.000721	0.081059	0.000721
512	9350	906	5064	275	0.001049	0.084957	0.001049
512	9350	907	4637	1106	0.004219	0.079731	0.004219
512	9350	908	4696	889	0.003391	0.082363	0.003391
512	9350	909	4662	600	0.002289	0.077415	0.002289
512	9350	910	4871	1514	0.005775	0.099144	0.005775
512	9350	911	4392	1456	0.005554	0.073578	0.005554
512	9350	912	4721	519	0.001980	0.078716	0.001980
512	9350	913	4543	225	0.000858	0.072788	0.000858
512	9350	914	4559	880	0.003357	0.083366	0.003357
512	9350	915	4358	1475	0.005627	0.076515	0.005627
512	9350	916	4592	1806	0.006889	0.083866	0.006889
512	9350	917	4591	1610	0.006142	0.091827	0.006142
512	9350	918	4730	771	0.002941	0.084904	0.002941
512	9350	919	5086	623	0.002377	0.086597	0.002377
512	9350	920	4553	895	0.003414	0.078468	0.003414
512	9350	921	4933	850	0.003242	0.089729	0.003242
512	9350	922	4626	3528	0.013458	0.103256	0.013458
512	9350	923	4641	1750	0.006676	0.081059	0.006676
512	9350	924	5036	2959	0.011288	0.097019	0.011288
512	9350	925	4745	1947	0.007427	0.091084	0.007427
512	9350	926	5301	1801	0.006870	0.110737	0.006870
512	9350	927	4426	2119	0.008083	0.078663	0.008083
512	9350	928	4510	1500	0.005722	0.076336	0.005722
512	9350	929	4610	640	0.002441	0.080887	0.002441
512	9350	930	5300	954	0.003639	0.094055	0.003639
512	9350	931	4395	157	0.000599	0.069767	0.000599
512	9350	932	5106	742	0.002831	0.090179	0.002831
512	9350	933	4198	164	0.000626	0.065956	0.000626
512	9350	934	4883	1754	0.006691	0.094322	0.006691
512	9350	935	4820	139	0.000530	0.079075	0.000530
512	9350	936	4523	58	0.000221	0.067692	0.000221
512	9350	937	4985	156	0.000595	0.085388	0.000595
512	9350	938	4913	290	0.001106	0.086079	0.001106
512	9350	939	4575	201	0.000767	0.074615	0.000767
512	9350	940	4482	1138	0.004341	0.075642	0.004341
512	9350	941	4352	1115	0.004253	0.080936	0.004253
512	9350	942	4711	157	0.000599	0.078152	0.000599
512	9350	943	4638	959	0.003658	0.085133	0.003658
512	9350	944	4927	371	0.001415	0.087929	0.001415
512	9350	945	5009	287	0.001095	0.084259	0.001095
512	9350	946	4740	443	0.001690	0.078011	0.001690
512	9350	947	5047	888	0.003387	0.095215	0.003387
512	9350	948	4801	1292	0.004929	0.087608	0.004929
512	9350	949	4950	864	0.003296	0.093559	0.003296
512	9350	950	4525	677	0.002583	0.078278	0.002583
512	9350	951	4718	2269	0.008656	0.090473	0.008656
512	9350	952	4850	164	0.000626	0.079781	0.000626
512	9350	953	4555	1037	0.003956	0.084396	0.003956
512	9350	954	5046	419	0.001598	0.086861	0.001598
512	9350	955	4377	1728	0.006592	0.075382	0.006592
512	9350	956	4481	1046	0.003990	0.074974	0.003990
512	9350	957	4794	1632	0.006226	0.088413	0.006226
512	9350	958	4796	408	0.001556	0.085045	0.001556
512	9350	959	4523	1321	0.005039	0.078362	0.005039
512	9350	960	4493	1422	0.005424	0.078106	0.005424
512	9350	961	4818	597	0.002277	0.082958	0.002277
512	9350	962	5011	3513	0.013401	0.109661	0.013401
512	9350	963	4772	430	0.001640	0.084530	0.001640
512	9350	964	4649	253	0.000965	0.074493	0.000965
512	9350	965	4178	1799	0.006863	0.070446	0.006863
512	9350	966	4374	83	0.000317	0.071423	0.000317
512	9350	967	4681	1866	0.007118	0.086815	0.007118
512	9350	968	5251	2261	0.008625	0.105499	0.008625
512	9350	969	4793	412	0.001572	0.085228	0.001572
512	9350	970	4428	4643	0.017712	0.089928	0.017712
512	9350	971	4410	300	0.001144	0.071629	0.001144
512	9350	972	4918	748	0.002853	0.089512	0.002853
512	9350	973	4566	1050	0.004005	0.083847	0.004005
512	9350	974	4502	455	0.001736	0.077446	0.001736
512	9350	975	4882	716	0.002731	0.087658	0.002731
512	9350	976	5494	1010	0.003853	0.104214	0.003853
512	9350	977	5176	1358	0.005180	0.104488	0.005180
512	9350	978	4822	1262	0.004814	0.089222	0.004814
512	9350	979	4909	1409	0.005375	0.094471	0.005375
512	9350	980	4300	366	0.001396	0.072556	0.001396
512	9350	981	5052	3043	0.011608	0.100262	0.011608
512	9350	982	5030	560	0.002136	0.096542	0.002136
512	9350	983	5259	374	0.001427	0.096985	0.001427
512	9350	984	4767	1672	0.006378	0.092743	0.006378
512	9350	985	4698	214	0.000816	0.070618	0.000816
512	9350	986	4989	2214	0.008446	0.091160	0.008446
512	9350	987	4514	523	0.001995	0.074272	0.001995
512	9350	988	4949	263	0.001003	0.086853	0.001003
512	9350	989	5006	390	0.001488	0.083637	0.001488
512	9350	990	4281	137	0.000523	0.069668	0.000523
512	9350	991	5004	1124	0.004288	0.098392	0.004288
512	9350	992	5321	650	0.002480	0.099026	0.002480
512	9350	993	4978	1828	0.006973	0.100914	0.006973
512	9350	994	4647	294	0.001122	0.080944	0.001122
512	9350	995	4500	2712	0.010345	0.083912	0.010345
512	9350	996	5068	329	0.001255	0.088303	0.001255
512	9350	997	4862	200	0.000763	0.082027	0.000763
512	9350	998	4502	261	0.000996	0.071690	0.000996
512	9350	999	4670	890	0.003395	0.079899	0.003395
512	9350	1000	4902	957	0.003651	0.090488	0.003651
