512	9500	1	9033	103	0.000393	0.162064	0.000393
512	9500	2	9078	92	0.000351	0.165867	0.000351
512	9500	3	9083	60	0.000229	0.163300	0.000229
512	9500	4	8897	68	0.000259	0.158566	0.000259
512	9500	5	9070	93	0.000355	0.162430	0.000355
512	9500	6	8825	119	0.000454	0.163486	0.000454
512	9500	7	8983	100	0.000381	0.156208	0.000381
512	9500	8	9079	95	0.000362	0.162724	0.000362
512	9500	9	9067	144	0.000549	0.160301	0.000549
512	9500	10	9209	141	0.000538	0.161499	0.000538
512	9500	11	9053	80	0.000305	0.164211	0.000305
512	9500	12	8949	83	0.000317	0.160599	0.000317
512	9500	13	9158	72	0.000275	0.163258	0.000275
512	9500	14	8879	83	0.000317	0.157566	0.000317
512	9500	15	8924	98	0.000374	0.158409	0.000374
512	9500	16	9259	100	0.000381	0.167702	0.000381
512	9500	17	9187	135	0.000515	0.164238	0.000515
512	9500	18	8979	62	0.000237	0.158878	0.000237
512	9500	19	8992	89	0.000340	0.159710	0.000340
512	9500	20	8844	98	0.000374	0.156460	0.000374
512	9500	21	8912	99	0.000378	0.162415	0.000378
512	9500	22	8783	133	0.000507	0.156109	0.000507
512	9500	23	9126	129	0.000492	0.161278	0.000492
512	9500	24	8948	127	0.000484	0.158569	0.000484
512	9500	25	8921	119	0.000454	0.163158	0.000454
512	9500	26	8984	83	0.000317	0.159077	0.000317
512	9500	27	8997	72	0.000275	0.159172	0.000275
512	9500	28	9183	122	0.000465	0.164009	0.000465
512	9500	29	9024	90	0.000343	0.159752	0.000343
512	9500	30	9123	68	0.000259	0.161156	0.000259
512	9500	31	9147	103	0.000393	0.162941	0.000393
512	9500	32	9043	108	0.000412	0.159958	0.000412
512	9500	33	8934	100	0.000381	0.158886	0.000381
512	9500	34	9133	95	0.000362	0.166874	0.000362
512	9500	35	8901	155	0.000591	0.159176	0.000591
512	9500	36	8902	81	0.000309	0.157875	0.000309
512	9500	37	9041	91	0.000347	0.160866	0.000347
512	9500	38	9253	68	0.000259	0.163567	0.000259
512	9500	39	8998	111	0.000423	0.156990	0.000423
512	9500	40	9056	120	0.000458	0.156975	0.000458
512	9500	41	8659	137	0.000523	0.156315	0.000523
512	9500	42	9129	108	0.000412	0.162903	0.000412
512	9500	43	8807	81	0.000309	0.159763	0.000309
512	9500	44	8985	106	0.000404	0.161659	0.000404
512	9500	45	9147	99	0.000378	0.164909	0.000378
512	9500	46	8933	99	0.000378	0.159256	0.000378
512	9500	47	9036	109	0.000416	0.162655	0.000416
512	9500	48	8981	70	0.000267	0.158382	0.000267
512	9500	49	8878	96	0.000366	0.159920	0.000366
512	9500	50	9137	126	0.000481	0.163277	0.000481
512	9500	51	8892	72	0.000275	0.156670	0.000275
512	9500	52	8896	74	0.000282	0.158161	0.000282
512	9500	53	9090	117	0.000446	0.162109	0.000446
512	9500	54	8986	79	0.000301	0.158417	0.000301
512	9500	55	8949	74	0.000282	0.160557	0.000282
512	9500	56	8933	75	0.000286	0.159657	0.000286
512	9500	57	9023	66	0.000252	0.158878	0.000252
512	9500	58	8925	95	0.000362	0.161457	0.000362
512	9500	59	8968	125	0.000477	0.159992	0.000477
512	9500	60	8843	82	0.000313	0.158558	0.000313
512	9500	61	9148	93	0.000355	0.165951	0.000355
512	9500	62	9085	89	0.000340	0.160458	0.000340
512	9500	63	9060	85	0.000324	0.161705	0.000324
512	9500	64	9039	98	0.000374	0.158939	0.000374
512	9500	65	8974	84	0.000320	0.158607	0.000320
512	9500	66	8902	102	0.000389	0.159653	0.000389
512	9500	67	9036	66	0.000252	0.161705	0.000252
512	9500	68	8809	63	0.000240	0.156181	0.000240
512	9500	69	9076	75	0.000286	0.162666	0.000286
512	9500	70	9039	123	0.000469	0.159542	0.000469
512	9500	71	8919	85	0.000324	0.153854	0.000324
512	9500	72	8965	61	0.000233	0.156830	0.000233
512	9500	73	9090	131	0.000500	0.166500	0.000500
512	9500	74	8840	100	0.000381	0.159077	0.000381
512	9500	75	9154	92	0.000351	0.163723	0.000351
512	9500	76	9015	85	0.000324	0.157993	0.000324
512	9500	77	9091	73	0.000278	0.161301	0.000278
512	9500	78	9181	94	0.000359	0.167931	0.000359
512	9500	79	9083	105	0.000401	0.161133	0.000401
512	9500	80	8963	85	0.000324	0.158436	0.000324
512	9500	81	8961	103	0.000393	0.162750	0.000393
512	9500	82	8973	78	0.000298	0.162544	0.000298
512	9500	83	8813	70	0.000267	0.158226	0.000267
512	9500	84	9059	103	0.000393	0.165661	0.000393
512	9500	85	9099	64	0.000244	0.158821	0.000244
512	9500	86	9078	88	0.000336	0.157536	0.000336
512	9500	87	8962	119	0.000454	0.160900	0.000454
512	9500	88	8976	55	0.000210	0.156322	0.000210
512	9500	89	9118	85	0.000324	0.161266	0.000324
512	9500	90	9134	127	0.000484	0.162506	0.000484
512	9500	91	8786	155	0.000591	0.156406	0.000591
512	9500	92	8883	85	0.000324	0.158466	0.000324
512	9500	93	9063	98	0.000374	0.163883	0.000374
512	9500	94	9152	96	0.000366	0.164288	0.000366
512	9500	95	9002	111	0.000423	0.162209	0.000423
512	9500	96	9376	84	0.000320	0.164936	0.000320
512	9500	97	9171	105	0.000401	0.164986	0.000401
512	9500	98	8888	164	0.000626	0.162834	0.000626
512	9500	99	9017	80	0.000305	0.164867	0.000305
512	9500	100	9067	105	0.000401	0.163532	0.000401
512	9500	2	9078	92	0.000351	0.165867	0.000351
512	9500	3	9083	60	0.000229	0.163300	0.000229
512	9500	4	8897	68	0.000259	0.158566	0.000259
512	9500	5	9070	93	0.000355	0.162430	0.000355
512	9500	6	8825	119	0.000454	0.163486	0.000454
512	9500	7	8983	100	0.000381	0.156208	0.000381
512	9500	8	9079	95	0.000362	0.162724	0.000362
512	9500	9	9067	144	0.000549	0.160301	0.000549
512	9500	10	9209	141	0.000538	0.161499	0.000538
512	9500	11	9053	80	0.000305	0.164211	0.000305
512	9500	12	8949	83	0.000317	0.160599	0.000317
512	9500	13	9158	72	0.000275	0.163258	0.000275
512	9500	14	8879	83	0.000317	0.157566	0.000317
512	9500	15	8924	98	0.000374	0.158409	0.000374
512	9500	16	9259	100	0.000381	0.167702	0.000381
512	9500	17	9187	135	0.000515	0.164238	0.000515
512	9500	18	8979	62	0.000237	0.158878	0.000237
512	9500	19	8992	89	0.000340	0.159710	0.000340
512	9500	20	8844	98	0.000374	0.156460	0.000374
512	9500	21	8912	99	0.000378	0.162415	0.000378
512	9500	22	8783	133	0.000507	0.156109	0.000507
512	9500	23	9126	129	0.000492	0.161278	0.000492
512	9500	24	8948	127	0.000484	0.158569	0.000484
512	9500	25	8921	119	0.000454	0.163158	0.000454
512	9500	26	8984	83	0.000317	0.159077	0.000317
512	9500	27	8997	72	0.000275	0.159172	0.000275
512	9500	28	9183	122	0.000465	0.164009	0.000465
512	9500	29	9024	90	0.000343	0.159752	0.000343
512	9500	30	9123	68	0.000259	0.161156	0.000259
512	9500	31	9147	103	0.000393	0.162941	0.000393
512	9500	32	9043	108	0.000412	0.159958	0.000412
512	9500	33	8934	100	0.000381	0.158886	0.000381
512	9500	34	9133	95	0.000362	0.166874	0.000362
512	9500	35	8901	155	0.000591	0.159176	0.000591
512	9500	36	8902	81	0.000309	0.157875	0.000309
512	9500	37	9041	91	0.000347	0.160866	0.000347
512	9500	38	9253	68	0.000259	0.163567	0.000259
512	9500	39	8998	111	0.000423	0.156990	0.000423
512	9500	40	9056	120	0.000458	0.156975	0.000458
512	9500	41	8659	137	0.000523	0.156315	0.000523
512	9500	42	9129	108	0.000412	0.162903	0.000412
512	9500	43	8807	81	0.000309	0.159763	0.000309
512	9500	44	8985	106	0.000404	0.161659	0.000404
512	9500	45	9147	99	0.000378	0.164909	0.000378
512	9500	46	8933	99	0.000378	0.159256	0.000378
512	9500	47	9036	109	0.000416	0.162655	0.000416
512	9500	48	8981	70	0.000267	0.158382	0.000267
512	9500	49	8878	96	0.000366	0.159920	0.000366
512	9500	50	9137	126	0.000481	0.163277	0.000481
512	9500	51	8892	72	0.000275	0.156670	0.000275
512	9500	52	8896	74	0.000282	0.158161	0.000282
512	9500	53	9090	117	0.000446	0.162109	0.000446
512	9500	54	8986	79	0.000301	0.158417	0.000301
512	9500	55	8949	74	0.000282	0.160557	0.000282
512	9500	56	8933	75	0.000286	0.159657	0.000286
512	9500	57	9023	66	0.000252	0.158878	0.000252
512	9500	58	8925	95	0.000362	0.161457	0.000362
512	9500	59	8968	125	0.000477	0.159992	0.000477
512	9500	60	8843	82	0.000313	0.158558	0.000313
512	9500	61	9148	93	0.000355	0.165951	0.000355
512	9500	62	9085	89	0.000340	0.160458	0.000340
512	9500	63	9060	85	0.000324	0.161705	0.000324
512	9500	64	9039	98	0.000374	0.158939	0.000374
512	9500	65	8974	84	0.000320	0.158607	0.000320
512	9500	66	8902	102	0.000389	0.159653	0.000389
512	9500	67	9036	66	0.000252	0.161705	0.000252
512	9500	68	8809	63	0.000240	0.156181	0.000240
512	9500	69	9076	75	0.000286	0.162666	0.000286
512	9500	70	9039	123	0.000469	0.159542	0.000469
512	9500	71	8919	85	0.000324	0.153854	0.000324
512	9500	72	8965	61	0.000233	0.156830	0.000233
512	9500	73	9090	131	0.000500	0.166500	0.000500
512	9500	74	8840	100	0.000381	0.159077	0.000381
512	9500	75	9154	92	0.000351	0.163723	0.000351
512	9500	76	9015	85	0.000324	0.157993	0.000324
512	9500	77	9091	73	0.000278	0.161301	0.000278
512	9500	78	9181	94	0.000359	0.167931	0.000359
512	9500	79	9083	105	0.000401	0.161133	0.000401
512	9500	80	8963	85	0.000324	0.158436	0.000324
512	9500	81	8961	103	0.000393	0.162750	0.000393
512	9500	82	8973	78	0.000298	0.162544	0.000298
512	9500	83	8813	70	0.000267	0.158226	0.000267
512	9500	84	9059	103	0.000393	0.165661	0.000393
512	9500	85	9099	64	0.000244	0.158821	0.000244
512	9500	86	9078	88	0.000336	0.157536	0.000336
512	9500	87	8962	119	0.000454	0.160900	0.000454
512	9500	88	8976	55	0.000210	0.156322	0.000210
512	9500	89	9118	85	0.000324	0.161266	0.000324
512	9500	90	9134	127	0.000484	0.162506	0.000484
512	9500	91	8786	155	0.000591	0.156406	0.000591
512	9500	92	8883	85	0.000324	0.158466	0.000324
512	9500	93	9063	98	0.000374	0.163883	0.000374
512	9500	94	9152	96	0.000366	0.164288	0.000366
512	9500	95	9002	111	0.000423	0.162209	0.000423
512	9500	96	9376	84	0.000320	0.164936	0.000320
512	9500	97	9171	105	0.000401	0.164986	0.000401
512	9500	98	8888	164	0.000626	0.162834	0.000626
512	9500	99	9017	80	0.000305	0.164867	0.000305
512	9500	100	9067	105	0.000401	0.163532	0.000401
512	9500	101	9000	107	0.000408	0.162296	0.000408
512	9500	102	8839	93	0.000355	0.157272	0.000355
512	9500	103	8806	138	0.000526	0.159679	0.000526
512	9500	104	9116	105	0.000401	0.161858	0.000401
512	9500	105	9125	130	0.000496	0.164173	0.000496
512	9500	106	8765	66	0.000252	0.153316	0.000252
512	9500	107	8922	103	0.000393	0.159351	0.000393
512	9500	108	8963	103	0.000393	0.161213	0.000393
512	9500	109	8915	79	0.000301	0.161003	0.000301
512	9500	110	9036	212	0.000809	0.162350	0.000809
512	9500	111	8915	91	0.000347	0.157318	0.000347
512	9500	112	8872	71	0.000271	0.158966	0.000271
512	9500	113	8868	92	0.000351	0.157597	0.000351
512	9500	114	9180	72	0.000275	0.165333	0.000275
512	9500	115	9044	81	0.000309	0.158577	0.000309
512	9500	116	8971	78	0.000298	0.158142	0.000298
512	9500	117	9035	126	0.000481	0.162727	0.000481
512	9500	118	9124	101	0.000385	0.162529	0.000385
512	9500	119	8926	86	0.000328	0.161587	0.000328
512	9500	120	9017	122	0.000465	0.160934	0.000465
512	9500	121	8867	74	0.000282	0.158901	0.000282
512	9500	122	9087	106	0.000404	0.161472	0.000404
512	9500	123	9000	77	0.000294	0.154709	0.000294
512	9500	124	8908	113	0.000431	0.154324	0.000431
512	9500	125	9005	104	0.000397	0.161224	0.000397
512	9500	126	8912	83	0.000317	0.156937	0.000317
512	9500	127	9071	87	0.000332	0.160534	0.000332
512	9500	128	9055	138	0.000526	0.163338	0.000526
512	9500	129	9152	72	0.000275	0.161251	0.000275
512	9500	130	9076	99	0.000378	0.158833	0.000378
512	9500	131	8964	76	0.000290	0.155777	0.000290
512	9500	132	8782	121	0.000462	0.159973	0.000462
512	9500	133	8813	71	0.000271	0.158070	0.000271
512	9500	134	8699	74	0.000282	0.152424	0.000282
512	9500	135	8986	88	0.000336	0.159977	0.000336
512	9500	136	9154	92	0.000351	0.159637	0.000351
512	9500	137	8887	72	0.000275	0.158688	0.000275
512	9500	138	9022	72	0.000275	0.160801	0.000275
512	9500	139	9001	71	0.000271	0.165905	0.000271
512	9500	140	8969	91	0.000347	0.160419	0.000347
512	9500	141	9038	71	0.000271	0.163952	0.000271
512	9500	142	9061	88	0.000336	0.161865	0.000336
512	9500	143	8936	93	0.000355	0.155048	0.000355
512	9500	144	9086	76	0.000290	0.165123	0.000290
512	9500	145	8871	78	0.000298	0.157455	0.000298
512	9500	146	8850	102	0.000389	0.159542	0.000389
512	9500	147	9252	97	0.000370	0.161812	0.000370
512	9500	148	9096	64	0.000244	0.159100	0.000244
512	9500	149	8870	98	0.000374	0.157612	0.000374
512	9500	150	8824	65	0.000248	0.156555	0.000248
512	9500	151	9009	70	0.000267	0.162357	0.000267
512	9500	152	8806	137	0.000523	0.158848	0.000523
512	9500	153	9018	81	0.000309	0.162838	0.000309
512	9500	154	8998	107	0.000408	0.161777	0.000408
512	9500	155	8935	113	0.000431	0.158463	0.000431
512	9500	156	8981	73	0.000278	0.163345	0.000278
512	9500	157	8967	119	0.000454	0.162510	0.000454
512	9500	158	8910	73	0.000278	0.159618	0.000278
512	9500	159	9086	84	0.000320	0.162056	0.000320
512	9500	160	8896	89	0.000340	0.161602	0.000340
512	9500	161	8768	100	0.000381	0.158497	0.000381
512	9500	162	8990	77	0.000294	0.161423	0.000294
512	9500	163	9136	79	0.000301	0.163101	0.000301
512	9500	164	8823	87	0.000332	0.158504	0.000332
512	9500	165	9134	74	0.000282	0.161789	0.000282
512	9500	166	8983	127	0.000484	0.161144	0.000484
512	9500	167	8996	60	0.000229	0.165096	0.000229
512	9500	168	9159	91	0.000347	0.161900	0.000347
512	9500	169	9186	92	0.000351	0.164364	0.000351
512	9500	170	8856	79	0.000301	0.158806	0.000301
512	9500	171	9048	69	0.000263	0.160561	0.000263
512	9500	172	8859	84	0.000320	0.156731	0.000320
512	9500	173	8958	97	0.000370	0.160534	0.000370
512	9500	174	9143	76	0.000290	0.166817	0.000290
512	9500	175	8840	107	0.000408	0.156300	0.000408
512	9500	176	8971	177	0.000675	0.161263	0.000675
512	9500	177	8939	75	0.000286	0.161919	0.000286
512	9500	178	8889	83	0.000317	0.160934	0.000317
512	9500	179	9018	59	0.000225	0.157516	0.000225
512	9500	180	9168	89	0.000340	0.169022	0.000340
512	9500	181	9138	91	0.000347	0.165936	0.000347
512	9500	182	8739	90	0.000343	0.156498	0.000343
512	9500	183	9054	88	0.000336	0.162048	0.000336
512	9500	184	9120	94	0.000359	0.166576	0.000359
512	9500	185	8895	88	0.000336	0.162899	0.000336
512	9500	186	9046	69	0.000263	0.158577	0.000263
512	9500	187	9063	126	0.000481	0.163239	0.000481
512	9500	188	9172	98	0.000374	0.167278	0.000374
512	9500	189	9047	114	0.000435	0.160770	0.000435
512	9500	190	9042	78	0.000298	0.159878	0.000298
512	9500	191	9149	79	0.000301	0.172112	0.000301
512	9500	192	8942	86	0.000328	0.159496	0.000328
512	9500	193	9081	82	0.000313	0.162678	0.000313
512	9500	194	8873	93	0.000355	0.159397	0.000355
512	9500	195	9072	106	0.000404	0.160507	0.000404
512	9500	196	9057	67	0.000256	0.162369	0.000256
512	9500	197	8851	82	0.000313	0.160160	0.000313
512	9500	198	8837	104	0.000397	0.157043	0.000397
512	9500	199	8975	104	0.000397	0.165619	0.000397
512	9500	200	9058	131	0.000500	0.160927	0.000500
512	9500	201	9013	92	0.000351	0.163769	0.000351
512	9500	202	8932	96	0.000366	0.157890	0.000366
512	9500	203	9008	83	0.000317	0.159973	0.000317
512	9500	204	9055	117	0.000446	0.165028	0.000446
512	9500	205	9098	101	0.000385	0.164970	0.000385
512	9500	206	9166	79	0.000301	0.162754	0.000301
512	9500	207	8956	97	0.000370	0.158840	0.000370
512	9500	208	9008	127	0.000484	0.164040	0.000484
512	9500	209	8966	60	0.000229	0.162804	0.000229
512	9500	210	9021	71	0.000271	0.159790	0.000271
512	9500	211	8961	92	0.000351	0.159489	0.000351
512	9500	212	9126	89	0.000340	0.166100	0.000340
512	9500	213	9079	83	0.000317	0.162518	0.000317
512	9500	214	9046	79	0.000301	0.158821	0.000301
512	9500	215	9015	89	0.000340	0.163425	0.000340
512	9500	216	9200	128	0.000488	0.168228	0.000488
512	9500	217	8921	94	0.000359	0.162384	0.000359
512	9500	218	8993	124	0.000473	0.161148	0.000473
512	9500	219	9040	142	0.000542	0.163467	0.000542
512	9500	220	9013	124	0.000473	0.161575	0.000473
512	9500	221	9024	70	0.000267	0.166145	0.000267
512	9500	222	8983	79	0.000301	0.156326	0.000301
512	9500	223	9010	85	0.000324	0.161846	0.000324
512	9500	224	8816	78	0.000298	0.157024	0.000298
512	9500	225	9136	87	0.000332	0.162796	0.000332
512	9500	226	9197	109	0.000416	0.165024	0.000416
512	9500	227	9031	102	0.000389	0.160290	0.000389
512	9500	228	9112	144	0.000549	0.163761	0.000549
512	9500	229	8961	92	0.000351	0.159119	0.000351
512	9500	230	9104	83	0.000317	0.162689	0.000317
512	9500	231	9122	88	0.000336	0.162022	0.000336
512	9500	232	8808	67	0.000256	0.155693	0.000256
512	9500	233	9081	100	0.000381	0.164745	0.000381
512	9500	234	8841	86	0.000328	0.159157	0.000328
512	9500	235	8950	78	0.000298	0.156063	0.000298
512	9500	236	8944	91	0.000347	0.160595	0.000347
512	9500	237	9065	103	0.000393	0.161018	0.000393
512	9500	238	9042	162	0.000618	0.162735	0.000618
512	9500	239	8752	102	0.000389	0.159260	0.000389
512	9500	240	8752	95	0.000362	0.157501	0.000362
512	9500	241	9074	90	0.000343	0.163311	0.000343
512	9500	242	8943	118	0.000450	0.158718	0.000450
512	9500	243	8849	95	0.000362	0.160530	0.000362
512	9500	244	9147	121	0.000462	0.165321	0.000462
512	9500	245	8899	97	0.000370	0.157616	0.000370
512	9500	246	9154	79	0.000301	0.166069	0.000301
512	9500	247	8816	140	0.000534	0.154728	0.000534
512	9500	248	8953	98	0.000374	0.159843	0.000374
512	9500	249	9109	71	0.000271	0.162529	0.000271
512	9500	250	8939	99	0.000378	0.158894	0.000378
512	9500	251	9123	96	0.000366	0.160069	0.000366
512	9500	252	8977	150	0.000572	0.161083	0.000572
512	9500	253	9033	79	0.000301	0.161999	0.000301
512	9500	254	8951	99	0.000378	0.160069	0.000378
512	9500	255	9034	71	0.000271	0.158642	0.000271
512	9500	256	8994	108	0.000412	0.161434	0.000412
512	9500	257	8960	78	0.000298	0.156879	0.000298
512	9500	258	9206	103	0.000393	0.163700	0.000393
512	9500	259	8989	80	0.000305	0.161499	0.000305
512	9500	260	8873	92	0.000351	0.159157	0.000351
512	9500	261	9237	111	0.000423	0.164841	0.000423
512	9500	262	9175	77	0.000294	0.163136	0.000294
512	9500	263	8832	101	0.000385	0.158314	0.000385
512	9500	264	9197	66	0.000252	0.162296	0.000252
512	9500	265	8878	70	0.000267	0.161308	0.000267
512	9500	266	9156	67	0.000256	0.163616	0.000256
512	9500	267	9110	120	0.000458	0.164497	0.000458
512	9500	268	9057	98	0.000374	0.160995	0.000374
512	9500	269	8978	106	0.000404	0.161999	0.000404
512	9500	270	8953	84	0.000320	0.161243	0.000320
512	9500	271	9053	91	0.000347	0.166042	0.000347
512	9500	272	8954	84	0.000320	0.163345	0.000320
512	9500	273	8870	101	0.000385	0.157997	0.000385
512	9500	274	8976	97	0.000370	0.160339	0.000370
512	9500	275	8951	84	0.000320	0.163647	0.000320
512	9500	276	9030	68	0.000259	0.162571	0.000259
512	9500	277	9036	98	0.000374	0.164383	0.000374
512	9500	278	9175	107	0.000408	0.162487	0.000408
512	9500	279	9065	83	0.000317	0.159580	0.000317
512	9500	280	8877	81	0.000309	0.158138	0.000309
512	9500	281	9050	70	0.000267	0.161484	0.000267
512	9500	282	9110	142	0.000542	0.162678	0.000542
512	9500	283	9218	156	0.000595	0.167149	0.000595
512	9500	284	9000	210	0.000801	0.162792	0.000801
512	9500	285	8918	73	0.000278	0.156635	0.000278
512	9500	286	9056	108	0.000412	0.164574	0.000412
512	9500	287	8920	72	0.000275	0.157516	0.000275
512	9500	288	8856	90	0.000343	0.155861	0.000343
512	9500	289	8929	76	0.000290	0.164188	0.000290
512	9500	290	8951	75	0.000286	0.158466	0.000286
512	9500	291	9059	84	0.000320	0.162720	0.000320
512	9500	292	9095	89	0.000340	0.163250	0.000340
512	9500	293	8987	70	0.000267	0.160961	0.000267
512	9500	294	8851	108	0.000412	0.155590	0.000412
512	9500	295	9072	92	0.000351	0.167198	0.000351
512	9500	296	8867	143	0.000546	0.158554	0.000546
512	9500	297	9201	75	0.000286	0.162285	0.000286
512	9500	298	8873	70	0.000267	0.158226	0.000267
512	9500	299	9135	81	0.000309	0.159729	0.000309
512	9500	300	9259	97	0.000370	0.165325	0.000370
512	9500	301	9005	79	0.000301	0.157726	0.000301
512	9500	302	9018	95	0.000362	0.161949	0.000362
512	9500	303	9093	80	0.000305	0.166595	0.000305
512	9500	304	9009	110	0.000420	0.163132	0.000420
512	9500	305	9088	101	0.000385	0.163795	0.000385
512	9500	306	9095	92	0.000351	0.162010	0.000351
512	9500	307	8930	114	0.000435	0.157177	0.000435
512	9500	308	8906	77	0.000294	0.154186	0.000294
512	9500	309	8857	101	0.000385	0.162155	0.000385
512	9500	310	9048	115	0.000439	0.162327	0.000439
512	9500	311	8990	87	0.000332	0.160534	0.000332
512	9500	312	8987	127	0.000484	0.159794	0.000484
512	9500	313	9013	103	0.000393	0.158607	0.000393
512	9500	314	9159	99	0.000378	0.162327	0.000378
512	9500	315	9010	80	0.000305	0.160774	0.000305
512	9500	316	8940	76	0.000290	0.157059	0.000290
512	9500	317	8970	82	0.000313	0.158730	0.000313
512	9500	318	9126	115	0.000439	0.164452	0.000439
512	9500	319	9077	114	0.000435	0.161358	0.000435
512	9500	320	8813	71	0.000271	0.158184	0.000271
512	9500	321	9043	96	0.000366	0.161308	0.000366
512	9500	322	9036	87	0.000332	0.166164	0.000332
512	9500	323	8846	79	0.000301	0.160431	0.000301
512	9500	324	9109	84	0.000320	0.162621	0.000320
512	9500	325	9020	91	0.000347	0.157131	0.000347
512	9500	326	9026	76	0.000290	0.157814	0.000290
512	9500	327	9091	91	0.000347	0.162361	0.000347
512	9500	328	8738	102	0.000389	0.158867	0.000389
512	9500	329	8928	117	0.000446	0.162685	0.000446
512	9500	330	8998	86	0.000328	0.161064	0.000328
512	9500	331	9130	74	0.000282	0.161327	0.000282
512	9500	332	9177	80	0.000305	0.161053	0.000305
512	9500	333	9011	100	0.000381	0.159256	0.000381
512	9500	334	8981	87	0.000332	0.156445	0.000332
512	9500	335	9046	91	0.000347	0.163071	0.000347
512	9500	336	9102	85	0.000324	0.159267	0.000324
512	9500	337	8981	84	0.000320	0.158962	0.000320
512	9500	338	9159	86	0.000328	0.163223	0.000328
512	9500	339	9016	104	0.000397	0.165424	0.000397
512	9500	340	9003	137	0.000523	0.162983	0.000523
512	9500	341	8791	81	0.000309	0.159096	0.000309
512	9500	342	9106	69	0.000263	0.163742	0.000263
512	9500	343	9028	104	0.000397	0.164764	0.000397
512	9500	344	9264	84	0.000320	0.164131	0.000320
512	9500	345	9207	71	0.000271	0.165901	0.000271
512	9500	346	8887	142	0.000542	0.157711	0.000542
512	9500	347	8949	98	0.000374	0.160690	0.000374
512	9500	348	8833	87	0.000332	0.158356	0.000332
512	9500	349	8948	78	0.000298	0.160061	0.000298
512	9500	350	9047	77	0.000294	0.163261	0.000294
512	9500	351	9254	69	0.000263	0.167320	0.000263
512	9500	352	8983	116	0.000443	0.162483	0.000443
512	9500	353	9071	106	0.000404	0.164692	0.000404
512	9500	354	9002	74	0.000282	0.158298	0.000282
512	9500	355	9188	73	0.000278	0.165054	0.000278
512	9500	356	8869	113	0.000431	0.158768	0.000431
512	9500	357	9056	108	0.000412	0.158562	0.000412
512	9500	358	9155	93	0.000355	0.163631	0.000355
512	9500	359	8950	80	0.000305	0.161842	0.000305
512	9500	360	8933	80	0.000305	0.161335	0.000305
512	9500	361	8934	85	0.000324	0.159672	0.000324
512	9500	362	8911	109	0.000416	0.155743	0.000416
512	9500	363	9057	85	0.000324	0.166306	0.000324
512	9500	364	8994	95	0.000362	0.162605	0.000362
512	9500	365	9051	89	0.000340	0.159969	0.000340
512	9500	366	9049	79	0.000301	0.164555	0.000301
512	9500	367	8839	86	0.000328	0.161957	0.000328
512	9500	368	8871	75	0.000286	0.158337	0.000286
512	9500	369	9051	108	0.000412	0.162262	0.000412
512	9500	370	9160	80	0.000305	0.159988	0.000305
512	9500	371	8993	97	0.000370	0.161465	0.000370
512	9500	372	8818	126	0.000481	0.158062	0.000481
512	9500	373	9012	81	0.000309	0.163574	0.000309
512	9500	374	8996	137	0.000523	0.163895	0.000523
512	9500	375	8975	93	0.000355	0.159481	0.000355
512	9500	376	8967	95	0.000362	0.159458	0.000362
512	9500	377	9138	80	0.000305	0.161983	0.000305
512	9500	378	8981	110	0.000420	0.159008	0.000420
512	9500	379	8953	100	0.000381	0.160320	0.000381
512	9500	380	9009	75	0.000286	0.163307	0.000286
512	9500	381	8888	142	0.000542	0.155418	0.000542
512	9500	382	8852	110	0.000420	0.159157	0.000420
512	9500	383	9106	103	0.000393	0.159321	0.000393
512	9500	384	8700	150	0.000572	0.158680	0.000572
512	9500	385	9250	93	0.000355	0.163677	0.000355
512	9500	386	8951	95	0.000362	0.159767	0.000362
512	9500	387	8883	96	0.000366	0.160755	0.000366
512	9500	388	9027	96	0.000366	0.166775	0.000366
512	9500	389	9017	114	0.000435	0.159969	0.000435
512	9500	390	8779	57	0.000217	0.155056	0.000217
512	9500	391	9046	84	0.000320	0.162514	0.000320
512	9500	392	9263	113	0.000431	0.165337	0.000431
512	9500	393	8817	68	0.000259	0.155285	0.000259
512	9500	394	9282	88	0.000336	0.158852	0.000336
512	9500	395	9297	72	0.000275	0.166077	0.000275
512	9500	396	8925	84	0.000320	0.156021	0.000320
512	9500	397	9063	132	0.000504	0.164909	0.000504
512	9500	398	8827	92	0.000351	0.161652	0.000351
512	9500	399	8936	109	0.000416	0.160271	0.000416
512	9500	400	9119	77	0.000294	0.161133	0.000294
512	9500	401	8985	82	0.000313	0.160152	0.000313
512	9500	402	8863	110	0.000420	0.160458	0.000420
512	9500	403	9016	96	0.000366	0.159859	0.000366
512	9500	404	9036	84	0.000320	0.160721	0.000320
512	9500	405	8959	66	0.000252	0.158363	0.000252
512	9500	406	9138	98	0.000374	0.163219	0.000374
512	9500	407	8884	60	0.000229	0.159904	0.000229
512	9500	408	8932	159	0.000607	0.161674	0.000607
512	9500	409	8980	89	0.000340	0.163414	0.000340
512	9500	410	8915	70	0.000267	0.160000	0.000267
512	9500	411	9041	87	0.000332	0.160748	0.000332
512	9500	412	8962	70	0.000267	0.162941	0.000267
512	9500	413	8945	68	0.000259	0.157722	0.000259
512	9500	414	8927	65	0.000248	0.154499	0.000248
512	9500	415	8934	76	0.000290	0.159248	0.000290
512	9500	416	8961	105	0.000401	0.158279	0.000401
512	9500	417	9164	77	0.000294	0.163315	0.000294
512	9500	418	8820	77	0.000294	0.157139	0.000294
512	9500	419	9067	79	0.000301	0.162601	0.000301
512	9500	420	9068	74	0.000282	0.161842	0.000282
512	9500	421	8893	78	0.000298	0.159073	0.000298
512	9500	422	8939	97	0.000370	0.165588	0.000370
512	9500	423	8921	105	0.000401	0.164024	0.000401
512	9500	424	8820	86	0.000328	0.163162	0.000328
512	9500	425	9024	103	0.000393	0.159622	0.000393
512	9500	426	8869	84	0.000320	0.158096	0.000320
512	9500	427	9159	67	0.000256	0.163387	0.000256
512	9500	428	8880	97	0.000370	0.163185	0.000370
512	9500	429	9079	135	0.000515	0.159302	0.000515
512	9500	430	9069	85	0.000324	0.155212	0.000324
512	9500	431	9057	114	0.000435	0.158527	0.000435
512	9500	432	9075	77	0.000294	0.161003	0.000294
512	9500	433	9149	132	0.000504	0.161507	0.000504
512	9500	434	8907	79	0.000301	0.156445	0.000301
512	9500	435	8860	74	0.000282	0.155365	0.000282
512	9500	436	8924	94	0.000359	0.158295	0.000359
512	9500	437	8958	78	0.000298	0.159992	0.000298
512	9500	438	8921	72	0.000275	0.158623	0.000275
512	9500	439	9070	118	0.000450	0.164627	0.000450
512	9500	440	8957	104	0.000397	0.158764	0.000397
512	9500	441	9014	77	0.000294	0.158806	0.000294
512	9500	442	9157	74	0.000282	0.162754	0.000282
512	9500	443	9036	82	0.000313	0.160343	0.000313
512	9500	444	9024	70	0.000267	0.158283	0.000267
512	9500	445	8957	74	0.000282	0.159733	0.000282
512	9500	446	8855	93	0.000355	0.159939	0.000355
512	9500	447	9009	79	0.000301	0.161743	0.000301
512	9500	448	8895	80	0.000305	0.159065	0.000305
512	9500	449	9002	111	0.000423	0.159554	0.000423
512	9500	450	8738	78	0.000298	0.155117	0.000298
512	9500	451	9099	89	0.000340	0.162857	0.000340
512	9500	452	9170	78	0.000298	0.162262	0.000298
512	9500	453	9026	95	0.000362	0.161926	0.000362
512	9500	454	9015	107	0.000408	0.163792	0.000408
512	9500	455	8959	89	0.000340	0.156681	0.000340
512	9500	456	9115	77	0.000294	0.163910	0.000294
512	9500	457	8788	73	0.000278	0.156452	0.000278
512	9500	458	8887	100	0.000381	0.158722	0.000381
512	9500	459	9031	105	0.000401	0.161964	0.000401
512	9500	460	8854	86	0.000328	0.161819	0.000328
512	9500	461	8740	77	0.000294	0.159370	0.000294
512	9500	462	9201	65	0.000248	0.163887	0.000248
512	9500	463	8930	136	0.000519	0.158756	0.000519
512	9500	464	9042	74	0.000282	0.167606	0.000282
512	9500	465	8814	86	0.000328	0.155579	0.000328
512	9500	466	9009	103	0.000393	0.158703	0.000393
512	9500	467	9184	94	0.000359	0.166149	0.000359
512	9500	468	8809	80	0.000305	0.164017	0.000305
512	9500	469	9056	102	0.000389	0.159306	0.000389
512	9500	470	9157	85	0.000324	0.166172	0.000324
512	9500	471	9097	72	0.000275	0.162113	0.000275
512	9500	472	8908	75	0.000286	0.158848	0.000286
512	9500	473	8940	152	0.000580	0.160271	0.000580
512	9500	474	9176	182	0.000694	0.162910	0.000694
512	9500	475	9072	81	0.000309	0.163555	0.000309
512	9500	476	8896	64	0.000244	0.159027	0.000244
512	9500	477	8866	117	0.000446	0.158649	0.000446
512	9500	478	9015	125	0.000477	0.164272	0.000477
512	9500	479	8743	145	0.000553	0.157555	0.000553
512	9500	480	9046	108	0.000412	0.160999	0.000412
512	9500	481	9004	96	0.000366	0.159805	0.000366
512	9500	482	8906	81	0.000309	0.159607	0.000309
512	9500	483	9054	68	0.000259	0.160080	0.000259
512	9500	484	8996	88	0.000336	0.162334	0.000336
512	9500	485	9106	67	0.000256	0.158245	0.000256
512	9500	486	8971	72	0.000275	0.157909	0.000275
512	9500	487	8908	72	0.000275	0.162750	0.000275
512	9500	488	8989	67	0.000256	0.156834	0.000256
512	9500	489	9187	77	0.000294	0.164448	0.000294
512	9500	490	9052	76	0.000290	0.160824	0.000290
512	9500	491	9225	80	0.000305	0.167767	0.000305
512	9500	492	8860	80	0.000305	0.159939	0.000305
512	9500	493	8946	83	0.000317	0.160938	0.000317
512	9500	494	9005	91	0.000347	0.164799	0.000347
512	9500	495	8741	96	0.000366	0.159203	0.000366
512	9500	496	8781	79	0.000301	0.161472	0.000301
512	9500	497	9035	79	0.000301	0.160549	0.000301
512	9500	498	9182	66	0.000252	0.163658	0.000252
512	9500	499	8867	130	0.000496	0.158455	0.000496
512	9500	500	9037	85	0.000324	0.160534	0.000324
512	9500	501	8766	94	0.000359	0.154083	0.000359
512	9500	502	8955	72	0.000275	0.160145	0.000275
512	9500	503	9199	120	0.000458	0.162235	0.000458
512	9500	504	9229	74	0.000282	0.162022	0.000282
512	9500	505	9005	114	0.000435	0.160637	0.000435
512	9500	506	8968	80	0.000305	0.158562	0.000305
512	9500	507	8968	89	0.000340	0.155106	0.000340
512	9500	508	9074	120	0.000458	0.159615	0.000458
512	9500	509	8988	83	0.000317	0.158443	0.000317
512	9500	510	8934	79	0.000301	0.156002	0.000301
512	9500	511	9040	96	0.000366	0.164463	0.000366
512	9500	512	9123	107	0.000408	0.160748	0.000408
512	9500	513	8762	92	0.000351	0.157082	0.000351
512	9500	514	9147	118	0.000450	0.166920	0.000450
512	9500	515	9181	79	0.000301	0.161858	0.000301
512	9500	516	8813	72	0.000275	0.159969	0.000275
512	9500	517	8747	75	0.000286	0.156803	0.000286
512	9500	518	9072	73	0.000278	0.164841	0.000278
512	9500	519	9122	113	0.000431	0.163975	0.000431
512	9500	520	8881	107	0.000408	0.163265	0.000408
512	9500	521	8985	98	0.000374	0.163227	0.000374
512	9500	522	8983	75	0.000286	0.159229	0.000286
512	9500	523	9140	107	0.000408	0.163292	0.000408
512	9500	524	8876	121	0.000462	0.160660	0.000462
512	9500	525	8898	78	0.000298	0.159477	0.000298
512	9500	526	8997	99	0.000378	0.161568	0.000378
512	9500	527	8773	111	0.000423	0.155720	0.000423
512	9500	528	8954	69	0.000263	0.164013	0.000263
512	9500	529	8985	89	0.000340	0.158916	0.000340
512	9500	530	8934	84	0.000320	0.155560	0.000320
512	9500	531	8940	118	0.000450	0.163311	0.000450
512	9500	532	8996	95	0.000362	0.161858	0.000362
512	9500	533	9150	111	0.000423	0.165852	0.000423
512	9500	534	8882	139	0.000530	0.159611	0.000530
512	9500	535	8969	88	0.000336	0.163803	0.000336
512	9500	536	8855	83	0.000317	0.157104	0.000317
512	9500	537	8959	111	0.000423	0.161461	0.000423
512	9500	538	9034	92	0.000351	0.169533	0.000351
512	9500	539	9001	63	0.000240	0.160225	0.000240
512	9500	540	9137	84	0.000320	0.168545	0.000320
512	9500	541	8881	86	0.000328	0.156013	0.000328
512	9500	542	9029	93	0.000355	0.158890	0.000355
512	9500	543	8755	103	0.000393	0.159019	0.000393
512	9500	544	9177	160	0.000610	0.161003	0.000610
512	9500	545	8993	113	0.000431	0.158531	0.000431
512	9500	546	8929	108	0.000412	0.160896	0.000412
512	9500	547	9234	94	0.000359	0.168896	0.000359
512	9500	548	9048	104	0.000397	0.162647	0.000397
512	9500	549	9052	84	0.000320	0.162064	0.000320
512	9500	550	9051	89	0.000340	0.162548	0.000340
512	9500	551	9019	66	0.000252	0.157341	0.000252
512	9500	552	8817	86	0.000328	0.157436	0.000328
512	9500	553	9068	92	0.000351	0.159618	0.000351
512	9500	554	8836	118	0.000450	0.160141	0.000450
512	9500	555	8970	113	0.000431	0.165092	0.000431
512	9500	556	9146	68	0.000259	0.163177	0.000259
512	9500	557	9090	74	0.000282	0.158047	0.000282
512	9500	558	9009	95	0.000362	0.160011	0.000362
512	9500	559	9134	77	0.000294	0.161125	0.000294
512	9500	560	9092	101	0.000385	0.167351	0.000385
512	9500	561	9009	60	0.000229	0.159534	0.000229
512	9500	562	9152	93	0.000355	0.165203	0.000355
512	9500	563	9175	86	0.000328	0.165619	0.000328
512	9500	564	9012	128	0.000488	0.160240	0.000488
512	9500	565	9076	64	0.000244	0.159054	0.000244
512	9500	566	9220	123	0.000469	0.163452	0.000469
512	9500	567	9019	88	0.000336	0.163082	0.000336
512	9500	568	9121	100	0.000381	0.159248	0.000381
512	9500	569	8898	93	0.000355	0.158844	0.000355
512	9500	570	9001	99	0.000378	0.161953	0.000378
512	9500	571	9184	147	0.000561	0.165409	0.000561
512	9500	572	8833	85	0.000324	0.156078	0.000324
512	9500	573	8777	91	0.000347	0.157261	0.000347
512	9500	574	8840	78	0.000298	0.156120	0.000298
512	9500	575	9002	103	0.000393	0.158260	0.000393
512	9500	576	8931	112	0.000427	0.157146	0.000427
512	9500	577	8989	78	0.000298	0.163277	0.000298
512	9500	578	9051	112	0.000427	0.164513	0.000427
512	9500	579	9066	71	0.000271	0.159996	0.000271
512	9500	580	8961	97	0.000370	0.161999	0.000370
512	9500	581	8969	114	0.000435	0.160908	0.000435
512	9500	582	9013	157	0.000599	0.164383	0.000599
512	9500	583	8924	86	0.000328	0.158470	0.000328
512	9500	584	8946	88	0.000336	0.162861	0.000336
512	9500	585	8989	76	0.000290	0.156624	0.000290
512	9500	586	9094	66	0.000252	0.159290	0.000252
512	9500	587	9184	92	0.000351	0.167171	0.000351
512	9500	588	9044	75	0.000286	0.163082	0.000286
512	9500	589	8977	101	0.000385	0.161179	0.000385
512	9500	590	8990	68	0.000259	0.158676	0.000259
512	9500	591	8987	100	0.000381	0.161606	0.000381
512	9500	592	8956	86	0.000328	0.160572	0.000328
512	9500	593	9121	130	0.000496	0.165268	0.000496
512	9500	594	8998	82	0.000313	0.163597	0.000313
512	9500	595	9177	79	0.000301	0.165695	0.000301
512	9500	596	8937	96	0.000366	0.163239	0.000366
512	9500	597	9202	106	0.000404	0.165150	0.000404
512	9500	598	8768	77	0.000294	0.160477	0.000294
512	9500	599	9189	74	0.000282	0.162827	0.000282
512	9500	600	8999	94	0.000359	0.157146	0.000359
512	9500	601	8990	78	0.000298	0.158024	0.000298
512	9500	602	9055	83	0.000317	0.164455	0.000317
512	9500	603	9099	90	0.000343	0.164745	0.000343
512	9500	604	8964	107	0.000408	0.154068	0.000408
512	9500	605	9134	68	0.000259	0.162601	0.000259
512	9500	606	8802	130	0.000496	0.162140	0.000496
512	9500	607	8960	95	0.000362	0.155872	0.000362
512	9500	608	8916	140	0.000534	0.158848	0.000534
512	9500	609	8969	85	0.000324	0.160168	0.000324
512	9500	610	8840	78	0.000298	0.153816	0.000298
512	9500	611	9175	86	0.000328	0.159779	0.000328
512	9500	612	9018	85	0.000324	0.161797	0.000324
512	9500	613	8939	97	0.000370	0.157719	0.000370
512	9500	614	9052	118	0.000450	0.160458	0.000450
512	9500	615	9135	93	0.000355	0.162655	0.000355
512	9500	616	9021	251	0.000957	0.165779	0.000957
512	9500	617	8882	74	0.000282	0.159161	0.000282
512	9500	618	8938	118	0.000450	0.163887	0.000450
512	9500	619	8948	152	0.000580	0.165852	0.000580
512	9500	620	9177	77	0.000294	0.161285	0.000294
512	9500	621	8908	111	0.000423	0.160309	0.000423
512	9500	622	9077	127	0.000484	0.162815	0.000484
512	9500	623	8999	75	0.000286	0.162117	0.000286
512	9500	624	9207	77	0.000294	0.163586	0.000294
512	9500	625	8904	82	0.000313	0.162376	0.000313
512	9500	626	9039	114	0.000435	0.164268	0.000435
512	9500	627	9033	100	0.000381	0.162003	0.000381
512	9500	628	8986	81	0.000309	0.161068	0.000309
512	9500	629	8973	79	0.000301	0.159477	0.000301
512	9500	630	9139	90	0.000343	0.159893	0.000343
512	9500	631	8986	118	0.000450	0.157219	0.000450
512	9500	632	8813	83	0.000317	0.160114	0.000317
512	9500	633	9002	107	0.000408	0.159702	0.000408
512	9500	634	9088	86	0.000328	0.163414	0.000328
512	9500	635	8850	93	0.000355	0.156521	0.000355
512	9500	636	8960	72	0.000275	0.162426	0.000275
512	9500	637	8960	100	0.000381	0.158497	0.000381
512	9500	638	8867	70	0.000267	0.157784	0.000267
512	9500	639	9025	81	0.000309	0.161701	0.000309
512	9500	640	8991	124	0.000473	0.162567	0.000473
512	9500	641	9004	92	0.000351	0.160690	0.000351
512	9500	642	9120	146	0.000557	0.162323	0.000557
512	9500	643	8954	69	0.000263	0.164314	0.000263
512	9500	644	8914	83	0.000317	0.163582	0.000317
512	9500	645	9058	117	0.000446	0.157703	0.000446
512	9500	646	8881	90	0.000343	0.151993	0.000343
512	9500	647	9154	82	0.000313	0.160061	0.000313
512	9500	648	9134	104	0.000397	0.164944	0.000397
512	9500	649	9050	96	0.000366	0.166039	0.000366
512	9500	650	9172	128	0.000488	0.161060	0.000488
512	9500	651	8979	84	0.000320	0.161633	0.000320
512	9500	652	9108	89	0.000340	0.158585	0.000340
512	9500	653	8990	149	0.000568	0.160332	0.000568
512	9500	654	9113	122	0.000465	0.168098	0.000465
512	9500	655	8888	107	0.000408	0.159756	0.000408
512	9500	656	9052	73	0.000278	0.157078	0.000278
512	9500	657	8841	80	0.000305	0.155571	0.000305
512	9500	658	8629	82	0.000313	0.156624	0.000313
512	9500	659	8821	58	0.000221	0.154118	0.000221
512	9500	660	9066	90	0.000343	0.158268	0.000343
512	9500	661	9081	196	0.000748	0.163887	0.000748
512	9500	662	8986	136	0.000519	0.162685	0.000519
512	9500	663	9028	102	0.000389	0.158081	0.000389
512	9500	664	9067	106	0.000404	0.161476	0.000404
512	9500	665	8988	77	0.000294	0.158363	0.000294
512	9500	666	9036	65	0.000248	0.163761	0.000248
512	9500	667	9005	96	0.000366	0.160831	0.000366
512	9500	668	9008	97	0.000370	0.158466	0.000370
512	9500	669	9213	98	0.000374	0.167648	0.000374
512	9500	670	9206	72	0.000275	0.159206	0.000275
512	9500	671	9084	67	0.000256	0.160725	0.000256
512	9500	672	9193	85	0.000324	0.163193	0.000324
512	9500	673	9224	99	0.000378	0.162247	0.000378
512	9500	674	9080	86	0.000328	0.167149	0.000328
512	9500	675	9091	88	0.000336	0.157658	0.000336
512	9500	676	8822	183	0.000698	0.161282	0.000698
512	9500	677	8869	76	0.000290	0.161083	0.000290
512	9500	678	8994	85	0.000324	0.159779	0.000324
512	9500	679	9009	90	0.000343	0.160603	0.000343
512	9500	680	9006	86	0.000328	0.158527	0.000328
512	9500	681	8821	91	0.000347	0.158493	0.000347
512	9500	682	9162	74	0.000282	0.162418	0.000282
512	9500	683	8898	106	0.000404	0.163219	0.000404
512	9500	684	9090	78	0.000298	0.160412	0.000298
512	9500	685	8913	102	0.000389	0.158222	0.000389
512	9500	686	8956	87	0.000332	0.163933	0.000332
512	9500	687	9142	82	0.000313	0.157162	0.000313
512	9500	688	8889	86	0.000328	0.161869	0.000328
512	9500	689	9092	74	0.000282	0.162964	0.000282
512	9500	690	9021	82	0.000313	0.162979	0.000313
512	9500	691	9073	77	0.000294	0.158695	0.000294
512	9500	692	9003	64	0.000244	0.162895	0.000244
512	9500	693	8980	73	0.000278	0.159176	0.000278
512	9500	694	9097	117	0.000446	0.161293	0.000446
512	9500	695	8887	75	0.000286	0.156643	0.000286
512	9500	696	8957	72	0.000275	0.158607	0.000275
512	9500	697	8996	102	0.000389	0.163239	0.000389
512	9500	698	8924	71	0.000271	0.159206	0.000271
512	9500	699	8972	106	0.000404	0.161980	0.000404
512	9500	700	9067	89	0.000340	0.164772	0.000340
512	9500	701	9059	75	0.000286	0.161674	0.000286
512	9500	702	9014	80	0.000305	0.160477	0.000305
512	9500	703	9040	98	0.000374	0.161121	0.000374
512	9500	704	8758	71	0.000271	0.159546	0.000271
512	9500	705	8918	67	0.000256	0.158833	0.000256
512	9500	706	9013	60	0.000229	0.155491	0.000229
512	9500	707	9037	70	0.000267	0.157360	0.000267
512	9500	708	9008	78	0.000298	0.165913	0.000298
512	9500	709	9123	124	0.000473	0.165894	0.000473
512	9500	710	9060	77	0.000294	0.163185	0.000294
512	9500	711	9087	75	0.000286	0.164730	0.000286
512	9500	712	9048	94	0.000359	0.158546	0.000359
512	9500	713	9124	90	0.000343	0.161049	0.000343
512	9500	714	8940	79	0.000301	0.160721	0.000301
512	9500	715	8855	96	0.000366	0.157566	0.000366
512	9500	716	9052	63	0.000240	0.159134	0.000240
512	9500	717	8915	77	0.000294	0.155964	0.000294
512	9500	718	8731	103	0.000393	0.156319	0.000393
512	9500	719	8956	79	0.000301	0.162674	0.000301
512	9500	720	9053	83	0.000317	0.159775	0.000317
512	9500	721	9002	97	0.000370	0.158634	0.000370
512	9500	722	8926	74	0.000282	0.161919	0.000282
512	9500	723	8991	88	0.000336	0.158272	0.000336
512	9500	724	9152	130	0.000496	0.169750	0.000496
512	9500	725	9206	125	0.000477	0.162247	0.000477
512	9500	726	9175	77	0.000294	0.163128	0.000294
512	9500	727	9133	109	0.000416	0.161366	0.000416
512	9500	728	8976	83	0.000317	0.158272	0.000317
512	9500	729	9073	119	0.000454	0.162380	0.000454
512	9500	730	8993	97	0.000370	0.165508	0.000370
512	9500	731	9072	61	0.000233	0.161259	0.000233
512	9500	732	9023	87	0.000332	0.163795	0.000332
512	9500	733	9025	99	0.000378	0.165241	0.000378
512	9500	734	9038	71	0.000271	0.158207	0.000271
512	9500	735	9025	88	0.000336	0.162663	0.000336
512	9500	736	8900	72	0.000275	0.157730	0.000275
512	9500	737	8902	96	0.000366	0.154972	0.000366
512	9500	738	9066	99	0.000378	0.160362	0.000378
512	9500	739	8865	81	0.000309	0.158142	0.000309
512	9500	740	9003	109	0.000416	0.156521	0.000416
512	9500	741	9010	63	0.000240	0.161472	0.000240
512	9500	742	9119	83	0.000317	0.166855	0.000317
512	9500	743	9095	113	0.000431	0.163147	0.000431
512	9500	744	9197	78	0.000298	0.162689	0.000298
512	9500	745	9161	122	0.000465	0.163193	0.000465
512	9500	746	9095	90	0.000343	0.158508	0.000343
512	9500	747	9045	110	0.000420	0.165493	0.000420
512	9500	748	9118	71	0.000271	0.163261	0.000271
512	9500	749	8804	79	0.000301	0.155846	0.000301
512	9500	750	8924	79	0.000301	0.155361	0.000301
512	9500	751	8921	84	0.000320	0.157627	0.000320
512	9500	752	8876	81	0.000309	0.158180	0.000309
512	9500	753	9044	69	0.000263	0.162189	0.000263
512	9500	754	8946	107	0.000408	0.161335	0.000408
512	9500	755	9062	64	0.000244	0.158279	0.000244
512	9500	756	9040	74	0.000282	0.162209	0.000282
512	9500	757	8780	77	0.000294	0.156677	0.000294
512	9500	758	9005	93	0.000355	0.160549	0.000355
512	9500	759	9122	88	0.000336	0.165169	0.000336
512	9500	760	8897	82	0.000313	0.160305	0.000313
512	9500	761	8918	74	0.000282	0.157063	0.000282
512	9500	762	8810	89	0.000340	0.154663	0.000340
512	9500	763	9107	72	0.000275	0.163052	0.000275
512	9500	764	8930	83	0.000317	0.161949	0.000317
512	9500	765	8918	85	0.000324	0.154984	0.000324
512	9500	766	8771	89	0.000340	0.156403	0.000340
512	9500	767	9097	74	0.000282	0.161121	0.000282
512	9500	768	8919	83	0.000317	0.157368	0.000317
512	9500	769	8884	87	0.000332	0.156757	0.000332
512	9500	770	9012	89	0.000340	0.156437	0.000340
512	9500	771	8979	98	0.000374	0.161167	0.000374
512	9500	772	9137	72	0.000275	0.162285	0.000275
512	9500	773	9001	94	0.000359	0.161877	0.000359
512	9500	774	8952	80	0.000305	0.161739	0.000305
512	9500	775	9002	102	0.000389	0.161125	0.000389
512	9500	776	9273	93	0.000355	0.168495	0.000355
512	9500	777	9109	121	0.000462	0.164604	0.000462
512	9500	778	9078	88	0.000336	0.162350	0.000336
512	9500	779	9021	79	0.000301	0.159431	0.000301
512	9500	780	8942	88	0.000336	0.163677	0.000336
512	9500	781	8957	97	0.000370	0.160744	0.000370
512	9500	782	8840	94	0.000359	0.159794	0.000359
512	9500	783	8832	62	0.000237	0.156990	0.000237
512	9500	784	8971	66	0.000252	0.161297	0.000252
512	9500	785	9122	93	0.000355	0.162868	0.000355
512	9500	786	8797	77	0.000294	0.156898	0.000294
512	9500	787	9052	137	0.000523	0.166073	0.000523
512	9500	788	8667	87	0.000332	0.156898	0.000332
512	9500	789	8916	66	0.000252	0.158176	0.000252
512	9500	790	9100	91	0.000347	0.164387	0.000347
512	9500	791	8947	83	0.000317	0.160702	0.000317
512	9500	792	9029	80	0.000305	0.161320	0.000305
512	9500	793	8770	145	0.000553	0.156231	0.000553
512	9500	794	8950	100	0.000381	0.160427	0.000381
512	9500	795	8930	90	0.000343	0.159218	0.000343
512	9500	796	8999	103	0.000393	0.162685	0.000393
512	9500	797	9263	64	0.000244	0.163033	0.000244
512	9500	798	8969	89	0.000340	0.163502	0.000340
512	9500	799	9096	100	0.000381	0.160645	0.000381
512	9500	800	9126	131	0.000500	0.164223	0.000500
512	9500	801	9370	94	0.000359	0.168007	0.000359
512	9500	802	8912	71	0.000271	0.163460	0.000271
512	9500	803	8838	76	0.000290	0.161217	0.000290
512	9500	804	9039	72	0.000275	0.159378	0.000275
512	9500	805	9010	86	0.000328	0.159492	0.000328
512	9500	806	9124	117	0.000446	0.164413	0.000446
512	9500	807	8926	134	0.000511	0.158180	0.000511
512	9500	808	8723	121	0.000462	0.158962	0.000462
512	9500	809	9280	94	0.000359	0.163773	0.000359
512	9500	810	8893	127	0.000484	0.157730	0.000484
512	9500	811	9060	128	0.000488	0.158501	0.000488
512	9500	812	8942	88	0.000336	0.158081	0.000336
512	9500	813	9245	73	0.000278	0.162849	0.000278
512	9500	814	9067	90	0.000343	0.162327	0.000343
512	9500	815	8974	79	0.000301	0.158325	0.000301
512	9500	816	8935	60	0.000229	0.158390	0.000229
512	9500	817	9026	87	0.000332	0.163578	0.000332
512	9500	818	9110	68	0.000259	0.161572	0.000259
512	9500	819	8962	55	0.000210	0.158428	0.000210
512	9500	820	9040	83	0.000317	0.160114	0.000317
512	9500	821	8886	103	0.000393	0.154819	0.000393
512	9500	822	8940	79	0.000301	0.161430	0.000301
512	9500	823	8821	101	0.000385	0.161549	0.000385
512	9500	824	8797	118	0.000450	0.157513	0.000450
512	9500	825	8914	74	0.000282	0.155285	0.000282
512	9500	826	9106	81	0.000309	0.161400	0.000309
512	9500	827	9141	104	0.000397	0.164154	0.000397
512	9500	828	9073	62	0.000237	0.162270	0.000237
512	9500	829	9061	83	0.000317	0.161915	0.000317
512	9500	830	9123	80	0.000305	0.160843	0.000305
512	9500	831	9002	111	0.000423	0.161110	0.000423
512	9500	832	9082	89	0.000340	0.163422	0.000340
512	9500	833	8785	75	0.000286	0.155907	0.000286
512	9500	834	9165	97	0.000370	0.165188	0.000370
512	9500	835	8862	76	0.000290	0.159214	0.000290
512	9500	836	8946	87	0.000332	0.161114	0.000332
512	9500	837	8935	84	0.000320	0.160397	0.000320
512	9500	838	9025	88	0.000336	0.159775	0.000336
512	9500	839	8954	140	0.000534	0.159569	0.000534
512	9500	840	8910	72	0.000275	0.157181	0.000275
512	9500	841	9084	132	0.000504	0.162224	0.000504
512	9500	842	9092	94	0.000359	0.160397	0.000359
512	9500	843	8928	72	0.000275	0.158585	0.000275
512	9500	844	9015	85	0.000324	0.160259	0.000324
512	9500	845	9094	86	0.000328	0.162464	0.000328
512	9500	846	8986	73	0.000278	0.161476	0.000278
512	9500	847	8927	71	0.000271	0.159801	0.000271
512	9500	848	9007	82	0.000313	0.160175	0.000313
512	9500	849	9050	142	0.000542	0.165977	0.000542
512	9500	850	8970	81	0.000309	0.161095	0.000309
512	9500	851	8971	89	0.000340	0.159641	0.000340
512	9500	852	9058	89	0.000340	0.161903	0.000340
512	9500	853	9175	91	0.000347	0.163948	0.000347
512	9500	854	9114	84	0.000320	0.162670	0.000320
512	9500	855	8963	76	0.000290	0.159534	0.000290
512	9500	856	9111	83	0.000317	0.161961	0.000317
512	9500	857	8933	72	0.000275	0.159542	0.000275
512	9500	858	8977	88	0.000336	0.159538	0.000336
512	9500	859	9074	89	0.000340	0.162872	0.000340
512	9500	860	9099	75	0.000286	0.161488	0.000286
512	9500	861	9108	83	0.000317	0.165394	0.000317
512	9500	862	8924	78	0.000298	0.159550	0.000298
512	9500	863	9150	81	0.000309	0.162540	0.000309
512	9500	864	9087	73	0.000278	0.163418	0.000278
512	9500	865	8839	73	0.000278	0.155003	0.000278
512	9500	866	9042	79	0.000301	0.161598	0.000301
512	9500	867	8664	84	0.000320	0.157597	0.000320
512	9500	868	8926	98	0.000374	0.162457	0.000374
512	9500	869	8988	70	0.000267	0.160599	0.000267
512	9500	870	9077	106	0.000404	0.160988	0.000404
512	9500	871	9051	96	0.000366	0.161453	0.000366
512	9500	872	8906	83	0.000317	0.160366	0.000317
512	9500	873	9202	78	0.000298	0.161823	0.000298
512	9500	874	9291	82	0.000313	0.166145	0.000313
512	9500	875	9044	67	0.000256	0.163605	0.000256
512	9500	876	9041	83	0.000317	0.160469	0.000317
512	9500	877	8837	74	0.000282	0.152573	0.000282
512	9500	878	9049	103	0.000393	0.168232	0.000393
512	9500	879	8960	68	0.000259	0.160217	0.000259
512	9500	880	8857	102	0.000389	0.159004	0.000389
512	9500	881	8937	91	0.000347	0.163738	0.000347
512	9500	882	8958	86	0.000328	0.157551	0.000328
512	9500	883	8865	99	0.000378	0.162624	0.000378
512	9500	884	8836	79	0.000301	0.160164	0.000301
512	9500	885	9068	88	0.000336	0.161785	0.000336
512	9500	886	8997	77	0.000294	0.160347	0.000294
512	9500	887	8972	81	0.000309	0.161533	0.000309
512	9500	888	8988	86	0.000328	0.160275	0.000328
512	9500	889	8881	88	0.000336	0.158661	0.000336
512	9500	890	8791	84	0.000320	0.162285	0.000320
512	9500	891	9034	104	0.000397	0.155373	0.000397
512	9500	892	8976	103	0.000393	0.160591	0.000393
512	9500	893	8979	78	0.000298	0.160137	0.000298
512	9500	894	8976	85	0.000324	0.162823	0.000324
512	9500	895	9055	92	0.000351	0.156521	0.000351
512	9500	896	9219	81	0.000309	0.169159	0.000309
512	9500	897	8894	116	0.000443	0.160194	0.000443
512	9500	898	9360	132	0.000504	0.164097	0.000504
512	9500	899	9065	154	0.000587	0.162666	0.000587
512	9500	900	9090	167	0.000637	0.162701	0.000637
512	9500	901	9004	92	0.000351	0.159092	0.000351
512	9500	902	8734	71	0.000271	0.156277	0.000271
512	9500	903	9004	78	0.000298	0.159443	0.000298
512	9500	904	9035	86	0.000328	0.162003	0.000328
512	9500	905	8976	71	0.000271	0.156876	0.000271
512	9500	906	9120	98	0.000374	0.162140	0.000374
512	9500	907	9041	93	0.000355	0.160976	0.000355
512	9500	908	9011	111	0.000423	0.162788	0.000423
512	9500	909	8956	121	0.000462	0.160503	0.000462
512	9500	910	8902	86	0.000328	0.155796	0.000328
512	9500	911	9204	91	0.000347	0.168362	0.000347
512	9500	912	9032	81	0.000309	0.159054	0.000309
512	9500	913	8905	87	0.000332	0.161045	0.000332
512	9500	914	9017	90	0.000343	0.163357	0.000343
512	9500	915	9059	75	0.000286	0.159943	0.000286
512	9500	916	9114	90	0.000343	0.161449	0.000343
512	9500	917	8959	97	0.000370	0.160011	0.000370
512	9500	918	8887	102	0.000389	0.160648	0.000389
512	9500	919	9217	73	0.000278	0.162388	0.000278
512	9500	920	9046	82	0.000313	0.161087	0.000313
512	9500	921	9006	98	0.000374	0.161419	0.000374
512	9500	922	9026	77	0.000294	0.161179	0.000294
512	9500	923	8874	86	0.000328	0.156883	0.000328
512	9500	924	8992	84	0.000320	0.163418	0.000320
512	9500	925	9118	75	0.000286	0.163128	0.000286
512	9500	926	9012	74	0.000282	0.162373	0.000282
512	9500	927	9131	77	0.000294	0.162189	0.000294
512	9500	928	8881	109	0.000416	0.156975	0.000416
512	9500	929	9098	81	0.000309	0.157303	0.000309
512	9500	930	9032	62	0.000237	0.160347	0.000237
512	9500	931	8829	73	0.000278	0.161114	0.000278
512	9500	932	9046	85	0.000324	0.161671	0.000324
512	9500	933	9098	101	0.000385	0.161880	0.000385
512	9500	934	9166	79	0.000301	0.159424	0.000301
512	9500	935	9099	114	0.000435	0.165051	0.000435
512	9500	936	8997	103	0.000393	0.162685	0.000393
512	9500	937	9229	73	0.000278	0.163620	0.000278
512	9500	938	9152	87	0.000332	0.166580	0.000332
512	9500	939	8924	80	0.000305	0.162594	0.000305
512	9500	940	9029	77	0.000294	0.163124	0.000294
512	9500	941	8863	74	0.000282	0.157963	0.000282
512	9500	942	8928	68	0.000259	0.158749	0.000259
512	9500	943	9070	114	0.000435	0.165878	0.000435
512	9500	944	8919	92	0.000351	0.161243	0.000351
512	9500	945	9058	68	0.000259	0.161873	0.000259
512	9500	946	8861	88	0.000336	0.154594	0.000336
512	9500	947	9140	108	0.000412	0.161587	0.000412
512	9500	948	9077	102	0.000389	0.163582	0.000389
512	9500	949	8966	78	0.000298	0.160618	0.000298
512	9500	950	9148	87	0.000332	0.163486	0.000332
512	9500	951	8968	68	0.000259	0.160049	0.000259
512	9500	952	8741	68	0.000259	0.152901	0.000259
512	9500	953	9072	92	0.000351	0.156807	0.000351
512	9500	954	9067	105	0.000401	0.163082	0.000401
512	9500	955	9005	104	0.000397	0.163715	0.000397
512	9500	956	8938	82	0.000313	0.158237	0.000313
512	9500	957	8763	111	0.000423	0.158638	0.000423
512	9500	958	9066	83	0.000317	0.162327	0.000317
512	9500	959	8974	84	0.000320	0.157177	0.000320
512	9500	960	9089	65	0.000248	0.164150	0.000248
512	9500	961	8817	112	0.000427	0.154240	0.000427
512	9500	962	9081	68	0.000259	0.161598	0.000259
512	9500	963	9021	109	0.000416	0.159267	0.000416
512	9500	964	9050	96	0.000366	0.160454	0.000366
512	9500	965	9075	75	0.000286	0.162361	0.000286
512	9500	966	8899	61	0.000233	0.155506	0.000233
512	9500	967	9053	75	0.000286	0.163673	0.000286
512	9500	968	8736	73	0.000278	0.154831	0.000278
512	9500	969	9096	98	0.000374	0.160213	0.000374
512	9500	970	8904	105	0.000401	0.158100	0.000401
512	9500	971	9120	67	0.000256	0.162643	0.000256
512	9500	972	8829	99	0.000378	0.155125	0.000378
512	9500	973	8960	86	0.000328	0.165386	0.000328
512	9500	974	9064	61	0.000233	0.161339	0.000233
512	9500	975	9149	125	0.000477	0.163586	0.000477
512	9500	976	9219	67	0.000256	0.162624	0.000256
512	9500	977	8946	71	0.000271	0.163292	0.000271
512	9500	978	9022	75	0.000286	0.158043	0.000286
512	9500	979	9114	122	0.000465	0.163918	0.000465
512	9500	980	8855	105	0.000401	0.161877	0.000401
512	9500	981	8988	71	0.000271	0.156677	0.000271
512	9500	982	8840	201	0.000767	0.157085	0.000767
512	9500	983	9036	88	0.000336	0.164001	0.000336
512	9500	984	9014	271	0.001034	0.163193	0.001034
512	9500	985	9072	119	0.000454	0.164051	0.000454
512	9500	986	9059	81	0.000309	0.157295	0.000309
512	9500	987	9057	81	0.000309	0.161720	0.000309
512	9500	988	9032	118	0.000450	0.163460	0.000450
512	9500	989	9126	157	0.000599	0.158165	0.000599
512	9500	990	9008	80	0.000305	0.163662	0.000305
512	9500	991	8981	113	0.000431	0.165928	0.000431
512	9500	992	9050	82	0.000313	0.166290	0.000313
512	9500	993	9087	85	0.000324	0.167133	0.000324
512	9500	994	9049	125	0.000477	0.162640	0.000477
512	9500	995	8822	86	0.000328	0.158859	0.000328
512	9500	996	8998	106	0.000404	0.162399	0.000404
512	9500	997	9162	146	0.000557	0.165340	0.000557
512	9500	998	8833	77	0.000294	0.157726	0.000294
512	9500	999	9035	90	0.000343	0.157200	0.000343
512	9500	1000	9086	75	0.000286	0.158722	0.000286
