512	9650	2	2	256963	0.980236	0.980240	0.000004
512	9650	3	1	256650	0.979042	0.979042	0.000000
512	9650	4	2	256963	0.980236	0.980240	0.000004
512	9650	5	2	256963	0.980236	0.980240	0.000004
512	9650	6	1	256964	0.980240	0.980240	0.000000
512	9650	7	7	256152	0.977142	0.977211	0.000038
512	9650	8	55	251386	0.958961	0.959759	0.000202
512	9650	9	2	256963	0.980236	0.980240	0.000004
512	9650	10	1	256964	0.980240	0.980240	0.000000
512	9650	11	1	256964	0.980240	0.980240	0.000000
512	9650	12	2	256963	0.980236	0.980240	0.000004
512	9650	13	1	256964	0.980240	0.980240	0.000000
512	9650	14	1	256964	0.980240	0.980240	0.000000
512	9650	15	1	256964	0.980240	0.980240	0.000000
512	9650	16	155	245992	0.938385	0.940666	0.000168
512	9650	17	1	256964	0.980240	0.980240	0.000000
512	9650	18	2	256954	0.980202	0.980206	0.000004
512	9650	19	96	249248	0.950806	0.952541	0.000259
512	9650	20	221	239357	0.913074	0.916470	0.000160
512	9650	21	2	256954	0.980202	0.980206	0.000004
512	9650	22	1	256788	0.979568	0.979568	0.000000
512	9650	23	1	256964	0.980240	0.980240	0.000000
512	9650	24	24	254891	0.972332	0.972488	0.000019
512	9650	25	2	256963	0.980236	0.980240	0.000004
512	9650	26	2	256963	0.980236	0.980240	0.000004
512	9650	27	2	256963	0.980236	0.980240	0.000004
512	9650	28	1	256964	0.980240	0.980240	0.000000
512	9650	29	89	248772	0.948990	0.950420	0.000134
512	9650	30	22	255120	0.973206	0.973553	0.000149
512	9650	31	1	256963	0.980236	0.980236	0.000000
512	9650	32	2	256963	0.980236	0.980240	0.000004
512	9650	33	1	256964	0.980240	0.980240	0.000000
512	9650	34	13	255774	0.975700	0.975857	0.000034
512	9650	35	78	251715	0.960217	0.961819	0.000198
512	9650	36	2	256963	0.980236	0.980240	0.000004
512	9650	37	2	256373	0.977985	0.977989	0.000004
512	9650	38	41	253380	0.966568	0.967239	0.000153
512	9650	39	1	256959	0.980221	0.980221	0.000000
512	9650	40	1	256964	0.980240	0.980240	0.000000
512	9650	41	39	253718	0.967857	0.968327	0.000145
512	9650	42	3	256618	0.978920	0.978928	0.000004
512	9650	43	2	256942	0.980156	0.980160	0.000004
512	9650	44	1	256964	0.980240	0.980240	0.000000
512	9650	45	2	256963	0.980236	0.980240	0.000004
512	9650	46	2	256963	0.980236	0.980240	0.000004
512	9650	47	1	256964	0.980240	0.980240	0.000000
512	9650	48	19	254945	0.972538	0.972790	0.000061
512	9650	49	2	256962	0.980232	0.980236	0.000004
512	9650	50	2	256963	0.980236	0.980240	0.000004
512	9650	51	1	256964	0.980240	0.980240	0.000000
512	9650	52	2	255987	0.976513	0.976517	0.000004
512	9650	53	18	255097	0.973118	0.973347	0.000095
512	9650	54	2	256958	0.980217	0.980221	0.000004
512	9650	55	2	256963	0.980236	0.980240	0.000004
512	9650	56	1	256964	0.980240	0.980240	0.000000
512	9650	57	1	256944	0.980164	0.980164	0.000000
512	9650	58	1	256964	0.980240	0.980240	0.000000
512	9650	59	2	256963	0.980236	0.980240	0.000004
512	9650	60	2	256963	0.980236	0.980240	0.000004
512	9650	61	2	256963	0.980236	0.980240	0.000004
512	9650	62	2	256963	0.980236	0.980240	0.000004
512	9650	63	2	256963	0.980236	0.980240	0.000004
512	9650	64	2	256963	0.980236	0.980240	0.000004
512	9650	65	2	256956	0.980209	0.980213	0.000004
512	9650	66	28	254842	0.972145	0.972588	0.000057
512	9650	67	10	255798	0.975792	0.975910	0.000031
512	9650	68	21	255507	0.974682	0.974922	0.000118
512	9650	69	21	254764	0.971848	0.972061	0.000034
512	9650	70	1	256963	0.980236	0.980236	0.000000
512	9650	71	1	256964	0.980240	0.980240	0.000000
512	9650	72	141	244140	0.931320	0.933731	0.000153
512	9650	73	29	254501	0.970844	0.971107	0.000050
512	9650	74	1	256964	0.980240	0.980240	0.000000
512	9650	75	1	256964	0.980240	0.980240	0.000000
512	9650	76	1	256959	0.980221	0.980221	0.000000
512	9650	77	84	249578	0.952065	0.953617	0.000103
512	9650	78	1	256964	0.980240	0.980240	0.000000
512	9650	79	1	256964	0.980240	0.980240	0.000000
512	9650	80	1	256964	0.980240	0.980240	0.000000
512	9650	81	1	256924	0.980087	0.980087	0.000000
512	9650	82	1	256964	0.980240	0.980240	0.000000
512	9650	83	2	256617	0.978916	0.978920	0.000004
512	9650	84	2	256948	0.980179	0.980183	0.000004
512	9650	85	2	256403	0.978100	0.978119	0.000019
512	9650	86	2	256963	0.980236	0.980240	0.000004
512	9650	87	2	256944	0.980164	0.980167	0.000004
512	9650	88	1	256964	0.980240	0.980240	0.000000
512	9650	89	2	256963	0.980236	0.980240	0.000004
512	9650	90	1	256927	0.980099	0.980099	0.000000
512	9650	91	1	256964	0.980240	0.980240	0.000000
512	9650	92	2	256963	0.980236	0.980240	0.000004
512	9650	93	135	242216	0.923981	0.926212	0.000248
512	9650	94	1	256964	0.980240	0.980240	0.000000
512	9650	95	1	256920	0.980072	0.980072	0.000000
512	9650	96	18	256071	0.976833	0.977005	0.000050
512	9650	97	30	254387	0.970409	0.970673	0.000031
512	9650	98	1	256964	0.980240	0.980240	0.000000
512	9650	99	1	256964	0.980240	0.980240	0.000000
512	9650	100	107	248731	0.948833	0.950909	0.000210
512	9650	101	13	255913	0.976231	0.976360	0.000031
512	9650	102	1	256953	0.980198	0.980198	0.000000
512	9650	103	12	255711	0.975460	0.975525	0.000015
512	9650	104	30	254459	0.970684	0.971230	0.000088
512	9650	105	93	248935	0.949612	0.950981	0.000080
512	9650	106	2	256906	0.980019	0.980022	0.000004
512	9650	107	2	256963	0.980236	0.980240	0.000004
512	9650	108	2	256955	0.980206	0.980209	0.000004
512	9650	109	1	256964	0.980240	0.980240	0.000000
512	9650	110	1	256964	0.980240	0.980240	0.000000
512	9650	111	93	249086	0.950188	0.951824	0.000122
512	9650	112	2	256963	0.980236	0.980240	0.000004
512	9650	113	1	256964	0.980240	0.980240	0.000000
512	9650	114	1	256964	0.980240	0.980240	0.000000
512	9650	115	1	256964	0.980240	0.980240	0.000000
512	9650	116	2	256963	0.980236	0.980240	0.000004
512	9650	117	1	256964	0.980240	0.980240	0.000000
512	9650	118	1	256964	0.980240	0.980240	0.000000
512	9650	119	1	256916	0.980057	0.980057	0.000000
512	9650	120	2	256471	0.978359	0.978363	0.000004
512	9650	121	2	256963	0.980236	0.980240	0.000004
512	9650	122	1	256964	0.980240	0.980240	0.000000
512	9650	123	1	256964	0.980240	0.980240	0.000000
512	9650	124	1	256963	0.980236	0.980236	0.000000
512	9650	125	2	256957	0.980213	0.980217	0.000004
512	9650	126	1	256935	0.980129	0.980129	0.000000
512	9650	127	1	256687	0.979183	0.979183	0.000000
512	9650	128	37	254552	0.971039	0.971840	0.000107
512	9650	129	1	256963	0.980236	0.980236	0.000000
512	9650	130	9	255764	0.975662	0.975742	0.000027
512	9650	131	1	256964	0.980240	0.980240	0.000000
512	9650	132	1	256964	0.980240	0.980240	0.000000
512	9650	133	1	256964	0.980240	0.980240	0.000000
512	9650	134	1	256964	0.980240	0.980240	0.000000
512	9650	135	1	256964	0.980240	0.980240	0.000000
512	9650	136	172	245191	0.935329	0.937771	0.000122
512	9650	137	2	256963	0.980236	0.980240	0.000004
512	9650	138	1	256964	0.980240	0.980240	0.000000
512	9650	139	45	254492	0.970810	0.971298	0.000050
512	9650	140	2	256963	0.980236	0.980240	0.000004
512	9650	141	90	247352	0.943573	0.944981	0.000145
512	9650	142	1	256753	0.979435	0.979435	0.000000
512	9650	143	79	249303	0.951015	0.952293	0.000107
512	9650	144	31	254326	0.970177	0.970772	0.000156
512	9650	145	2	256963	0.980236	0.980240	0.000004
512	9650	146	2	256963	0.980236	0.980240	0.000004
512	9650	147	33	254800	0.971985	0.972397	0.000080
512	9650	148	2	256951	0.980190	0.980194	0.000004
512	9650	149	2	256962	0.980232	0.980236	0.000004
512	9650	150	1	256964	0.980240	0.980240	0.000000
512	9650	151	2	256963	0.980236	0.980240	0.000004
512	9650	152	2	256963	0.980236	0.980240	0.000004
512	9650	153	2	256963	0.980236	0.980240	0.000004
512	9650	154	1	256964	0.980240	0.980240	0.000000
512	9650	155	1	256961	0.980228	0.980228	0.000000
512	9650	156	18	255381	0.974201	0.974453	0.000061
512	9650	157	74	249779	0.952831	0.953781	0.000084
512	9650	158	1	256964	0.980240	0.980240	0.000000
512	9650	159	1	256964	0.980240	0.980240	0.000000
512	9650	160	2	256963	0.980236	0.980240	0.000004
512	9650	161	2	256963	0.980236	0.980240	0.000004
512	9650	162	1	256964	0.980240	0.980240	0.000000
512	9650	163	55	253490	0.966988	0.967861	0.000080
512	9650	164	1	256961	0.980228	0.980228	0.000000
512	9650	165	1	256910	0.980034	0.980034	0.000000
512	9650	166	2	256954	0.980202	0.980206	0.000004
512	9650	167	1	256964	0.980240	0.980240	0.000000
512	9650	168	1	256964	0.980240	0.980240	0.000000
512	9650	169	2	256963	0.980236	0.980240	0.000004
512	9650	170	50	252939	0.964886	0.965790	0.000111
512	9650	171	2	256963	0.980236	0.980240	0.000004
512	9650	172	1	256888	0.979950	0.979950	0.000000
512	9650	173	1	256939	0.980145	0.980145	0.000000
512	9650	174	1	256964	0.980240	0.980240	0.000000
512	9650	175	36	253380	0.966568	0.967163	0.000145
512	9650	176	49	252625	0.963688	0.964294	0.000057
512	9650	177	21	255110	0.973167	0.973480	0.000080
512	9650	178	1	256964	0.980240	0.980240	0.000000
512	9650	179	1	256962	0.980232	0.980232	0.000000
512	9650	180	2	256963	0.980236	0.980240	0.000004
512	9650	181	17	255728	0.975525	0.975685	0.000034
512	9650	182	5	256450	0.978279	0.978310	0.000015
512	9650	183	1	256961	0.980228	0.980228	0.000000
512	9650	184	2	256963	0.980236	0.980240	0.000004
512	9650	185	2	256778	0.979530	0.979534	0.000004
512	9650	186	63	251343	0.958797	0.959518	0.000122
512	9650	187	69	252491	0.963177	0.964077	0.000103
512	9650	188	23	255438	0.974419	0.974663	0.000042
512	9650	189	1	256964	0.980240	0.980240	0.000000
512	9650	190	1	256849	0.979801	0.979801	0.000000
512	9650	191	1	256964	0.980240	0.980240	0.000000
512	9650	192	100	250073	0.953953	0.955521	0.000122
512	9650	193	9	256226	0.977425	0.977455	0.000004
512	9650	194	1	256964	0.980240	0.980240	0.000000
512	9650	195	1	256964	0.980240	0.980240	0.000000
512	9650	196	2	256963	0.980236	0.980240	0.000004
512	9650	197	2	256963	0.980236	0.980240	0.000004
512	9650	198	2	256963	0.980236	0.980240	0.000004
512	9650	199	5	256285	0.977650	0.977669	0.000008
512	9650	200	2	256884	0.979935	0.979939	0.000004
512	9650	201	53	254380	0.970383	0.971344	0.000156
512	9650	202	2	256917	0.980061	0.980064	0.000004
512	9650	203	47	251950	0.961113	0.961781	0.000088
512	9650	204	1	256955	0.980206	0.980206	0.000000
512	9650	205	39	253469	0.966908	0.967438	0.000126
512	9650	206	2	256963	0.980236	0.980240	0.000004
512	9650	207	1	256964	0.980240	0.980240	0.000000
512	9650	208	1	256964	0.980240	0.980240	0.000000
512	9650	209	2	256963	0.980236	0.980240	0.000004
512	9650	210	31	254898	0.972359	0.972691	0.000069
512	9650	211	1	256952	0.980194	0.980194	0.000000
512	9650	212	14	255083	0.973064	0.973286	0.000072
512	9650	213	2	256963	0.980236	0.980240	0.000004
512	9650	214	21	255111	0.973171	0.973408	0.000038
512	9650	215	1	256964	0.980240	0.980240	0.000000
512	9650	216	1	256951	0.980190	0.980190	0.000000
512	9650	217	1	256964	0.980240	0.980240	0.000000
512	9650	218	1	256964	0.980240	0.980240	0.000000
512	9650	219	23	255030	0.972862	0.973339	0.000114
512	9650	220	191	240618	0.917885	0.921169	0.000134
512	9650	221	98	248256	0.947021	0.949108	0.000290
512	9650	222	2	256962	0.980232	0.980236	0.000004
512	9650	223	2	256963	0.980236	0.980240	0.000004
512	9650	224	1	256964	0.980240	0.980240	0.000000
512	9650	225	1	256964	0.980240	0.980240	0.000000
512	9650	226	1	256964	0.980240	0.980240	0.000000
512	9650	227	51	252305	0.962467	0.963009	0.000057
512	9650	228	1	256964	0.980240	0.980240	0.000000
512	9650	229	2	256963	0.980236	0.980240	0.000004
512	9650	230	1	256825	0.979710	0.979710	0.000000
512	9650	231	1	256963	0.980236	0.980236	0.000000
512	9650	232	104	248707	0.948742	0.950062	0.000072
512	9650	233	1	256922	0.980080	0.980080	0.000000
512	9650	234	1	256964	0.980240	0.980240	0.000000
512	9650	235	2	256963	0.980236	0.980240	0.000004
512	9650	236	30	254289	0.970036	0.970253	0.000042
512	9650	237	3	256301	0.977711	0.977718	0.000004
512	9650	238	58	251869	0.960804	0.962139	0.000359
512	9650	239	1	256964	0.980240	0.980240	0.000000
512	9650	240	2	256963	0.980236	0.980240	0.000004
512	9650	241	2	256963	0.980236	0.980240	0.000004
512	9650	242	39	254370	0.970345	0.970947	0.000145
512	9650	243	29	254496	0.970825	0.971157	0.000038
512	9650	244	1	256964	0.980240	0.980240	0.000000
512	9650	245	1	256964	0.980240	0.980240	0.000000
512	9650	246	1	256964	0.980240	0.980240	0.000000
512	9650	247	1	256964	0.980240	0.980240	0.000000
512	9650	248	1	256953	0.980198	0.980198	0.000000
512	9650	249	2	256460	0.978317	0.978321	0.000004
512	9650	250	2	256963	0.980236	0.980240	0.000004
512	9650	251	1	256964	0.980240	0.980240	0.000000
512	9650	252	1	256530	0.978584	0.978584	0.000000
512	9650	253	2	256963	0.980236	0.980240	0.000004
512	9650	254	1	256685	0.979176	0.979176	0.000000
512	9650	255	2	256963	0.980236	0.980240	0.000004
512	9650	256	1	256964	0.980240	0.980240	0.000000
512	9650	257	2	256952	0.980194	0.980198	0.000004
512	9650	258	1	256964	0.980240	0.980240	0.000000
512	9650	259	66	252264	0.962311	0.963341	0.000088
512	9650	260	2	256963	0.980236	0.980240	0.000004
512	9650	261	2	256952	0.980194	0.980198	0.000004
512	9650	262	42	253964	0.968796	0.969193	0.000046
512	9650	263	2	256963	0.980236	0.980240	0.000004
512	9650	264	1	256964	0.980240	0.980240	0.000000
512	9650	265	2	256952	0.980194	0.980198	0.000004
512	9650	266	2	256963	0.980236	0.980240	0.000004
512	9650	267	2	256876	0.979904	0.979908	0.000004
512	9650	268	1	256964	0.980240	0.980240	0.000000
512	9650	269	2	256963	0.980236	0.980240	0.000004
512	9650	270	1	256945	0.980167	0.980167	0.000000
512	9650	271	1	256964	0.980240	0.980240	0.000000
512	9650	272	2	256762	0.979469	0.979473	0.000004
512	9650	273	61	253514	0.967079	0.967705	0.000069
512	9650	274	2	256963	0.980236	0.980240	0.000004
512	9650	275	1	256964	0.980240	0.980240	0.000000
512	9650	276	1	256847	0.979794	0.979794	0.000000
512	9650	277	92	251867	0.960796	0.962219	0.000206
512	9650	278	40	253993	0.968906	0.969467	0.000141
512	9650	279	1	256950	0.980186	0.980186	0.000000
512	9650	280	1	256960	0.980225	0.980225	0.000000
512	9650	281	2	256963	0.980236	0.980240	0.000004
512	9650	282	19	255226	0.973610	0.973961	0.000111
512	9650	283	23	255145	0.973301	0.973591	0.000118
512	9650	284	2	256957	0.980213	0.980217	0.000004
512	9650	285	2	256963	0.980236	0.980240	0.000004
512	9650	286	1	256961	0.980228	0.980228	0.000000
512	9650	287	81	250091	0.954021	0.955025	0.000156
512	9650	288	13	256281	0.977634	0.977722	0.000042
512	9650	289	2	256963	0.980236	0.980240	0.000004
512	9650	290	2	256963	0.980236	0.980240	0.000004
512	9650	291	66	250922	0.957191	0.958221	0.000084
512	9650	292	23	255339	0.974041	0.974262	0.000057
512	9650	293	1	256964	0.980240	0.980240	0.000000
512	9650	294	1	256964	0.980240	0.980240	0.000000
512	9650	295	2	256963	0.980236	0.980240	0.000004
512	9650	296	1	256964	0.980240	0.980240	0.000000
512	9650	297	26	255141	0.973286	0.973511	0.000057
512	9650	298	1	256964	0.980240	0.980240	0.000000
512	9650	299	15	255833	0.975925	0.976227	0.000156
512	9650	300	130	244312	0.931976	0.933628	0.000107
512	9650	301	1	256964	0.980240	0.980240	0.000000
512	9650	302	2	256963	0.980236	0.980240	0.000004
512	9650	303	47	253696	0.967773	0.968472	0.000084
512	9650	304	2	256963	0.980236	0.980240	0.000004
512	9650	305	1	256964	0.980240	0.980240	0.000000
512	9650	306	2	256963	0.980236	0.980240	0.000004
512	9650	307	2	256963	0.980236	0.980240	0.000004
512	9650	308	2	256963	0.980236	0.980240	0.000004
512	9650	309	1	256964	0.980240	0.980240	0.000000
512	9650	310	10	256011	0.976604	0.976643	0.000008
512	9650	311	1	256964	0.980240	0.980240	0.000000
512	9650	312	28	254905	0.972385	0.972618	0.000031
512	9650	313	2	256963	0.980236	0.980240	0.000004
512	9650	314	2	256810	0.979652	0.979656	0.000004
512	9650	315	1	256964	0.980240	0.980240	0.000000
512	9650	316	52	253493	0.966999	0.967670	0.000099
512	9650	317	1	256858	0.979836	0.979836	0.000000
512	9650	318	11	255678	0.975334	0.975441	0.000034
512	9650	319	1	256964	0.980240	0.980240	0.000000
512	9650	320	2	256955	0.980206	0.980209	0.000004
512	9650	321	1	256964	0.980240	0.980240	0.000000
512	9650	322	1	256964	0.980240	0.980240	0.000000
512	9650	323	43	253733	0.967915	0.968590	0.000069
512	9650	324	2	256596	0.978836	0.978840	0.000004
512	9650	325	2	256963	0.980236	0.980240	0.000004
512	9650	326	11	256201	0.977329	0.977386	0.000015
512	9650	327	2	256963	0.980236	0.980240	0.000004
512	9650	328	2	256963	0.980236	0.980240	0.000004
512	9650	329	1	256964	0.980240	0.980240	0.000000
512	9650	330	59	252312	0.962494	0.963497	0.000179
512	9650	331	80	252715	0.964031	0.965057	0.000130
512	9650	332	103	250141	0.954212	0.956070	0.000187
512	9650	333	35	254735	0.971737	0.972076	0.000050
512	9650	334	1	256964	0.980240	0.980240	0.000000
512	9650	335	2	256963	0.980236	0.980240	0.000004
512	9650	336	2	256963	0.980236	0.980240	0.000004
512	9650	337	2	256963	0.980236	0.980240	0.000004
512	9650	338	30	254564	0.971085	0.971588	0.000149
512	9650	339	1	256964	0.980240	0.980240	0.000000
512	9650	340	1	256964	0.980240	0.980240	0.000000
512	9650	341	2	256963	0.980236	0.980240	0.000004
512	9650	342	41	254629	0.971333	0.971703	0.000050
512	9650	343	1	256964	0.980240	0.980240	0.000000
512	9650	344	29	254869	0.972248	0.972626	0.000160
512	9650	345	1	256964	0.980240	0.980240	0.000000
512	9650	346	68	251624	0.959869	0.960506	0.000053
512	9650	347	35	254929	0.972477	0.972801	0.000050
512	9650	348	2	256963	0.980236	0.980240	0.000004
512	9650	349	8	255805	0.975819	0.975864	0.000019
512	9650	350	1	256958	0.980217	0.980217	0.000000
512	9650	351	18	255788	0.975754	0.975952	0.000031
512	9650	352	114	248391	0.947536	0.949089	0.000175
512	9650	353	85	250698	0.956337	0.957870	0.000195
512	9650	354	64	251781	0.960468	0.961266	0.000065
512	9650	355	1	256954	0.980202	0.980202	0.000000
512	9650	356	2	256963	0.980236	0.980240	0.000004
512	9650	357	1	256964	0.980240	0.980240	0.000000
512	9650	358	33	253383	0.966579	0.967010	0.000080
512	9650	359	1	256964	0.980240	0.980240	0.000000
512	9650	360	2	256963	0.980236	0.980240	0.000004
512	9650	361	2	256963	0.980236	0.980240	0.000004
512	9650	362	54	252103	0.961697	0.962517	0.000092
512	9650	363	2	256963	0.980236	0.980240	0.000004
512	9650	364	1	256806	0.979637	0.979637	0.000000
512	9650	365	1	256964	0.980240	0.980240	0.000000
512	9650	366	1	256964	0.980240	0.980240	0.000000
512	9650	367	36	253492	0.966995	0.967319	0.000088
512	9650	368	2	256963	0.980236	0.980240	0.000004
512	9650	369	2	256924	0.980087	0.980091	0.000004
512	9650	370	1	256964	0.980240	0.980240	0.000000
512	9650	371	1	256964	0.980240	0.980240	0.000000
512	9650	372	1	256964	0.980240	0.980240	0.000000
512	9650	373	48	251858	0.960762	0.961315	0.000072
512	9650	374	2	256963	0.980236	0.980240	0.000004
512	9650	375	1	256964	0.980240	0.980240	0.000000
512	9650	376	1	256924	0.980087	0.980087	0.000000
512	9650	377	2	256963	0.980236	0.980240	0.000004
512	9650	378	1	256964	0.980240	0.980240	0.000000
512	9650	379	1	256964	0.980240	0.980240	0.000000
512	9650	380	76	251242	0.958412	0.959297	0.000076
512	9650	381	62	250296	0.954803	0.955452	0.000092
512	9650	382	51	251883	0.960857	0.961559	0.000134
512	9650	383	2	256960	0.980225	0.980228	0.000004
512	9650	384	11	255984	0.976501	0.976570	0.000027
512	9650	385	32	254431	0.970577	0.971096	0.000099
512	9650	386	91	251164	0.958115	0.959400	0.000198
512	9650	387	10	256200	0.977325	0.977386	0.000019
512	9650	388	2	256961	0.980228	0.980232	0.000004
512	9650	389	1	256844	0.979782	0.979782	0.000000
512	9650	390	1	256964	0.980240	0.980240	0.000000
512	9650	391	13	255730	0.975533	0.975655	0.000023
512	9650	392	2	256963	0.980236	0.980240	0.000004
512	9650	393	1	256964	0.980240	0.980240	0.000000
512	9650	394	2	256963	0.980236	0.980240	0.000004
512	9650	395	2	256963	0.980236	0.980240	0.000004
512	9650	396	59	252889	0.964695	0.965565	0.000111
512	9650	397	1	256964	0.980240	0.980240	0.000000
512	9650	398	1	256964	0.980240	0.980240	0.000000
512	9650	399	44	253890	0.968513	0.969051	0.000145
512	9650	400	71	252646	0.963768	0.964901	0.000137
512	9650	401	97	249095	0.950222	0.951393	0.000095
512	9650	402	139	245483	0.936443	0.938400	0.000172
512	9650	403	72	253605	0.967426	0.968521	0.000130
512	9650	404	1	256964	0.980240	0.980240	0.000000
512	9650	405	33	255166	0.973381	0.973763	0.000107
512	9650	406	1	256964	0.980240	0.980240	0.000000
512	9650	407	15	255392	0.974243	0.974476	0.000122
512	9650	408	2	256963	0.980236	0.980240	0.000004
512	9650	409	1	256964	0.980240	0.980240	0.000000
512	9650	410	1	256964	0.980240	0.980240	0.000000
512	9650	411	3	256495	0.978451	0.978462	0.000008
512	9650	412	32	254843	0.972149	0.972477	0.000053
512	9650	413	1	256964	0.980240	0.980240	0.000000
512	9650	414	2	256963	0.980236	0.980240	0.000004
512	9650	415	2	256960	0.980225	0.980228	0.000004
512	9650	416	1	256964	0.980240	0.980240	0.000000
512	9650	417	2	256963	0.980236	0.980240	0.000004
512	9650	418	22	255692	0.975388	0.975533	0.000031
512	9650	419	2	256963	0.980236	0.980240	0.000004
512	9650	420	1	256964	0.980240	0.980240	0.000000
512	9650	421	40	254535	0.970974	0.971569	0.000061
512	9650	422	2	256963	0.980236	0.980240	0.000004
512	9650	423	2	256963	0.980236	0.980240	0.000004
512	9650	424	2	256963	0.980236	0.980240	0.000004
512	9650	425	1	256932	0.980118	0.980118	0.000000
512	9650	426	1	256964	0.980240	0.980240	0.000000
512	9650	427	1	256964	0.980240	0.980240	0.000000
512	9650	428	2	256963	0.980236	0.980240	0.000004
512	9650	429	72	252485	0.963154	0.964085	0.000080
512	9650	430	107	249290	0.950966	0.952789	0.000214
512	9650	431	2	256963	0.980236	0.980240	0.000004
512	9650	432	1	256964	0.980240	0.980240	0.000000
512	9650	433	1	256964	0.980240	0.980240	0.000000
512	9650	434	2	256963	0.980236	0.980240	0.000004
512	9650	435	2	256534	0.978600	0.978607	0.000008
512	9650	436	2	256963	0.980236	0.980240	0.000004
512	9650	437	2	256957	0.980213	0.980217	0.000004
512	9650	438	2	256963	0.980236	0.980240	0.000004
512	9650	439	2	256963	0.980236	0.980240	0.000004
512	9650	440	2	256960	0.980225	0.980228	0.000004
512	9650	441	1	256964	0.980240	0.980240	0.000000
512	9650	442	1	256964	0.980240	0.980240	0.000000
512	9650	443	2	256963	0.980236	0.980240	0.000004
512	9650	444	2	256953	0.980198	0.980202	0.000004
512	9650	445	1	256964	0.980240	0.980240	0.000000
512	9650	446	1	256934	0.980125	0.980125	0.000000
512	9650	447	74	250714	0.956398	0.957462	0.000111
512	9650	448	24	255804	0.975815	0.976105	0.000114
512	9650	449	1	256780	0.979538	0.979538	0.000000
512	9650	450	1	256839	0.979763	0.979763	0.000000
512	9650	451	2	256963	0.980236	0.980240	0.000004
512	9650	452	50	252259	0.962292	0.963005	0.000183
512	9650	453	24	255259	0.973736	0.973934	0.000038
512	9650	454	2	256963	0.980236	0.980240	0.000004
512	9650	455	1	256964	0.980240	0.980240	0.000000
512	9650	456	62	251061	0.957722	0.958698	0.000088
512	9650	457	2	256963	0.980236	0.980240	0.000004
512	9650	458	1	256964	0.980240	0.980240	0.000000
512	9650	459	2	256947	0.980175	0.980179	0.000004
512	9650	460	1	256964	0.980240	0.980240	0.000000
512	9650	461	2	256920	0.980072	0.980076	0.000004
512	9650	462	25	254960	0.972595	0.972824	0.000031
512	9650	463	1	256964	0.980240	0.980240	0.000000
512	9650	464	1	256964	0.980240	0.980240	0.000000
512	9650	465	55	252833	0.964481	0.965199	0.000065
512	9650	466	2	256963	0.980236	0.980240	0.000004
512	9650	467	2	256804	0.979630	0.979633	0.000004
512	9650	468	1	256964	0.980240	0.980240	0.000000
512	9650	469	87	251495	0.959377	0.960617	0.000122
512	9650	470	79	249959	0.953518	0.954594	0.000111
512	9650	471	2	256963	0.980236	0.980240	0.000004
512	9650	472	1	256964	0.980240	0.980240	0.000000
512	9650	473	136	244295	0.931911	0.933918	0.000134
512	9650	474	23	255389	0.974232	0.974403	0.000031
512	9650	475	2	256960	0.980225	0.980228	0.000004
512	9650	476	1	256964	0.980240	0.980240	0.000000
512	9650	477	61	253541	0.967182	0.968079	0.000080
512	9650	478	128	250262	0.954674	0.957115	0.000271
512	9650	479	84	248156	0.946640	0.947945	0.000114
512	9650	480	1	256964	0.980240	0.980240	0.000000
512	9650	481	86	248158	0.946648	0.947803	0.000107
512	9650	482	1	256964	0.980240	0.980240	0.000000
512	9650	483	13	255837	0.975941	0.976013	0.000027
512	9650	484	1	256963	0.980236	0.980236	0.000000
512	9650	485	1	256964	0.980240	0.980240	0.000000
512	9650	486	38	253492	0.966995	0.967537	0.000099
512	9650	487	36	254735	0.971737	0.972218	0.000134
512	9650	488	1	256964	0.980240	0.980240	0.000000
512	9650	489	1	256964	0.980240	0.980240	0.000000
512	9650	490	63	251499	0.959393	0.960144	0.000103
512	9650	491	132	249511	0.951809	0.954121	0.000217
512	9650	492	2	256963	0.980236	0.980240	0.000004
512	9650	493	1	256906	0.980019	0.980019	0.000000
512	9650	494	1	256964	0.980240	0.980240	0.000000
512	9650	495	1	256964	0.980240	0.980240	0.000000
512	9650	496	2	256963	0.980236	0.980240	0.000004
512	9650	497	1	256964	0.980240	0.980240	0.000000
512	9650	498	3	256474	0.978371	0.978390	0.000015
512	9650	499	1	256964	0.980240	0.980240	0.000000
512	9650	500	14	256096	0.976929	0.977131	0.000034
512	9650	501	1	256640	0.979004	0.979004	0.000000
512	9650	502	2	256963	0.980236	0.980240	0.000004
512	9650	503	2	256963	0.980236	0.980240	0.000004
512	9650	504	1	256963	0.980236	0.980236	0.000000
512	9650	505	1	256964	0.980240	0.980240	0.000000
512	9650	506	1	256964	0.980240	0.980240	0.000000
512	9650	507	1	256964	0.980240	0.980240	0.000000
512	9650	508	96	246939	0.941998	0.943317	0.000149
512	9650	509	42	253183	0.965816	0.966450	0.000118
512	9650	510	1	256960	0.980225	0.980225	0.000000
512	9650	511	1	256964	0.980240	0.980240	0.000000
512	9650	512	1	256964	0.980240	0.980240	0.000000
512	9650	513	1	256964	0.980240	0.980240	0.000000
512	9650	514	1	256964	0.980240	0.980240	0.000000
512	9650	515	1	256890	0.979958	0.979958	0.000000
512	9650	516	2	256963	0.980236	0.980240	0.000004
512	9650	517	30	254455	0.970669	0.971092	0.000126
512	9650	518	1	256964	0.980240	0.980240	0.000000
512	9650	519	1	256964	0.980240	0.980240	0.000000
512	9650	520	76	251342	0.958794	0.960045	0.000118
512	9650	521	2	256963	0.980236	0.980240	0.000004
512	9650	522	1	256873	0.979893	0.979893	0.000000
512	9650	523	2	256691	0.979198	0.979202	0.000004
512	9650	524	1	256964	0.980240	0.980240	0.000000
512	9650	525	2	256963	0.980236	0.980240	0.000004
512	9650	526	2	256963	0.980236	0.980240	0.000004
512	9650	527	1	256964	0.980240	0.980240	0.000000
512	9650	528	70	252102	0.961693	0.962826	0.000111
512	9650	529	16	254846	0.972160	0.972366	0.000088
512	9650	530	8	255757	0.975636	0.975681	0.000015
512	9650	531	2	256963	0.980236	0.980240	0.000004
512	9650	532	97	249110	0.950279	0.951603	0.000225
512	9650	533	2	256799	0.979610	0.979614	0.000004
512	9650	534	25	254984	0.972687	0.973007	0.000072
512	9650	535	24	254960	0.972595	0.972820	0.000072
512	9650	536	1	256964	0.980240	0.980240	0.000000
512	9650	537	1	256964	0.980240	0.980240	0.000000
512	9650	538	50	253181	0.965809	0.966381	0.000042
512	9650	539	1	256964	0.980240	0.980240	0.000000
512	9650	540	2	256874	0.979897	0.979900	0.000004
512	9650	541	1	256964	0.980240	0.980240	0.000000
512	9650	542	1	256964	0.980240	0.980240	0.000000
512	9650	543	1	256964	0.980240	0.980240	0.000000
512	9650	544	33	255211	0.973553	0.973999	0.000095
512	9650	545	2	256963	0.980236	0.980240	0.000004
512	9650	546	9	256162	0.977180	0.977234	0.000015
512	9650	547	2	256963	0.980236	0.980240	0.000004
512	9650	548	1	256964	0.980240	0.980240	0.000000
512	9650	549	2	256963	0.980236	0.980240	0.000004
512	9650	550	39	253781	0.968098	0.968830	0.000141
512	9650	551	2	256963	0.980236	0.980240	0.000004
512	9650	552	2	256963	0.980236	0.980240	0.000004
512	9650	553	2	256963	0.980236	0.980240	0.000004
512	9650	554	1	256913	0.980045	0.980045	0.000000
512	9650	555	2	256927	0.980099	0.980103	0.000004
512	9650	556	41	253515	0.967083	0.967407	0.000046
512	9650	557	2	256837	0.979755	0.979759	0.000004
512	9650	558	1	256964	0.980240	0.980240	0.000000
512	9650	559	32	254675	0.971508	0.972149	0.000099
512	9650	560	1	256964	0.980240	0.980240	0.000000
512	9650	561	111	249546	0.951942	0.953423	0.000126
512	9650	562	2	256963	0.980236	0.980240	0.000004
512	9650	563	73	250377	0.955112	0.956673	0.000175
512	9650	564	1	256964	0.980240	0.980240	0.000000
512	9650	565	1	256964	0.980240	0.980240	0.000000
512	9650	566	45	253341	0.966419	0.967205	0.000107
512	9650	567	1	256964	0.980240	0.980240	0.000000
512	9650	568	185	243079	0.927273	0.930168	0.000130
512	9650	569	75	250152	0.954254	0.955353	0.000134
512	9650	570	1	256964	0.980240	0.980240	0.000000
512	9650	571	1	256964	0.980240	0.980240	0.000000
512	9650	572	2	256963	0.980236	0.980240	0.000004
512	9650	573	1	256448	0.978271	0.978271	0.000000
512	9650	574	2	256851	0.979809	0.979813	0.000004
512	9650	575	54	254210	0.969734	0.970772	0.000198
512	9650	576	1	256531	0.978588	0.978588	0.000000
512	9650	577	1	256907	0.980022	0.980022	0.000000
512	9650	578	61	253167	0.965755	0.966904	0.000092
512	9650	579	60	249913	0.953342	0.953972	0.000057
512	9650	580	1	256964	0.980240	0.980240	0.000000
512	9650	581	1	256964	0.980240	0.980240	0.000000
512	9650	582	107	247260	0.943222	0.944679	0.000080
512	9650	583	1	256964	0.980240	0.980240	0.000000
512	9650	584	1	256964	0.980240	0.980240	0.000000
512	9650	585	2	256792	0.979584	0.979588	0.000004
512	9650	586	39	254675	0.971508	0.971973	0.000061
512	9650	587	1	256956	0.980209	0.980209	0.000000
512	9650	588	16	255063	0.972988	0.973118	0.000027
512	9650	589	2	256963	0.980236	0.980240	0.000004
512	9650	590	2	256917	0.980061	0.980064	0.000004
512	9650	591	2	256963	0.980236	0.980240	0.000004
512	9650	592	14	255683	0.975353	0.975422	0.000011
512	9650	593	13	255719	0.975491	0.975632	0.000023
512	9650	594	2	256963	0.980236	0.980240	0.000004
512	9650	595	30	255121	0.973209	0.973717	0.000099
512	9650	596	1	256884	0.979935	0.979935	0.000000
512	9650	597	2	256723	0.979321	0.979324	0.000004
512	9650	598	1	256964	0.980240	0.980240	0.000000
512	9650	599	1	256964	0.980240	0.980240	0.000000
512	9650	600	2	256963	0.980236	0.980240	0.000004
512	9650	601	32	255174	0.973412	0.973976	0.000103
512	9650	602	2	256963	0.980236	0.980240	0.000004
512	9650	603	25	254947	0.972546	0.972816	0.000065
512	9650	604	2	256963	0.980236	0.980240	0.000004
512	9650	605	74	251489	0.959354	0.960476	0.000099
512	9650	606	2	256963	0.980236	0.980240	0.000004
512	9650	607	2	256887	0.979946	0.979950	0.000004
512	9650	608	1	256962	0.980232	0.980232	0.000000
512	9650	609	1	256964	0.980240	0.980240	0.000000
512	9650	610	2	256963	0.980236	0.980240	0.000004
512	9650	611	23	255374	0.974174	0.974415	0.000050
512	9650	612	2	256963	0.980236	0.980240	0.000004
512	9650	613	1	256964	0.980240	0.980240	0.000000
512	9650	614	1	256964	0.980240	0.980240	0.000000
512	9650	615	2	256963	0.980236	0.980240	0.000004
512	9650	616	1	256964	0.980240	0.980240	0.000000
512	9650	617	1	256848	0.979797	0.979797	0.000000
512	9650	618	109	248721	0.948795	0.950371	0.000092
512	9650	619	1	256964	0.980240	0.980240	0.000000
512	9650	620	1	256944	0.980164	0.980164	0.000000
512	9650	621	2	256963	0.980236	0.980240	0.000004
512	9650	622	2	256963	0.980236	0.980240	0.000004
512	9650	623	24	254887	0.972317	0.972797	0.000217
512	9650	624	23	255310	0.973930	0.974163	0.000027
512	9650	625	1	256964	0.980240	0.980240	0.000000
512	9650	626	1	256964	0.980240	0.980240	0.000000
512	9650	627	2	256821	0.979694	0.979698	0.000004
512	9650	628	2	256963	0.980236	0.980240	0.000004
512	9650	629	1	256964	0.980240	0.980240	0.000000
512	9650	630	1	256964	0.980240	0.980240	0.000000
512	9650	631	21	255356	0.974106	0.974411	0.000061
512	9650	632	34	254223	0.969784	0.970329	0.000095
512	9650	633	1	256964	0.980240	0.980240	0.000000
512	9650	634	1	256958	0.980217	0.980217	0.000000
512	9650	635	6	256277	0.977619	0.977642	0.000008
512	9650	636	1	256964	0.980240	0.980240	0.000000
512	9650	637	11	255836	0.975937	0.976120	0.000088
512	9650	638	114	250488	0.955536	0.957363	0.000122
512	9650	639	1	256764	0.979477	0.979477	0.000000
512	9650	640	63	252244	0.962234	0.963039	0.000156
512	9650	641	1	256846	0.979790	0.979790	0.000000
512	9650	642	25	255011	0.972790	0.973183	0.000126
512	9650	643	2	256963	0.980236	0.980240	0.000004
512	9650	644	248	236450	0.901985	0.905743	0.000149
512	9650	645	20	255331	0.974010	0.974205	0.000031
512	9650	646	2	256963	0.980236	0.980240	0.000004
512	9650	647	1	256964	0.980240	0.980240	0.000000
512	9650	648	56	251719	0.960232	0.961369	0.000237
512	9650	649	2	256963	0.980236	0.980240	0.000004
512	9650	650	2	256961	0.980228	0.980232	0.000004
512	9650	651	1	256964	0.980240	0.980240	0.000000
512	9650	652	1	256964	0.980240	0.980240	0.000000
512	9650	653	1	256958	0.980217	0.980217	0.000000
512	9650	654	45	253918	0.968620	0.969101	0.000057
512	9650	655	2	256963	0.980236	0.980240	0.000004
512	9650	656	1	256964	0.980240	0.980240	0.000000
512	9650	657	1	256963	0.980236	0.980236	0.000000
512	9650	658	1	256964	0.980240	0.980240	0.000000
512	9650	659	1	256964	0.980240	0.980240	0.000000
512	9650	660	2	256963	0.980236	0.980240	0.000004
512	9650	661	1	256964	0.980240	0.980240	0.000000
512	9650	662	2	256963	0.980236	0.980240	0.000004
512	9650	663	2	256963	0.980236	0.980240	0.000004
512	9650	664	2	256963	0.980236	0.980240	0.000004
512	9650	665	19	254657	0.971439	0.971657	0.000050
512	9650	666	2	256963	0.980236	0.980240	0.000004
512	9650	667	2	256958	0.980217	0.980221	0.000004
512	9650	668	2	256724	0.979324	0.979328	0.000004
512	9650	669	4	256189	0.977283	0.977295	0.000004
512	9650	670	2	256733	0.979359	0.979362	0.000004
512	9650	671	1	256912	0.980042	0.980042	0.000000
512	9650	672	1	256805	0.979633	0.979633	0.000000
512	9650	673	25	254913	0.972416	0.972652	0.000046
512	9650	674	33	254069	0.969196	0.969635	0.000076
512	9650	675	1	256964	0.980240	0.980240	0.000000
512	9650	676	3	256605	0.978870	0.978878	0.000004
512	9650	677	2	256963	0.980236	0.980240	0.000004
512	9650	678	12	255875	0.976086	0.976177	0.000015
512	9650	679	2	256955	0.980206	0.980209	0.000004
512	9650	680	1	256964	0.980240	0.980240	0.000000
512	9650	681	1	256964	0.980240	0.980240	0.000000
512	9650	682	2	256963	0.980236	0.980240	0.000004
512	9650	683	2	256405	0.978107	0.978153	0.000046
512	9650	684	26	254787	0.971935	0.972294	0.000050
512	9650	685	5	256072	0.976837	0.976864	0.000011
512	9650	686	23	254762	0.971840	0.972084	0.000069
512	9650	687	2	256956	0.980209	0.980213	0.000004
512	9650	688	1	256964	0.980240	0.980240	0.000000
512	9650	689	2	256963	0.980236	0.980240	0.000004
512	9650	690	2	256963	0.980236	0.980240	0.000004
512	9650	691	2	256963	0.980236	0.980240	0.000004
512	9650	692	1	256964	0.980240	0.980240	0.000000
512	9650	693	60	251520	0.959473	0.960354	0.000095
512	9650	694	24	254331	0.970196	0.970490	0.000057
512	9650	695	92	248276	0.947098	0.948895	0.000134
512	9650	696	1	256964	0.980240	0.980240	0.000000
512	9650	697	1	256964	0.980240	0.980240	0.000000
