512	9000	2	1072	21	0.000080	0.013123	0.000080
512	9000	3	1150	20	0.000076	0.013607	0.000076
512	9000	4	1178	25	0.000095	0.013645	0.000095
512	9000	5	1270	24	0.000092	0.015350	0.000092
512	9000	6	1149	24	0.000092	0.014133	0.000092
512	9000	7	1284	28	0.000107	0.015770	0.000107
512	9000	8	1333	23	0.000088	0.016644	0.000088
512	9000	9	1223	38	0.000145	0.015137	0.000145
512	9000	10	1127	24	0.000092	0.013897	0.000092
512	9000	11	1272	26	0.000099	0.015316	0.000099
512	9000	12	1152	31	0.000118	0.013176	0.000118
512	9000	13	1303	26	0.000099	0.015743	0.000099
512	9000	14	1158	21	0.000080	0.013790	0.000080
512	9000	15	1127	30	0.000114	0.013565	0.000114
512	9000	16	1249	40	0.000153	0.015392	0.000153
512	9000	17	1092	19	0.000072	0.013165	0.000072
512	9000	18	1116	22	0.000084	0.013367	0.000084
512	9000	19	1074	20	0.000076	0.013237	0.000076
512	9000	20	1146	33	0.000126	0.013783	0.000126
512	9000	21	1050	21	0.000080	0.013298	0.000080
512	9000	22	1276	37	0.000141	0.015404	0.000141
512	9000	23	1155	25	0.000095	0.014366	0.000095
512	9000	24	1080	25	0.000095	0.013138	0.000095
512	9000	25	1252	26	0.000099	0.015450	0.000099
512	9000	26	1220	24	0.000092	0.014565	0.000092
512	9000	27	1205	21	0.000080	0.014103	0.000080
512	9000	28	1108	24	0.000092	0.013538	0.000092
512	9000	29	1136	19	0.000072	0.014210	0.000072
512	9000	30	1249	18	0.000069	0.015297	0.000069
512	9000	31	1096	23	0.000088	0.013191	0.000088
512	9000	32	1186	23	0.000088	0.014618	0.000088
512	9000	33	1152	23	0.000088	0.013973	0.000088
512	9000	34	1203	27	0.000103	0.014870	0.000103
512	9000	35	1255	21	0.000080	0.015251	0.000080
512	9000	36	1480	25	0.000095	0.017670	0.000095
512	9000	37	1328	25	0.000095	0.016373	0.000095
512	9000	38	1104	20	0.000076	0.013382	0.000076
512	9000	39	1141	29	0.000111	0.014008	0.000111
512	9000	40	1153	25	0.000095	0.014023	0.000095
512	9000	41	1161	18	0.000069	0.014313	0.000069
512	9000	42	1143	35	0.000134	0.013966	0.000134
512	9000	43	1116	37	0.000141	0.013565	0.000141
512	9000	44	1286	34	0.000130	0.016186	0.000130
512	9000	45	1371	27	0.000103	0.016060	0.000103
512	9000	46	1107	24	0.000092	0.013512	0.000092
512	9000	47	1120	23	0.000088	0.013321	0.000088
512	9000	48	1235	38	0.000145	0.015381	0.000145
512	9000	49	1233	24	0.000092	0.014957	0.000092
512	9000	50	1304	28	0.000107	0.015808	0.000107
512	9000	51	1075	26	0.000099	0.013332	0.000099
512	9000	52	1077	24	0.000092	0.012917	0.000092
512	9000	53	1181	24	0.000092	0.014095	0.000092
512	9000	54	1266	26	0.000099	0.015182	0.000099
512	9000	55	1234	46	0.000175	0.016083	0.000175
512	9000	56	1135	26	0.000099	0.014626	0.000099
512	9000	57	1203	21	0.000080	0.013962	0.000080
512	9000	58	1123	20	0.000076	0.014034	0.000076
512	9000	59	1255	28	0.000107	0.015762	0.000107
512	9000	60	1448	25	0.000095	0.017685	0.000095
512	9000	61	1191	29	0.000111	0.014748	0.000111
512	9000	62	1068	24	0.000092	0.013462	0.000092
512	9000	63	1224	24	0.000092	0.014786	0.000092
512	9000	64	1078	31	0.000118	0.013008	0.000118
512	9000	65	1306	18	0.000069	0.015358	0.000069
512	9000	66	1138	24	0.000092	0.013611	0.000092
512	9000	67	1027	34	0.000130	0.012581	0.000130
512	9000	68	1287	22	0.000084	0.015743	0.000084
512	9000	69	1041	38	0.000145	0.012589	0.000145
512	9000	70	1151	23	0.000088	0.014229	0.000088
512	9000	71	1151	21	0.000080	0.013596	0.000080
512	9000	72	1196	26	0.000099	0.014023	0.000099
512	9000	73	1099	36	0.000137	0.013145	0.000137
512	9000	74	1181	20	0.000076	0.014137	0.000076
512	9000	75	1271	20	0.000076	0.014687	0.000076
512	9000	76	1285	29	0.000111	0.016079	0.000111
512	9000	77	1094	17	0.000065	0.012878	0.000065
512	9000	78	1293	23	0.000088	0.015209	0.000088
512	9000	79	1216	24	0.000092	0.014599	0.000092
512	9000	80	1094	21	0.000080	0.012695	0.000080
512	9000	81	1154	26	0.000099	0.013664	0.000099
512	9000	82	1323	20	0.000076	0.016010	0.000076
512	9000	83	1209	30	0.000114	0.014805	0.000114
512	9000	84	1098	21	0.000080	0.013187	0.000080
512	9000	85	1273	25	0.000095	0.014904	0.000095
512	9000	86	1336	25	0.000095	0.015549	0.000095
512	9000	87	1356	21	0.000080	0.016960	0.000080
512	9000	88	1241	24	0.000092	0.015354	0.000092
512	9000	89	1236	23	0.000088	0.015415	0.000088
512	9000	90	1165	24	0.000092	0.013927	0.000092
512	9000	91	1161	22	0.000084	0.014397	0.000084
512	9000	92	1197	26	0.000099	0.014088	0.000099
512	9000	93	1298	19	0.000072	0.014812	0.000072
512	9000	94	1011	26	0.000099	0.012058	0.000099
512	9000	95	1212	40	0.000153	0.014870	0.000153
512	9000	96	1076	35	0.000134	0.013691	0.000134
512	9000	97	1142	25	0.000095	0.013706	0.000095
512	9000	98	1065	20	0.000076	0.012650	0.000076
512	9000	99	1141	22	0.000084	0.013721	0.000084
512	9000	100	1295	25	0.000095	0.015438	0.000095
512	9000	101	1142	24	0.000092	0.014324	0.000092
512	9000	102	984	17	0.000065	0.012249	0.000065
512	9000	103	1318	25	0.000095	0.015743	0.000095
512	9000	104	1375	29	0.000111	0.016804	0.000111
512	9000	105	1158	18	0.000069	0.013454	0.000069
512	9000	106	1024	27	0.000103	0.012486	0.000103
512	9000	107	1214	25	0.000095	0.014702	0.000095
512	9000	108	1257	22	0.000084	0.014843	0.000084
512	9000	109	1079	24	0.000092	0.012596	0.000092
512	9000	110	1049	22	0.000084	0.013016	0.000084
512	9000	111	1370	21	0.000080	0.016441	0.000080
512	9000	112	1135	23	0.000088	0.013615	0.000088
512	9000	113	1166	23	0.000088	0.014389	0.000088
512	9000	114	1136	21	0.000080	0.013500	0.000080
512	9000	115	1434	22	0.000084	0.017124	0.000084
512	9000	116	1172	21	0.000080	0.014248	0.000080
512	9000	117	1182	33	0.000126	0.013683	0.000126
512	9000	118	1150	21	0.000080	0.014370	0.000080
512	9000	119	1062	34	0.000130	0.013294	0.000130
512	9000	120	1281	29	0.000111	0.015881	0.000111
512	9000	121	1172	26	0.000099	0.014343	0.000099
512	9000	122	1148	23	0.000088	0.014454	0.000088
512	9000	123	1040	27	0.000103	0.012604	0.000103
512	9000	124	1219	20	0.000076	0.014214	0.000076
512	9000	125	1279	29	0.000111	0.015675	0.000111
512	9000	126	1270	25	0.000095	0.014553	0.000095
512	9000	127	1143	32	0.000122	0.014229	0.000122
512	9000	128	1295	22	0.000084	0.015881	0.000084
512	9000	129	1191	28	0.000107	0.013981	0.000107
512	9000	130	1310	24	0.000092	0.015766	0.000092
512	9000	131	1089	21	0.000080	0.012897	0.000080
512	9000	132	1186	24	0.000092	0.014591	0.000092
512	9000	133	1233	27	0.000103	0.015118	0.000103
512	9000	134	1104	20	0.000076	0.012562	0.000076
512	9000	135	1069	27	0.000103	0.012844	0.000103
512	9000	136	1100	26	0.000099	0.014000	0.000099
512	9000	137	1120	30	0.000114	0.013466	0.000114
512	9000	138	1147	22	0.000084	0.013626	0.000084
512	9000	139	1239	21	0.000080	0.014832	0.000080
512	9000	140	1146	23	0.000088	0.014301	0.000088
512	9000	141	1174	23	0.000088	0.013897	0.000088
512	9000	142	1207	28	0.000107	0.014809	0.000107
512	9000	143	1142	39	0.000149	0.013802	0.000149
512	9000	144	1013	31	0.000118	0.012405	0.000118
512	9000	145	1220	30	0.000114	0.015442	0.000114
512	9000	146	1083	20	0.000076	0.013016	0.000076
512	9000	147	1136	29	0.000111	0.014225	0.000111
512	9000	148	1041	18	0.000069	0.012814	0.000069
512	9000	149	1293	25	0.000095	0.015781	0.000095
512	9000	150	1180	25	0.000095	0.014126	0.000095
512	9000	151	1216	34	0.000130	0.014309	0.000130
512	9000	152	1212	35	0.000134	0.014263	0.000134
512	9000	153	1262	24	0.000092	0.014549	0.000092
512	9000	154	1051	28	0.000107	0.012100	0.000107
512	9000	155	1173	26	0.000099	0.014454	0.000099
512	9000	156	1368	25	0.000095	0.016582	0.000095
512	9000	157	1406	29	0.000111	0.016804	0.000111
512	9000	158	1241	24	0.000092	0.015308	0.000092
512	9000	159	1273	23	0.000088	0.015270	0.000088
512	9000	160	1026	21	0.000080	0.012657	0.000080
512	9000	161	1090	29	0.000111	0.012756	0.000111
512	9000	162	1344	30	0.000114	0.016422	0.000114
512	9000	163	1205	31	0.000118	0.014923	0.000118
512	9000	164	1157	23	0.000088	0.014599	0.000088
512	9000	165	1140	40	0.000153	0.014332	0.000153
512	9000	166	1219	22	0.000084	0.014610	0.000084
512	9000	167	1168	21	0.000080	0.013367	0.000080
512	9000	168	1229	35	0.000134	0.015091	0.000134
512	9000	169	1203	21	0.000080	0.013897	0.000080
512	9000	170	1355	24	0.000092	0.016178	0.000092
512	9000	171	1181	30	0.000114	0.014267	0.000114
512	9000	172	1295	26	0.000099	0.014694	0.000099
512	9000	173	1337	27	0.000103	0.016048	0.000103
512	9000	174	1100	18	0.000069	0.013149	0.000069
512	9000	175	1034	26	0.000099	0.012306	0.000099
512	9000	176	1100	17	0.000065	0.012978	0.000065
512	9000	177	1180	29	0.000111	0.015148	0.000111
512	9000	178	1176	31	0.000118	0.013893	0.000118
512	9000	179	1182	22	0.000084	0.014355	0.000084
512	9000	180	1137	20	0.000076	0.013538	0.000076
512	9000	181	1137	22	0.000084	0.013809	0.000084
512	9000	182	1128	26	0.000099	0.013489	0.000099
512	9000	183	1388	27	0.000103	0.017056	0.000103
512	9000	184	1118	20	0.000076	0.013405	0.000076
512	9000	185	1208	20	0.000076	0.014702	0.000076
512	9000	186	1165	25	0.000095	0.014019	0.000095
512	9000	187	1068	26	0.000099	0.013229	0.000099
512	9000	188	1383	34	0.000130	0.017292	0.000130
512	9000	189	1251	41	0.000156	0.014957	0.000156
512	9000	190	1096	26	0.000099	0.013981	0.000099
512	9000	191	1208	36	0.000137	0.014427	0.000137
512	9000	192	1366	25	0.000095	0.017139	0.000095
512	9000	193	1243	19	0.000072	0.014908	0.000072
512	9000	194	1125	21	0.000080	0.013279	0.000080
512	9000	195	1427	28	0.000107	0.018063	0.000107
512	9000	196	1300	27	0.000103	0.015308	0.000103
512	9000	197	1038	17	0.000065	0.012539	0.000065
512	9000	198	1277	31	0.000118	0.015789	0.000118
512	9000	199	1374	20	0.000076	0.016075	0.000076
512	9000	200	1194	27	0.000103	0.014225	0.000103
512	9000	201	1118	27	0.000103	0.013657	0.000103
512	9000	202	1213	31	0.000118	0.014347	0.000118
512	9000	203	1059	20	0.000076	0.012550	0.000076
512	9000	204	1471	34	0.000130	0.017914	0.000130
512	9000	205	1255	25	0.000095	0.015446	0.000095
512	9000	206	1245	22	0.000084	0.015125	0.000084
512	9000	207	1324	27	0.000103	0.016090	0.000103
512	9000	208	1309	23	0.000088	0.015350	0.000088
512	9000	209	1019	26	0.000099	0.012150	0.000099
512	9000	210	1320	28	0.000107	0.015888	0.000107
512	9000	211	1191	23	0.000088	0.014435	0.000088
512	9000	212	1218	28	0.000107	0.014454	0.000107
512	9000	213	1179	24	0.000092	0.013996	0.000092
512	9000	214	1232	21	0.000080	0.014725	0.000080
512	9000	215	1259	18	0.000069	0.015152	0.000069
512	9000	216	1315	23	0.000088	0.016026	0.000088
512	9000	217	1468	27	0.000103	0.017876	0.000103
512	9000	218	1169	22	0.000084	0.014328	0.000084
512	9000	219	1138	26	0.000099	0.014301	0.000099
512	9000	220	1171	22	0.000084	0.014496	0.000084
512	9000	221	1185	18	0.000069	0.013771	0.000069
512	9000	222	1380	22	0.000084	0.016224	0.000084
512	9000	223	1245	27	0.000103	0.015785	0.000103
512	9000	224	1079	26	0.000099	0.013145	0.000099
512	9000	225	1177	32	0.000122	0.014603	0.000122
512	9000	226	1104	25	0.000095	0.012959	0.000095
512	9000	227	1116	38	0.000145	0.013950	0.000145
512	9000	228	1344	30	0.000114	0.016281	0.000114
512	9000	229	1165	42	0.000160	0.013897	0.000160
512	9000	230	1195	22	0.000084	0.013973	0.000084
512	9000	231	1224	36	0.000137	0.014694	0.000137
512	9000	232	1042	40	0.000153	0.012932	0.000153
512	9000	233	1257	23	0.000088	0.014587	0.000088
512	9000	234	1108	25	0.000095	0.012718	0.000095
512	9000	235	1029	20	0.000076	0.012119	0.000076
512	9000	236	1305	22	0.000084	0.016113	0.000084
512	9000	237	1208	23	0.000088	0.015224	0.000088
512	9000	238	1234	21	0.000080	0.015526	0.000080
512	9000	239	1090	26	0.000099	0.013779	0.000099
512	9000	240	1157	24	0.000092	0.013889	0.000092
512	9000	241	1308	21	0.000080	0.015915	0.000080
512	9000	242	1168	20	0.000076	0.013954	0.000076
512	9000	243	1141	28	0.000107	0.013878	0.000107
512	9000	244	1225	28	0.000107	0.015442	0.000107
512	9000	245	1233	31	0.000118	0.015202	0.000118
512	9000	246	1229	31	0.000118	0.015236	0.000118
512	9000	247	1298	22	0.000084	0.016323	0.000084
512	9000	248	1414	31	0.000118	0.017277	0.000118
512	9000	249	1174	22	0.000084	0.014446	0.000084
512	9000	250	1219	21	0.000080	0.015247	0.000080
512	9000	251	1165	25	0.000095	0.014126	0.000095
512	9000	252	1164	22	0.000084	0.013893	0.000084
512	9000	253	1167	35	0.000134	0.014225	0.000134
512	9000	254	1245	21	0.000080	0.014450	0.000080
512	9000	255	1093	32	0.000122	0.012753	0.000122
512	9000	256	1271	27	0.000103	0.014973	0.000103
512	9000	257	1170	26	0.000099	0.013996	0.000099
512	9000	258	1337	31	0.000118	0.016129	0.000118
512	9000	259	1055	34	0.000130	0.012691	0.000130
512	9000	260	1189	24	0.000092	0.014137	0.000092
512	9000	261	1202	18	0.000069	0.015182	0.000069
512	9000	262	1119	27	0.000103	0.013584	0.000103
512	9000	263	1183	33	0.000126	0.014374	0.000126
512	9000	264	1186	20	0.000076	0.014523	0.000076
512	9000	265	1267	36	0.000137	0.015217	0.000137
512	9000	266	1161	25	0.000095	0.014423	0.000095
512	9000	267	1181	33	0.000126	0.014771	0.000126
512	9000	268	1250	24	0.000092	0.015053	0.000092
512	9000	269	1146	26	0.000099	0.014328	0.000099
512	9000	270	1225	25	0.000095	0.014771	0.000095
512	9000	271	1173	25	0.000095	0.014835	0.000095
512	9000	272	1228	22	0.000084	0.014576	0.000084
512	9000	273	1385	39	0.000149	0.016884	0.000149
512	9000	274	1231	30	0.000114	0.015259	0.000114
512	9000	275	1189	20	0.000076	0.014370	0.000076
512	9000	276	1221	25	0.000095	0.014839	0.000095
512	9000	277	1308	23	0.000088	0.016193	0.000088
512	9000	278	1328	23	0.000088	0.015522	0.000088
512	9000	279	1110	22	0.000084	0.013474	0.000084
512	9000	280	1182	20	0.000076	0.014355	0.000076
512	9000	281	1261	28	0.000107	0.014576	0.000107
512	9000	282	1117	20	0.000076	0.013222	0.000076
512	9000	283	1092	22	0.000084	0.012737	0.000084
512	9000	284	1098	18	0.000069	0.012657	0.000069
512	9000	285	1217	22	0.000084	0.014011	0.000084
512	9000	286	1150	23	0.000088	0.013939	0.000088
512	9000	287	1140	22	0.000084	0.013485	0.000084
512	9000	288	1221	26	0.000099	0.014801	0.000099
512	9000	289	1308	22	0.000084	0.015892	0.000084
512	9000	290	1094	21	0.000080	0.013561	0.000080
512	9000	291	1082	18	0.000069	0.012627	0.000069
512	9000	292	1169	26	0.000099	0.014381	0.000099
512	9000	293	1101	28	0.000107	0.013397	0.000107
512	9000	294	1004	21	0.000080	0.011723	0.000080
512	9000	295	1106	25	0.000095	0.013290	0.000095
512	9000	296	1248	25	0.000095	0.015133	0.000095
512	9000	297	1170	23	0.000088	0.013744	0.000088
512	9000	298	1202	27	0.000103	0.015232	0.000103
512	9000	299	1235	25	0.000095	0.015320	0.000095
512	9000	300	1152	34	0.000130	0.014160	0.000130
512	9000	301	978	22	0.000084	0.012039	0.000084
512	9000	302	1247	21	0.000080	0.014702	0.000080
512	9000	303	1155	22	0.000084	0.014359	0.000084
512	9000	304	1240	24	0.000092	0.015202	0.000092
512	9000	305	1178	41	0.000156	0.015072	0.000156
512	9000	306	1254	27	0.000103	0.015545	0.000103
512	9000	307	1251	25	0.000095	0.015244	0.000095
512	9000	308	1046	31	0.000118	0.012959	0.000118
512	9000	309	1183	31	0.000118	0.014214	0.000118
512	9000	310	1116	34	0.000130	0.014156	0.000130
512	9000	311	1186	27	0.000103	0.014221	0.000103
512	9000	312	1233	20	0.000076	0.014851	0.000076
512	9000	313	1151	16	0.000061	0.013077	0.000061
512	9000	314	1241	23	0.000088	0.014591	0.000088
512	9000	315	1236	32	0.000122	0.015305	0.000122
512	9000	316	1405	27	0.000103	0.016621	0.000103
512	9000	317	1156	24	0.000092	0.013786	0.000092
512	9000	318	1195	25	0.000095	0.014004	0.000095
512	9000	319	1171	27	0.000103	0.014465	0.000103
512	9000	320	1098	25	0.000095	0.013340	0.000095
512	9000	321	1134	23	0.000088	0.013702	0.000088
512	9000	322	1290	34	0.000130	0.016106	0.000130
512	9000	323	1263	29	0.000111	0.015545	0.000111
512	9000	324	1205	17	0.000065	0.013664	0.000065
512	9000	325	1254	30	0.000114	0.015110	0.000114
512	9000	326	1100	18	0.000069	0.013149	0.000069
512	9000	327	1151	28	0.000107	0.014019	0.000107
512	9000	328	1327	24	0.000092	0.015324	0.000092
512	9000	329	1207	25	0.000095	0.014439	0.000095
512	9000	330	1125	20	0.000076	0.013416	0.000076
512	9000	331	1306	25	0.000095	0.015827	0.000095
512	9000	332	1143	17	0.000065	0.013252	0.000065
512	9000	333	1202	27	0.000103	0.015064	0.000103
512	9000	334	1190	22	0.000084	0.014103	0.000084
512	9000	335	1240	21	0.000080	0.014755	0.000080
512	9000	336	1179	24	0.000092	0.013943	0.000092
512	9000	337	1241	30	0.000114	0.015480	0.000114
512	9000	338	1137	23	0.000088	0.013981	0.000088
512	9000	339	937	29	0.000111	0.011147	0.000111
512	9000	340	1301	24	0.000092	0.015881	0.000092
512	9000	341	1200	19	0.000072	0.014675	0.000072
512	9000	342	1374	24	0.000092	0.016289	0.000092
512	9000	343	1243	28	0.000107	0.015564	0.000107
512	9000	344	1410	27	0.000103	0.016804	0.000103
512	9000	345	1164	30	0.000114	0.013783	0.000114
512	9000	346	1048	23	0.000088	0.013023	0.000088
512	9000	347	1173	42	0.000160	0.013504	0.000160
512	9000	348	1307	19	0.000072	0.015732	0.000072
512	9000	349	1377	27	0.000103	0.016659	0.000103
512	9000	350	1190	22	0.000084	0.013420	0.000084
512	9000	351	1221	23	0.000088	0.014969	0.000088
512	9000	352	1296	30	0.000114	0.015526	0.000114
512	9000	353	1215	22	0.000084	0.014320	0.000084
512	9000	354	1198	24	0.000092	0.014389	0.000092
512	9000	355	1069	27	0.000103	0.013145	0.000103
512	9000	356	1043	21	0.000080	0.012295	0.000080
512	9000	357	1305	31	0.000118	0.015926	0.000118
512	9000	358	1226	26	0.000099	0.014984	0.000099
512	9000	359	1124	29	0.000111	0.013283	0.000111
512	9000	360	1094	22	0.000084	0.013412	0.000084
512	9000	361	1242	40	0.000153	0.015404	0.000153
512	9000	362	1124	32	0.000122	0.013889	0.000122
512	9000	363	1253	35	0.000134	0.014984	0.000134
512	9000	364	1323	24	0.000092	0.016514	0.000092
512	9000	365	1069	19	0.000072	0.012585	0.000072
512	9000	366	1133	29	0.000111	0.013237	0.000111
512	9000	367	1205	28	0.000107	0.014809	0.000107
512	9000	368	1100	23	0.000088	0.013401	0.000088
512	9000	369	1263	24	0.000092	0.015240	0.000092
512	9000	370	1251	21	0.000080	0.015205	0.000080
512	9000	371	1490	29	0.000111	0.017857	0.000111
512	9000	372	1415	21	0.000080	0.017513	0.000080
512	9000	373	1254	23	0.000088	0.014805	0.000088
512	9000	374	1232	23	0.000088	0.014797	0.000088
512	9000	375	1232	24	0.000092	0.014500	0.000092
512	9000	376	1094	24	0.000092	0.013050	0.000092
512	9000	377	1253	24	0.000092	0.015083	0.000092
512	9000	378	1319	22	0.000084	0.015575	0.000084
512	9000	379	1328	23	0.000088	0.016056	0.000088
512	9000	380	1309	25	0.000095	0.015709	0.000095
512	9000	381	1036	28	0.000107	0.013103	0.000107
512	9000	382	1106	30	0.000114	0.013416	0.000114
512	9000	383	1112	21	0.000080	0.013916	0.000080
512	9000	384	1168	18	0.000069	0.013508	0.000069
512	9000	385	1204	25	0.000095	0.014023	0.000095
512	9000	386	1089	23	0.000088	0.013237	0.000088
512	9000	387	1270	27	0.000103	0.015373	0.000103
512	9000	388	1185	34	0.000130	0.014244	0.000130
512	9000	389	1154	26	0.000099	0.013828	0.000099
512	9000	390	1105	32	0.000122	0.013935	0.000122
512	9000	391	1225	26	0.000099	0.014725	0.000099
512	9000	392	1263	21	0.000080	0.014725	0.000080
512	9000	393	1113	27	0.000103	0.013062	0.000103
512	9000	394	1070	22	0.000084	0.013252	0.000084
512	9000	395	1237	29	0.000111	0.014549	0.000111
512	9000	396	1322	30	0.000114	0.016521	0.000114
512	9000	397	1112	19	0.000072	0.013706	0.000072
512	9000	398	1064	28	0.000107	0.012199	0.000107
512	9000	399	1351	32	0.000122	0.017231	0.000122
512	9000	400	1238	19	0.000072	0.014736	0.000072
512	9000	401	1147	27	0.000103	0.013744	0.000103
512	9000	402	1085	22	0.000084	0.013268	0.000084
512	9000	403	1088	21	0.000080	0.012791	0.000080
512	9000	404	1169	22	0.000084	0.014400	0.000084
512	9000	405	1167	22	0.000084	0.014301	0.000084
512	9000	406	1336	25	0.000095	0.016319	0.000095
512	9000	407	1290	29	0.000111	0.015888	0.000111
512	9000	408	1229	32	0.000122	0.014843	0.000122
512	9000	409	1039	20	0.000076	0.012123	0.000076
512	9000	410	1120	33	0.000126	0.014538	0.000126
512	9000	411	1170	24	0.000092	0.014488	0.000092
512	9000	412	1222	25	0.000095	0.015266	0.000095
512	9000	413	1185	25	0.000095	0.014347	0.000095
512	9000	414	1205	22	0.000084	0.014236	0.000084
512	9000	415	1240	25	0.000095	0.014267	0.000095
512	9000	416	1069	28	0.000107	0.013180	0.000107
512	9000	417	1162	22	0.000084	0.013844	0.000084
512	9000	418	1303	29	0.000111	0.016460	0.000111
512	9000	419	1089	20	0.000076	0.014042	0.000076
512	9000	420	1222	24	0.000092	0.015560	0.000092
512	9000	421	1199	30	0.000114	0.014946	0.000114
512	9000	422	1163	32	0.000122	0.013710	0.000122
512	9000	423	1245	29	0.000111	0.014427	0.000111
512	9000	424	1144	22	0.000084	0.013756	0.000084
512	9000	425	1208	27	0.000103	0.014465	0.000103
512	9000	426	1263	27	0.000103	0.015141	0.000103
512	9000	427	1094	26	0.000099	0.012932	0.000099
512	9000	428	1199	26	0.000099	0.015858	0.000099
512	9000	429	1258	29	0.000111	0.015427	0.000111
512	9000	430	1079	23	0.000088	0.013058	0.000088
512	9000	431	1226	32	0.000122	0.015049	0.000122
512	9000	432	1175	28	0.000107	0.014339	0.000107
512	9000	433	1366	27	0.000103	0.016060	0.000103
512	9000	434	1421	31	0.000118	0.017754	0.000118
512	9000	435	1107	22	0.000084	0.013126	0.000084
512	9000	436	1226	23	0.000088	0.015156	0.000088
512	9000	437	1212	25	0.000095	0.014626	0.000095
512	9000	438	1080	25	0.000095	0.012768	0.000095
512	9000	439	1193	30	0.000114	0.014664	0.000114
512	9000	440	1213	25	0.000095	0.014793	0.000095
512	9000	441	1142	22	0.000084	0.013584	0.000084
512	9000	442	1226	26	0.000099	0.014328	0.000099
512	9000	443	1027	26	0.000099	0.012878	0.000099
512	9000	444	1357	19	0.000072	0.015808	0.000072
512	9000	445	1185	26	0.000099	0.014530	0.000099
512	9000	446	1071	19	0.000072	0.013287	0.000072
512	9000	447	1060	23	0.000088	0.013443	0.000088
512	9000	448	1047	21	0.000080	0.013645	0.000080
512	9000	449	1374	23	0.000088	0.016441	0.000088
512	9000	450	1261	37	0.000141	0.015732	0.000141
512	9000	451	1187	22	0.000084	0.014874	0.000084
512	9000	452	1201	28	0.000107	0.014210	0.000107
512	9000	453	1145	24	0.000092	0.013535	0.000092
512	9000	454	1291	29	0.000111	0.016060	0.000111
512	9000	455	1260	24	0.000092	0.015411	0.000092
512	9000	456	1256	26	0.000099	0.014809	0.000099
512	9000	457	1208	32	0.000122	0.014336	0.000122
512	9000	458	1208	20	0.000076	0.014168	0.000076
512	9000	459	1054	30	0.000114	0.012890	0.000114
512	9000	460	1185	28	0.000107	0.015167	0.000107
512	9000	461	1132	20	0.000076	0.013424	0.000076
512	9000	462	1090	19	0.000072	0.012619	0.000072
512	9000	463	1147	21	0.000080	0.013966	0.000080
512	9000	464	1333	29	0.000111	0.016369	0.000111
512	9000	465	1350	23	0.000088	0.016403	0.000088
512	9000	466	1018	36	0.000137	0.012630	0.000137
512	9000	467	1197	26	0.000099	0.014694	0.000099
512	9000	468	1314	23	0.000088	0.016380	0.000088
512	9000	469	1267	18	0.000069	0.015137	0.000069
512	9000	470	1120	22	0.000084	0.013687	0.000084
512	9000	471	1325	23	0.000088	0.015865	0.000088
512	9000	472	1113	20	0.000076	0.013550	0.000076
512	9000	473	1222	29	0.000111	0.015129	0.000111
512	9000	474	1128	22	0.000084	0.013153	0.000084
512	9000	475	1121	33	0.000126	0.013485	0.000126
512	9000	476	1288	23	0.000088	0.015759	0.000088
512	9000	477	1246	28	0.000107	0.015373	0.000107
512	9000	478	1159	23	0.000088	0.013905	0.000088
512	9000	479	1341	41	0.000156	0.016624	0.000156
512	9000	480	1131	21	0.000080	0.014008	0.000080
512	9000	481	1226	25	0.000095	0.015141	0.000095
512	9000	482	1090	19	0.000072	0.013210	0.000072
512	9000	483	1154	23	0.000088	0.013985	0.000088
512	9000	484	1369	24	0.000092	0.016529	0.000092
512	9000	485	1259	25	0.000095	0.015301	0.000095
512	9000	486	1254	21	0.000080	0.015545	0.000080
512	9000	487	1114	30	0.000114	0.014301	0.000114
512	9000	488	1101	19	0.000072	0.012890	0.000072
512	9000	489	1223	20	0.000076	0.014046	0.000076
512	9000	490	1213	34	0.000130	0.014355	0.000130
512	9000	491	1219	23	0.000088	0.015266	0.000088
512	9000	492	1060	26	0.000099	0.013519	0.000099
512	9000	493	1196	28	0.000107	0.015194	0.000107
512	9000	494	1192	33	0.000126	0.014229	0.000126
512	9000	495	1167	23	0.000088	0.014339	0.000088
512	9000	496	1280	25	0.000095	0.015549	0.000095
512	9000	497	1199	26	0.000099	0.014835	0.000099
512	9000	498	1235	23	0.000088	0.014683	0.000088
512	9000	499	1433	22	0.000084	0.017860	0.000084
512	9000	500	1203	22	0.000084	0.015369	0.000084
512	9000	501	1015	17	0.000065	0.012630	0.000065
512	9000	502	1289	27	0.000103	0.015972	0.000103
512	9000	503	1432	29	0.000111	0.017822	0.000111
512	9000	504	1244	23	0.000088	0.014530	0.000088
512	9000	505	1212	27	0.000103	0.014381	0.000103
512	9000	506	1236	27	0.000103	0.015106	0.000103
512	9000	507	1258	31	0.000118	0.014996	0.000118
512	9000	508	1407	30	0.000114	0.017410	0.000114
512	9000	509	1222	21	0.000080	0.014885	0.000080
512	9000	510	1060	23	0.000088	0.012791	0.000088
512	9000	511	1265	29	0.000111	0.015858	0.000111
512	9000	512	1085	31	0.000118	0.012760	0.000118
512	9000	513	1273	28	0.000107	0.015564	0.000107
512	9000	514	1282	44	0.000168	0.016357	0.000168
512	9000	515	1193	26	0.000099	0.014332	0.000099
512	9000	516	1236	23	0.000088	0.015011	0.000088
512	9000	517	1120	33	0.000126	0.013809	0.000126
512	9000	518	1258	27	0.000103	0.015404	0.000103
512	9000	519	1183	18	0.000069	0.013771	0.000069
512	9000	520	1402	19	0.000072	0.016823	0.000072
512	9000	521	1244	38	0.000145	0.014896	0.000145
512	9000	522	1307	23	0.000088	0.015312	0.000088
512	9000	523	1231	24	0.000092	0.015278	0.000092
512	9000	524	1164	20	0.000076	0.014439	0.000076
512	9000	525	1280	29	0.000111	0.016068	0.000111
512	9000	526	1090	35	0.000134	0.013515	0.000134
512	9000	527	1175	21	0.000080	0.014465	0.000080
512	9000	528	1256	24	0.000092	0.015190	0.000092
512	9000	529	1200	22	0.000084	0.014408	0.000084
512	9000	530	1182	23	0.000088	0.013756	0.000088
512	9000	531	1296	29	0.000111	0.015629	0.000111
512	9000	532	1256	20	0.000076	0.015224	0.000076
512	9000	533	1161	26	0.000099	0.013393	0.000099
512	9000	534	1069	19	0.000072	0.013374	0.000072
512	9000	535	1206	37	0.000141	0.014481	0.000141
512	9000	536	1026	19	0.000072	0.012051	0.000072
512	9000	537	1126	22	0.000084	0.013252	0.000084
512	9000	538	1121	29	0.000111	0.014202	0.000111
512	9000	539	1133	26	0.000099	0.013519	0.000099
512	9000	540	1180	41	0.000156	0.014023	0.000156
512	9000	541	1229	30	0.000114	0.015083	0.000114
512	9000	542	926	26	0.000099	0.011311	0.000099
512	9000	543	1037	22	0.000084	0.012722	0.000084
512	9000	544	1148	22	0.000084	0.014233	0.000084
512	9000	545	1436	37	0.000141	0.017559	0.000141
512	9000	546	1151	23	0.000088	0.013233	0.000088
512	9000	547	1352	29	0.000111	0.016605	0.000111
512	9000	548	1308	44	0.000168	0.015625	0.000168
512	9000	549	1198	23	0.000088	0.014977	0.000088
512	9000	550	1319	28	0.000107	0.015762	0.000107
512	9000	551	1117	20	0.000076	0.012863	0.000076
512	9000	552	1152	23	0.000088	0.013222	0.000088
512	9000	553	1091	26	0.000099	0.013268	0.000099
512	9000	554	1027	30	0.000114	0.012093	0.000114
512	9000	555	1341	32	0.000122	0.016541	0.000122
512	9000	556	1100	27	0.000103	0.013008	0.000103
512	9000	557	1254	31	0.000118	0.015038	0.000118
512	9000	558	1181	20	0.000076	0.013836	0.000076
512	9000	559	1102	26	0.000099	0.013863	0.000099
512	9000	560	962	18	0.000069	0.011543	0.000069
512	9000	561	1183	20	0.000076	0.014244	0.000076
512	9000	562	1187	22	0.000084	0.013824	0.000084
512	9000	563	1293	21	0.000080	0.014927	0.000080
512	9000	564	1147	21	0.000080	0.013798	0.000080
512	9000	565	1119	22	0.000084	0.014313	0.000084
512	9000	566	1062	19	0.000072	0.012623	0.000072
512	9000	567	1130	21	0.000080	0.013939	0.000080
512	9000	568	1099	22	0.000084	0.012814	0.000084
512	9000	569	1112	22	0.000084	0.013138	0.000084
512	9000	570	1204	30	0.000114	0.014896	0.000114
512	9000	571	1116	20	0.000076	0.013973	0.000076
512	9000	572	1148	26	0.000099	0.014027	0.000099
512	9000	573	1135	21	0.000080	0.013103	0.000080
512	9000	574	1412	29	0.000111	0.017567	0.000111
512	9000	575	1282	23	0.000088	0.015575	0.000088
512	9000	576	1192	30	0.000114	0.014545	0.000114
512	9000	577	1075	23	0.000088	0.013538	0.000088
512	9000	578	1163	26	0.000099	0.014309	0.000099
512	9000	579	1293	31	0.000118	0.015663	0.000118
512	9000	580	1163	30	0.000114	0.014198	0.000114
512	9000	581	1124	27	0.000103	0.013557	0.000103
512	9000	582	1258	27	0.000103	0.015038	0.000103
512	9000	583	1148	25	0.000095	0.013802	0.000095
512	9000	584	1057	19	0.000072	0.012959	0.000072
512	9000	585	1222	19	0.000072	0.014656	0.000072
512	9000	586	915	18	0.000069	0.011230	0.000069
512	9000	587	1284	24	0.000092	0.015549	0.000092
512	9000	588	1113	28	0.000107	0.013779	0.000107
512	9000	589	1303	23	0.000088	0.015442	0.000088
512	9000	590	1130	20	0.000076	0.013168	0.000076
512	9000	591	1236	29	0.000111	0.014603	0.000111
512	9000	592	1210	22	0.000084	0.014168	0.000084
512	9000	593	1251	35	0.000134	0.015041	0.000134
512	9000	594	1121	22	0.000084	0.013752	0.000084
512	9000	595	1224	29	0.000111	0.015385	0.000111
512	9000	596	1033	20	0.000076	0.012783	0.000076
512	9000	597	1146	32	0.000122	0.013458	0.000122
512	9000	598	1243	28	0.000107	0.015053	0.000107
512	9000	599	1247	32	0.000122	0.015400	0.000122
512	9000	600	1170	29	0.000111	0.014797	0.000111
512	9000	601	1144	23	0.000088	0.013538	0.000088
512	9000	602	1341	25	0.000095	0.016880	0.000095
512	9000	603	1252	28	0.000107	0.015339	0.000107
512	9000	604	1157	30	0.000114	0.013794	0.000114
512	9000	605	1030	25	0.000095	0.013279	0.000095
512	9000	606	1166	27	0.000103	0.014137	0.000103
512	9000	607	1148	25	0.000095	0.014679	0.000095
512	9000	608	1245	29	0.000111	0.014549	0.000111
512	9000	609	1419	23	0.000088	0.017567	0.000088
512	9000	610	1335	22	0.000084	0.016068	0.000084
512	9000	611	1082	22	0.000084	0.012741	0.000084
512	9000	612	1192	23	0.000088	0.014797	0.000088
512	9000	613	1294	21	0.000080	0.015816	0.000080
512	9000	614	1261	26	0.000099	0.015743	0.000099
512	9000	615	1087	31	0.000118	0.013203	0.000118
512	9000	616	1014	23	0.000088	0.012337	0.000088
512	9000	617	1122	23	0.000088	0.013706	0.000088
512	9000	618	1176	32	0.000122	0.014061	0.000122
512	9000	619	1387	36	0.000137	0.016712	0.000137
512	9000	620	1149	33	0.000126	0.014538	0.000126
512	9000	621	1337	22	0.000084	0.016129	0.000084
512	9000	622	1206	31	0.000118	0.014835	0.000118
512	9000	623	1115	22	0.000084	0.014034	0.000084
512	9000	624	1335	49	0.000187	0.016506	0.000187
512	9000	625	1110	30	0.000114	0.013489	0.000114
512	9000	626	1202	22	0.000084	0.014759	0.000084
512	9000	627	1255	28	0.000107	0.014828	0.000107
512	9000	628	1143	35	0.000134	0.013622	0.000134
512	9000	629	1186	22	0.000084	0.014126	0.000084
512	9000	630	1191	25	0.000095	0.013699	0.000095
512	9000	631	1376	34	0.000130	0.016407	0.000130
512	9000	632	1055	22	0.000084	0.013290	0.000084
512	9000	633	1179	23	0.000088	0.014946	0.000088
512	9000	634	1189	26	0.000099	0.014835	0.000099
512	9000	635	1054	18	0.000069	0.012573	0.000069
512	9000	636	1176	21	0.000080	0.014717	0.000080
512	9000	637	1173	26	0.000099	0.013855	0.000099
512	9000	638	1187	24	0.000092	0.014301	0.000092
512	9000	639	1275	20	0.000076	0.015358	0.000076
512	9000	640	1234	29	0.000111	0.014652	0.000111
512	9000	641	1137	28	0.000107	0.013855	0.000107
512	9000	642	1294	26	0.000099	0.016308	0.000099
512	9000	643	1212	28	0.000107	0.014896	0.000107
512	9000	644	1266	26	0.000099	0.015579	0.000099
512	9000	645	1092	20	0.000076	0.012917	0.000076
512	9000	646	1276	25	0.000095	0.016010	0.000095
512	9000	647	1092	28	0.000107	0.012508	0.000107
512	9000	648	1346	27	0.000103	0.016273	0.000103
512	9000	649	1235	28	0.000107	0.015469	0.000107
512	9000	650	1176	22	0.000084	0.014275	0.000084
512	9000	651	1125	28	0.000107	0.013828	0.000107
512	9000	652	1116	22	0.000084	0.013851	0.000084
512	9000	653	1211	27	0.000103	0.015659	0.000103
512	9000	654	1186	25	0.000095	0.014668	0.000095
512	9000	655	1060	27	0.000103	0.013500	0.000103
512	9000	656	1163	21	0.000080	0.014652	0.000080
512	9000	657	1108	26	0.000099	0.012787	0.000099
512	9000	658	1186	20	0.000076	0.014210	0.000076
512	9000	659	1069	27	0.000103	0.012611	0.000103
512	9000	660	1177	30	0.000114	0.015198	0.000114
512	9000	661	989	23	0.000088	0.011814	0.000088
512	9000	662	1152	27	0.000103	0.014523	0.000103
512	9000	663	1160	25	0.000095	0.013813	0.000095
512	9000	664	1031	20	0.000076	0.013065	0.000076
512	9000	665	1178	29	0.000111	0.014725	0.000111
512	9000	666	1145	19	0.000072	0.013493	0.000072
512	9000	667	1159	20	0.000076	0.014259	0.000076
512	9000	668	1190	21	0.000080	0.013927	0.000080
512	9000	669	1109	20	0.000076	0.012943	0.000076
512	9000	670	1268	24	0.000092	0.014935	0.000092
512	9000	671	1139	23	0.000088	0.013809	0.000088
512	9000	672	1360	30	0.000114	0.016117	0.000114
512	9000	673	1103	20	0.000076	0.013321	0.000076
512	9000	674	1160	33	0.000126	0.014183	0.000126
512	9000	675	1032	51	0.000195	0.012634	0.000195
512	9000	676	1174	21	0.000080	0.014366	0.000080
512	9000	677	1145	37	0.000141	0.014156	0.000141
512	9000	678	1255	30	0.000114	0.015026	0.000114
512	9000	679	1259	33	0.000126	0.015659	0.000126
512	9000	680	1443	27	0.000103	0.018047	0.000103
512	9000	681	1211	28	0.000107	0.014568	0.000107
512	9000	682	1267	20	0.000076	0.015385	0.000076
512	9000	683	1294	23	0.000088	0.015732	0.000088
512	9000	684	1125	27	0.000103	0.013130	0.000103
512	9000	685	1156	17	0.000065	0.014111	0.000065
512	9000	686	1268	24	0.000092	0.015827	0.000092
512	9000	687	1157	32	0.000122	0.013889	0.000122
512	9000	688	1020	23	0.000088	0.011990	0.000088
512	9000	689	1246	28	0.000107	0.016266	0.000107
512	9000	690	1103	25	0.000095	0.013527	0.000095
512	9000	691	1161	23	0.000088	0.013676	0.000088
512	9000	692	1190	24	0.000092	0.014416	0.000092
512	9000	693	1123	18	0.000069	0.012428	0.000069
512	9000	694	1224	21	0.000080	0.014854	0.000080
512	9000	695	1023	24	0.000092	0.011948	0.000092
512	9000	696	1186	29	0.000111	0.014256	0.000111
512	9000	697	1196	22	0.000084	0.014721	0.000084
512	9000	698	1146	25	0.000095	0.013943	0.000095
512	9000	699	1311	22	0.000084	0.015339	0.000084
512	9000	700	934	19	0.000072	0.010830	0.000072
512	9000	701	1294	19	0.000072	0.014748	0.000072
512	9000	702	1093	25	0.000095	0.013725	0.000095
512	9000	703	1157	19	0.000072	0.013214	0.000072
512	9000	704	1183	21	0.000080	0.015110	0.000080
512	9000	705	1147	24	0.000092	0.014065	0.000092
512	9000	706	1372	27	0.000103	0.016605	0.000103
512	9000	707	1293	29	0.000111	0.015594	0.000111
512	9000	708	1291	28	0.000107	0.016094	0.000107
512	9000	709	1133	22	0.000084	0.014408	0.000084
512	9000	710	1072	17	0.000065	0.013393	0.000065
512	9000	711	1309	25	0.000095	0.015751	0.000095
512	9000	712	1164	28	0.000107	0.014259	0.000107
512	9000	713	1125	22	0.000084	0.013569	0.000084
512	9000	714	1247	27	0.000103	0.015594	0.000103
512	9000	715	986	20	0.000076	0.011894	0.000076
512	9000	716	1287	20	0.000076	0.015095	0.000076
512	9000	717	1062	21	0.000080	0.012878	0.000080
512	9000	718	1112	20	0.000076	0.013462	0.000076
512	9000	719	1123	22	0.000084	0.013500	0.000084
512	9000	720	1264	23	0.000088	0.015034	0.000088
512	9000	721	1338	23	0.000088	0.016090	0.000088
512	9000	722	1228	19	0.000072	0.015148	0.000072
512	9000	723	1049	24	0.000092	0.013000	0.000092
512	9000	724	1158	22	0.000084	0.013462	0.000084
512	9000	725	1180	24	0.000092	0.013878	0.000092
512	9000	726	1121	23	0.000088	0.012867	0.000088
512	9000	727	1174	22	0.000084	0.013523	0.000084
512	9000	728	1295	27	0.000103	0.015133	0.000103
512	9000	729	1111	37	0.000141	0.013714	0.000141
512	9000	730	1329	18	0.000069	0.015884	0.000069
512	9000	731	1178	24	0.000092	0.014118	0.000092
512	9000	732	1211	27	0.000103	0.014435	0.000103
512	9000	733	1119	24	0.000092	0.013916	0.000092
512	9000	734	1279	26	0.000099	0.015144	0.000099
512	9000	735	1243	24	0.000092	0.015076	0.000092
512	9000	736	1114	24	0.000092	0.013481	0.000092
512	9000	737	1227	25	0.000095	0.014980	0.000095
512	9000	738	1216	23	0.000088	0.015144	0.000088
512	9000	739	1206	25	0.000095	0.013912	0.000095
512	9000	740	1119	23	0.000088	0.012936	0.000088
512	9000	741	1232	28	0.000107	0.015583	0.000107
512	9000	742	1205	21	0.000080	0.014565	0.000080
512	9000	743	1279	21	0.000080	0.015827	0.000080
512	9000	744	1137	23	0.000088	0.013535	0.000088
512	9000	745	1028	19	0.000072	0.012268	0.000072
512	9000	746	1114	28	0.000107	0.014236	0.000107
512	9000	747	1222	27	0.000103	0.015308	0.000103
512	9000	748	1271	25	0.000095	0.015465	0.000095
512	9000	749	1238	20	0.000076	0.014557	0.000076
512	9000	750	1123	31	0.000118	0.013329	0.000118
512	9000	751	1160	18	0.000069	0.013561	0.000069
512	9000	752	1070	21	0.000080	0.012787	0.000080
512	9000	753	1025	24	0.000092	0.012173	0.000092
512	9000	754	1179	30	0.000114	0.014503	0.000114
512	9000	755	1434	31	0.000118	0.017647	0.000118
512	9000	756	1064	19	0.000072	0.012791	0.000072
512	9000	757	1243	22	0.000084	0.015186	0.000084
512	9000	758	1110	30	0.000114	0.013313	0.000114
512	9000	759	1342	23	0.000088	0.015732	0.000088
512	9000	760	1181	24	0.000092	0.013847	0.000092
512	9000	761	1350	23	0.000088	0.017532	0.000088
512	9000	762	1270	24	0.000092	0.014919	0.000092
512	9000	763	1143	22	0.000084	0.014046	0.000084
512	9000	764	1256	24	0.000092	0.015018	0.000092
512	9000	765	1455	35	0.000134	0.018135	0.000134
512	9000	766	1193	22	0.000084	0.014324	0.000084
512	9000	767	1261	20	0.000076	0.015652	0.000076
512	9000	768	1010	20	0.000076	0.012142	0.000076
512	9000	769	1162	29	0.000111	0.014400	0.000111
512	9000	770	1263	19	0.000072	0.014553	0.000072
512	9000	771	1058	27	0.000103	0.012909	0.000103
512	9000	772	1021	23	0.000088	0.012608	0.000088
512	9000	773	1142	26	0.000099	0.013397	0.000099
512	9000	774	1296	27	0.000103	0.016102	0.000103
512	9000	775	1287	30	0.000114	0.015209	0.000114
512	9000	776	1327	33	0.000126	0.016445	0.000126
512	9000	777	1170	24	0.000092	0.014194	0.000092
512	9000	778	1124	29	0.000111	0.013584	0.000111
512	9000	779	1122	22	0.000084	0.014042	0.000084
512	9000	780	1010	22	0.000084	0.013119	0.000084
512	9000	781	1406	31	0.000118	0.017197	0.000118
512	9000	782	1167	27	0.000103	0.014030	0.000103
512	9000	783	1054	27	0.000103	0.012825	0.000103
512	9000	784	1161	30	0.000114	0.014462	0.000114
512	9000	785	1154	28	0.000107	0.014225	0.000107
512	9000	786	1429	28	0.000107	0.017525	0.000107
512	9000	787	1127	28	0.000107	0.013386	0.000107
512	9000	788	1186	21	0.000080	0.014629	0.000080
512	9000	789	1113	27	0.000103	0.013344	0.000103
512	9000	790	1159	46	0.000175	0.013191	0.000175
512	9000	791	1182	21	0.000080	0.014233	0.000080
512	9000	792	1143	23	0.000088	0.014496	0.000088
512	9000	793	1209	25	0.000095	0.014874	0.000095
512	9000	794	999	25	0.000095	0.012661	0.000095
512	9000	795	1144	22	0.000084	0.013737	0.000084
512	9000	796	1163	24	0.000092	0.013615	0.000092
512	9000	797	1119	22	0.000084	0.013706	0.000084
512	9000	798	1211	25	0.000095	0.014656	0.000095
512	9000	799	1183	25	0.000095	0.014206	0.000095
512	9000	800	1169	21	0.000080	0.015205	0.000080
512	9000	801	1200	28	0.000107	0.014572	0.000107
512	9000	802	1208	24	0.000092	0.014473	0.000092
512	9000	803	1236	28	0.000107	0.014984	0.000107
512	9000	804	1059	20	0.000076	0.012730	0.000076
512	9000	805	1251	37	0.000141	0.015636	0.000141
512	9000	806	1289	31	0.000118	0.015587	0.000118
512	9000	807	1247	20	0.000076	0.014690	0.000076
512	9000	808	1087	20	0.000076	0.013462	0.000076
512	9000	809	1300	30	0.000114	0.016212	0.000114
512	9000	810	1130	25	0.000095	0.014233	0.000095
512	9000	811	1343	20	0.000076	0.016930	0.000076
512	9000	812	1319	32	0.000122	0.016621	0.000122
512	9000	813	1285	33	0.000126	0.015762	0.000126
512	9000	814	1009	22	0.000084	0.012882	0.000084
512	9000	815	1197	23	0.000088	0.014359	0.000088
512	9000	816	1085	21	0.000080	0.013599	0.000080
512	9000	817	1312	27	0.000103	0.016434	0.000103
512	9000	818	1133	35	0.000134	0.014385	0.000134
512	9000	819	1338	25	0.000095	0.015953	0.000095
512	9000	820	1100	22	0.000084	0.012802	0.000084
512	9000	821	1166	32	0.000122	0.014523	0.000122
512	9000	822	1122	24	0.000092	0.014297	0.000092
512	9000	823	1261	23	0.000088	0.014675	0.000088
512	9000	824	1041	42	0.000160	0.013012	0.000160
512	9000	825	1223	28	0.000107	0.015369	0.000107
512	9000	826	1241	22	0.000084	0.015160	0.000084
512	9000	827	1154	25	0.000095	0.013439	0.000095
512	9000	828	1402	25	0.000095	0.016750	0.000095
512	9000	829	1231	23	0.000088	0.014954	0.000088
512	9000	830	1213	25	0.000095	0.015175	0.000095
512	9000	831	1135	33	0.000126	0.014549	0.000126
512	9000	832	1333	20	0.000076	0.015938	0.000076
512	9000	833	1101	18	0.000069	0.013031	0.000069
512	9000	834	1033	23	0.000088	0.012867	0.000088
512	9000	835	1100	29	0.000111	0.013218	0.000111
512	9000	836	1233	26	0.000099	0.014633	0.000099
512	9000	837	1223	25	0.000095	0.014912	0.000095
512	9000	838	1096	26	0.000099	0.013248	0.000099
512	9000	839	1271	23	0.000088	0.015495	0.000088
512	9000	840	1257	25	0.000095	0.016090	0.000095
512	9000	841	1274	28	0.000107	0.014591	0.000107
512	9000	842	1270	20	0.000076	0.015686	0.000076
512	9000	843	1139	30	0.000114	0.014069	0.000114
512	9000	844	1045	25	0.000095	0.012974	0.000095
512	9000	845	1280	23	0.000088	0.016006	0.000088
512	9000	846	1211	23	0.000088	0.015083	0.000088
512	9000	847	1117	28	0.000107	0.012642	0.000107
512	9000	848	1260	29	0.000111	0.015011	0.000111
512	9000	849	1223	26	0.000099	0.014137	0.000099
512	9000	850	1038	21	0.000080	0.012375	0.000080
512	9000	851	1272	24	0.000092	0.015697	0.000092
512	9000	852	1154	34	0.000130	0.014542	0.000130
512	9000	853	1119	24	0.000092	0.013649	0.000092
512	9000	854	1141	36	0.000137	0.014240	0.000137
512	9000	855	1266	20	0.000076	0.015137	0.000076
512	9000	856	1130	23	0.000088	0.013706	0.000088
512	9000	857	1288	36	0.000137	0.015953	0.000137
512	9000	858	1186	20	0.000076	0.013821	0.000076
512	9000	859	1198	26	0.000099	0.014198	0.000099
512	9000	860	1226	25	0.000095	0.014828	0.000095
512	9000	861	1092	19	0.000072	0.013153	0.000072
512	9000	862	1422	30	0.000114	0.018158	0.000114
512	9000	863	1099	32	0.000122	0.013100	0.000122
512	9000	864	1131	21	0.000080	0.013332	0.000080
512	9000	865	1264	20	0.000076	0.014847	0.000076
512	9000	866	1200	26	0.000099	0.014645	0.000099
512	9000	867	1248	31	0.000118	0.015175	0.000118
512	9000	868	1257	22	0.000084	0.014351	0.000084
512	9000	869	1132	22	0.000084	0.013821	0.000084
512	9000	870	1185	27	0.000103	0.014435	0.000103
512	9000	871	1351	26	0.000099	0.016510	0.000099
512	9000	872	1074	22	0.000084	0.013142	0.000084
512	9000	873	1295	40	0.000153	0.015911	0.000153
512	9000	874	1126	20	0.000076	0.013527	0.000076
512	9000	875	1119	23	0.000088	0.013466	0.000088
512	9000	876	1193	22	0.000084	0.013779	0.000084
512	9000	877	1160	32	0.000122	0.014473	0.000122
512	9000	878	1226	30	0.000114	0.014915	0.000114
512	9000	879	1235	26	0.000099	0.014637	0.000099
512	9000	880	1154	34	0.000130	0.014473	0.000130
512	9000	881	1196	26	0.000099	0.015190	0.000099
512	9000	882	1259	34	0.000130	0.015743	0.000130
512	9000	883	1133	28	0.000107	0.014458	0.000107
512	9000	884	1047	24	0.000092	0.012661	0.000092
512	9000	885	1215	33	0.000126	0.014339	0.000126
512	9000	886	1387	39	0.000149	0.016457	0.000149
512	9000	887	990	27	0.000103	0.012428	0.000103
512	9000	888	1258	24	0.000092	0.015396	0.000092
512	9000	889	1396	30	0.000114	0.017105	0.000114
512	9000	890	1278	25	0.000095	0.015102	0.000095
512	9000	891	1094	26	0.000099	0.013195	0.000099
512	9000	892	1372	31	0.000118	0.017925	0.000118
512	9000	893	1266	27	0.000103	0.015419	0.000103
512	9000	894	1248	25	0.000095	0.015190	0.000095
512	9000	895	1255	24	0.000092	0.015366	0.000092
512	9000	896	1223	27	0.000103	0.015701	0.000103
512	9000	897	1066	24	0.000092	0.012669	0.000092
512	9000	898	1220	19	0.000072	0.014702	0.000072
512	9000	899	1072	24	0.000092	0.013378	0.000092
512	9000	900	1135	33	0.000126	0.014099	0.000126
512	9000	901	1338	32	0.000122	0.016735	0.000122
512	9000	902	1096	22	0.000084	0.013577	0.000084
512	9000	903	1200	40	0.000153	0.014580	0.000153
512	9000	904	1278	35	0.000134	0.015942	0.000134
512	9000	905	1261	20	0.000076	0.015202	0.000076
512	9000	906	1143	27	0.000103	0.013477	0.000103
512	9000	907	1155	24	0.000092	0.013718	0.000092
512	9000	908	1284	20	0.000076	0.015408	0.000076
512	9000	909	1232	25	0.000095	0.014866	0.000095
512	9000	910	1068	35	0.000134	0.013134	0.000134
512	9000	911	1229	28	0.000107	0.014824	0.000107
512	9000	912	1172	26	0.000099	0.014576	0.000099
512	9000	913	1114	23	0.000088	0.013218	0.000088
512	9000	914	1115	25	0.000095	0.013229	0.000095
512	9000	915	1132	28	0.000107	0.013432	0.000107
512	9000	916	1186	29	0.000111	0.014229	0.000111
512	9000	917	1087	24	0.000092	0.013458	0.000092
512	9000	918	1075	23	0.000088	0.012821	0.000088
512	9000	919	1225	21	0.000080	0.014454	0.000080
512	9000	920	1177	23	0.000088	0.013916	0.000088
512	9000	921	1135	24	0.000092	0.013966	0.000092
512	9000	922	1198	22	0.000084	0.014912	0.000084
512	9000	923	1249	22	0.000084	0.015408	0.000084
512	9000	924	1500	21	0.000080	0.017845	0.000080
512	9000	925	1304	25	0.000095	0.015568	0.000095
512	9000	926	1096	29	0.000111	0.013729	0.000111
512	9000	927	1056	18	0.000069	0.012196	0.000069
512	9000	928	1267	19	0.000072	0.014484	0.000072
512	9000	929	1228	25	0.000095	0.015171	0.000095
512	9000	930	1150	36	0.000137	0.014095	0.000137
512	9000	931	1002	21	0.000080	0.012173	0.000080
512	9000	932	1199	27	0.000103	0.014828	0.000103
512	9000	933	1191	20	0.000076	0.014256	0.000076
512	9000	934	1334	27	0.000103	0.016312	0.000103
512	9000	935	1383	38	0.000145	0.017227	0.000145
512	9000	936	1234	24	0.000092	0.015675	0.000092
512	9000	937	1206	25	0.000095	0.014336	0.000095
512	9000	938	1248	31	0.000118	0.015484	0.000118
512	9000	939	1191	31	0.000118	0.014816	0.000118
512	9000	940	1173	25	0.000095	0.014217	0.000095
512	9000	941	1243	20	0.000076	0.014969	0.000076
512	9000	942	1203	32	0.000122	0.015381	0.000122
512	9000	943	1172	24	0.000092	0.014656	0.000092
512	9000	944	1192	29	0.000111	0.013660	0.000111
512	9000	945	1200	29	0.000111	0.015018	0.000111
512	9000	946	1147	27	0.000103	0.014324	0.000103
512	9000	947	1064	27	0.000103	0.012306	0.000103
512	9000	948	1143	22	0.000084	0.014191	0.000084
512	9000	949	1116	22	0.000084	0.013100	0.000084
512	9000	950	1149	25	0.000095	0.013557	0.000095
512	9000	951	1103	21	0.000080	0.013561	0.000080
512	9000	952	1047	27	0.000103	0.012783	0.000103
512	9000	953	1366	25	0.000095	0.016525	0.000095
512	9000	954	1212	22	0.000084	0.014259	0.000084
512	9000	955	1314	30	0.000114	0.016022	0.000114
512	9000	956	1261	19	0.000072	0.015106	0.000072
512	9000	957	1110	25	0.000095	0.013313	0.000095
512	9000	958	1286	26	0.000099	0.016293	0.000099
512	9000	959	1176	20	0.000076	0.014130	0.000076
512	9000	960	1372	27	0.000103	0.016273	0.000103
512	9000	961	1201	25	0.000095	0.013844	0.000095
512	9000	962	1152	32	0.000122	0.014080	0.000122
512	9000	963	1225	28	0.000107	0.015213	0.000107
512	9000	964	1346	23	0.000088	0.016159	0.000088
512	9000	965	1177	19	0.000072	0.014439	0.000072
512	9000	966	1139	22	0.000084	0.013546	0.000084
512	9000	967	1263	25	0.000095	0.015289	0.000095
512	9000	968	1092	20	0.000076	0.013435	0.000076
512	9000	969	1206	29	0.000111	0.015148	0.000111
512	9000	970	1098	23	0.000088	0.013233	0.000088
512	9000	971	1100	27	0.000103	0.013027	0.000103
512	9000	972	1044	20	0.000076	0.012424	0.000076
512	9000	973	1061	24	0.000092	0.012600	0.000092
512	9000	974	1326	28	0.000107	0.016052	0.000107
512	9000	975	1128	26	0.000099	0.013351	0.000099
512	9000	976	1412	29	0.000111	0.017551	0.000111
512	9000	977	1168	31	0.000118	0.013073	0.000118
512	9000	978	1215	24	0.000092	0.014450	0.000092
512	9000	979	1312	29	0.000111	0.016205	0.000111
512	9000	980	1253	32	0.000122	0.015266	0.000122
512	9000	981	1171	21	0.000080	0.013672	0.000080
512	9000	982	1167	23	0.000088	0.014256	0.000088
512	9000	983	1167	32	0.000122	0.013828	0.000122
512	9000	984	1148	22	0.000084	0.013180	0.000084
512	9000	985	1263	30	0.000114	0.015640	0.000114
512	9000	986	1248	31	0.000118	0.014969	0.000118
512	9000	987	1129	30	0.000114	0.013535	0.000114
512	9000	988	1104	25	0.000095	0.013851	0.000095
512	9000	989	1276	29	0.000111	0.015926	0.000111
512	9000	990	1214	22	0.000084	0.014416	0.000084
512	9000	991	939	28	0.000107	0.011566	0.000107
512	9000	992	1283	31	0.000118	0.015240	0.000118
512	9000	993	1153	20	0.000076	0.013271	0.000076
512	9000	994	1362	27	0.000103	0.015648	0.000103
512	9000	995	1201	21	0.000080	0.014820	0.000080
512	9000	996	1134	21	0.000080	0.013649	0.000080
512	9000	997	1265	21	0.000080	0.014309	0.000080
512	9000	998	1175	27	0.000103	0.014435	0.000103
512	9000	999	1273	23	0.000088	0.015083	0.000088
512	9000	1000	1174	21	0.000080	0.014008	0.000080
