512	9450	2	991	31249	0.119205	0.195034	0.119205
512	9450	3	1260	68722	0.262154	0.337315	0.262154
512	9450	4	1173	27275	0.104046	0.184662	0.104046
512	9450	5	1149	48629	0.185505	0.316807	0.185505
512	9450	6	1537	20801	0.079350	0.203323	0.079350
512	9450	7	1195	65944	0.251556	0.292179	0.251556
512	9450	8	1029	44908	0.171310	0.216381	0.171310
512	9450	9	1428	19222	0.073326	0.192688	0.073326
512	9450	10	1286	19239	0.073391	0.165825	0.073391
512	9450	11	1397	14549	0.055500	0.121662	0.055500
512	9450	12	892	10707	0.040844	0.117001	0.040844
512	9450	13	1160	8860	0.033798	0.115490	0.033798
512	9450	14	1236	20122	0.076759	0.196289	0.076759
512	9450	15	1501	16919	0.064541	0.214550	0.064541
512	9450	16	1125	50326	0.191978	0.320473	0.191978
512	9450	17	1319	24128	0.092041	0.160366	0.092041
512	9450	18	1269	21895	0.083523	0.217545	0.083523
512	9450	19	1001	11991	0.045742	0.095066	0.045742
512	9450	20	1283	25827	0.098522	0.176575	0.098522
512	9450	21	1084	10425	0.039768	0.176380	0.039768
512	9450	22	1052	7531	0.028728	0.119526	0.028728
512	9450	23	1508	12238	0.046684	0.167679	0.046684
512	9450	24	1197	24075	0.091839	0.160728	0.091839
512	9450	25	966	27590	0.105247	0.158871	0.105247
512	9450	26	1530	41765	0.159321	0.252934	0.159321
512	9450	27	1159	13458	0.051338	0.118805	0.051338
512	9450	28	1242	15965	0.060902	0.201817	0.060902
512	9450	29	1579	32509	0.124012	0.242680	0.124012
512	9450	30	1067	11486	0.043816	0.126122	0.043816
512	9450	31	855	31088	0.118591	0.142052	0.118591
512	9450	32	1086	17258	0.065834	0.152489	0.065834
512	9450	33	1095	22111	0.084347	0.216854	0.084347
512	9450	34	1179	29769	0.113560	0.206905	0.113560
512	9450	35	1277	30265	0.115452	0.223698	0.115452
512	9450	36	1329	16099	0.061413	0.160858	0.061413
512	9450	37	1298	55619	0.212170	0.267284	0.212170
512	9450	38	1189	21681	0.082706	0.189743	0.082706
512	9450	39	1415	15047	0.057400	0.170467	0.057400
512	9450	40	890	13951	0.053219	0.095890	0.053219
512	9450	41	1197	24657	0.094059	0.192623	0.094059
512	9450	42	1325	25550	0.097466	0.241577	0.097466
512	9450	43	1125	17136	0.065369	0.230526	0.065369
512	9450	44	778	20578	0.078499	0.164696	0.078499
512	9450	45	1232	27268	0.104019	0.154392	0.104019
512	9450	46	1139	15129	0.057713	0.171665	0.057713
512	9450	47	1081	15408	0.058777	0.125561	0.058777
512	9450	48	1120	35778	0.136482	0.182281	0.136482
512	9450	49	1592	29513	0.112583	0.257156	0.112583
512	9450	50	1171	19765	0.075397	0.171314	0.075397
512	9450	51	1215	22393	0.085423	0.158756	0.085423
512	9450	52	972	15968	0.060913	0.113884	0.060913
512	9450	53	1095	18231	0.069546	0.208447	0.069546
512	9450	54	1319	22317	0.085133	0.241978	0.085133
512	9450	55	1223	20516	0.078262	0.172836	0.078262
512	9450	56	1097	15694	0.059868	0.160015	0.059868
512	9450	57	1103	14078	0.053703	0.116642	0.053703
512	9450	58	1214	40856	0.155853	0.245266	0.155853
512	9450	59	1064	13605	0.051899	0.159546	0.051899
512	9450	60	1514	11644	0.044418	0.168045	0.044418
512	9450	61	1294	32020	0.122147	0.278774	0.122147
512	9450	62	1326	5850	0.022316	0.114758	0.022316
512	9450	63	913	11458	0.043709	0.066113	0.043709
512	9450	64	1256	30866	0.117744	0.206398	0.117744
512	9450	65	1092	28858	0.110085	0.193066	0.110085
512	9450	66	1198	21125	0.080585	0.164097	0.080585
512	9450	67	1140	20986	0.080055	0.246811	0.080055
512	9450	68	1093	51261	0.195545	0.256321	0.195545
512	9450	69	1156	26538	0.101234	0.211266	0.101234
512	9450	70	1305	13155	0.050182	0.136978	0.050182
512	9450	71	1118	51234	0.195442	0.270054	0.195442
512	9450	72	1035	32674	0.124641	0.188084	0.124641
512	9450	73	1403	8630	0.032921	0.129517	0.032921
512	9450	74	1355	13893	0.052998	0.142403	0.052998
512	9450	75	885	14584	0.055634	0.085926	0.055634
512	9450	76	1058	28582	0.109032	0.218918	0.109032
512	9450	77	1251	20692	0.078934	0.190838	0.078934
512	9450	78	1219	28283	0.107891	0.184109	0.107891
512	9450	79	785	19370	0.073891	0.108311	0.073891
512	9450	80	1262	29230	0.111504	0.145142	0.111504
512	9450	81	443	33639	0.128323	0.136196	0.128323
512	9450	82	1624	33495	0.127773	0.360172	0.127773
512	9450	83	1157	24192	0.092285	0.203060	0.092285
512	9450	84	1370	58436	0.222916	0.326637	0.222916
512	9450	85	1182	12580	0.047989	0.207378	0.047989
512	9450	86	1161	29526	0.112633	0.162220	0.112633
512	9450	87	1156	20195	0.077038	0.218616	0.077038
512	9450	88	971	23718	0.090477	0.192688	0.090477
512	9450	89	616	16048	0.061218	0.091671	0.061218
512	9450	90	1197	39514	0.150734	0.230133	0.150734
512	9450	91	1128	11234	0.042854	0.165001	0.042854
512	9450	92	906	38978	0.148689	0.175415	0.148689
512	9450	93	1449	29986	0.114388	0.276657	0.114388
512	9450	94	1169	20693	0.078938	0.182930	0.078938
512	9450	95	1422	17261	0.065845	0.188881	0.065845
512	9450	96	732	26164	0.099808	0.168121	0.099808
512	9450	97	1677	24320	0.092773	0.278969	0.092773
512	9450	98	1304	18287	0.069759	0.193947	0.069759
512	9450	99	1022	34390	0.131187	0.232590	0.131187
512	9450	100	946	16161	0.061649	0.111118	0.061649
512	9450	101	1193	13660	0.052109	0.190414	0.052109
512	9450	102	904	49306	0.188087	0.254112	0.188087
512	9450	103	978	13521	0.051579	0.134003	0.051579
512	9450	104	1292	82192	0.313538	0.369755	0.033104
512	9450	105	1416	7532	0.028732	0.126213	0.028732
512	9450	106	1246	36795	0.140362	0.266163	0.140362
512	9450	107	1464	29884	0.113998	0.267811	0.113998
512	9450	108	1128	55452	0.211533	0.384380	0.211533
512	9450	109	1304	23547	0.089825	0.208111	0.089825
512	9450	110	977	30503	0.116360	0.204826	0.116360
512	9450	111	1364	16191	0.061764	0.176067	0.061764
512	9450	112	1363	10296	0.039276	0.160240	0.039276
512	9450	113	1840	31528	0.120270	0.280010	0.120270
512	9450	114	992	23520	0.089722	0.158199	0.089722
512	9450	115	1103	24203	0.092327	0.195274	0.092327
512	9450	116	1375	27027	0.103100	0.228104	0.103100
512	9450	117	1055	24634	0.093971	0.224781	0.093971
512	9450	118	1417	29581	0.112843	0.178452	0.112843
512	9450	119	1656	25617	0.097721	0.280720	0.097721
512	9450	120	990	20389	0.077778	0.165398	0.077778
512	9450	121	974	22605	0.086231	0.148533	0.086231
512	9450	122	971	37626	0.143532	0.223007	0.143532
512	9450	123	1201	33938	0.129463	0.242432	0.129463
512	9450	124	1268	19331	0.073742	0.216492	0.073742
512	9450	125	1274	52250	0.199318	0.258266	0.199318
512	9450	126	1129	52174	0.199028	0.261513	0.199028
512	9450	127	1214	33043	0.126049	0.238918	0.126049
512	9450	128	1385	48013	0.183155	0.292980	0.183155
512	9450	129	1342	39777	0.151737	0.211445	0.151737
512	9450	130	1400	29204	0.111404	0.257725	0.111404
512	9450	131	1508	28246	0.107750	0.241158	0.107750
512	9450	132	1182	37500	0.143051	0.223183	0.143051
512	9450	133	1335	16400	0.062561	0.167385	0.062561
512	9450	134	1255	13789	0.052601	0.108891	0.052601
512	9450	135	1262	27428	0.104630	0.208927	0.104630
512	9450	136	1201	64662	0.246666	0.287106	0.246666
512	9450	137	1208	26225	0.100040	0.198925	0.100040
512	9450	138	1276	42690	0.162849	0.308769	0.162849
512	9450	139	994	76724	0.292679	0.309723	0.292679
512	9450	140	1611	16146	0.061592	0.260212	0.061592
512	9450	141	1462	47710	0.181999	0.354515	0.181999
512	9450	142	811	21808	0.083191	0.151524	0.083191
512	9450	143	1282	7863	0.029995	0.119469	0.029995
512	9450	144	1357	14530	0.055428	0.155476	0.055428
512	9450	145	821	16672	0.063599	0.128944	0.063599
512	9450	146	1175	54184	0.206696	0.263489	0.206696
512	9450	147	884	16244	0.061966	0.129169	0.061966
512	9450	148	1164	14506	0.055336	0.160034	0.055336
512	9450	149	1062	45423	0.173275	0.313995	0.173275
512	9450	150	1147	24091	0.091900	0.163658	0.091900
512	9450	151	1068	28064	0.107056	0.156002	0.107056
512	9450	152	1047	16929	0.064579	0.183445	0.064579
512	9450	153	800	13118	0.050041	0.106525	0.050041
512	9450	154	1029	19086	0.072807	0.165565	0.072807
512	9450	155	1304	18988	0.072433	0.242367	0.072433
512	9450	156	1033	45656	0.174164	0.218643	0.174164
512	9450	157	1184	61886	0.236076	0.280098	0.236076
512	9450	158	1145	17028	0.064957	0.135326	0.064957
512	9450	159	1448	15438	0.058891	0.232487	0.058891
512	9450	160	1479	22671	0.086483	0.196785	0.086483
512	9450	161	1409	21767	0.083035	0.244354	0.083035
512	9450	162	1027	31820	0.121384	0.211723	0.121384
512	9450	163	1369	51177	0.195225	0.273537	0.195225
512	9450	164	1431	11563	0.044109	0.159439	0.044109
512	9450	165	1072	26921	0.102695	0.155609	0.102695
512	9450	166	1382	17488	0.066711	0.246670	0.066711
512	9450	167	984	15425	0.058842	0.156631	0.058842
512	9450	168	1682	9602	0.036629	0.137547	0.036629
512	9450	169	1034	30612	0.116776	0.190361	0.116776
512	9450	170	1092	11859	0.045238	0.156319	0.045238
512	9450	171	1514	17795	0.067883	0.162281	0.067883
512	9450	172	1276	10582	0.040367	0.172630	0.040367
512	9450	173	1146	32840	0.125275	0.215591	0.125275
512	9450	174	809	21279	0.081173	0.160732	0.081173
512	9450	175	1429	36132	0.137833	0.268250	0.137833
512	9450	176	991	10293	0.039265	0.113438	0.039265
512	9450	177	1221	19142	0.073021	0.169960	0.073021
512	9450	178	1457	20646	0.078758	0.200611	0.078758
512	9450	179	1874	9873	0.037663	0.215687	0.037663
512	9450	180	1429	14677	0.055988	0.236374	0.055988
512	9450	181	1340	25751	0.098232	0.179943	0.098232
512	9450	182	1205	13182	0.050285	0.172642	0.050285
512	9450	183	1419	5207	0.019863	0.090843	0.019863
512	9450	184	1236	33467	0.127666	0.245583	0.127666
512	9450	185	1208	20460	0.078049	0.168499	0.078049
512	9450	186	1195	31164	0.118881	0.205303	0.118881
512	9450	187	1575	23399	0.089260	0.178814	0.089260
512	9450	188	1115	27829	0.106159	0.185398	0.106159
512	9450	189	980	24001	0.091557	0.187405	0.091557
512	9450	190	1064	15258	0.058205	0.179638	0.058205
512	9450	191	1438	30475	0.116253	0.235546	0.116253
512	9450	192	1297	15075	0.057507	0.181377	0.057507
512	9450	193	1258	35567	0.135677	0.302258	0.135677
512	9450	194	1005	54825	0.209141	0.253376	0.209141
512	9450	195	1144	25605	0.097675	0.193363	0.097675
512	9450	196	1251	41701	0.159077	0.287659	0.159077
512	9450	197	1018	32935	0.125637	0.210457	0.125637
512	9450	198	1016	11502	0.043877	0.109879	0.043877
512	9450	199	1345	27993	0.106785	0.175095	0.106785
512	9450	200	972	39407	0.150326	0.166134	0.150326
512	9450	201	1230	38911	0.148434	0.266521	0.148434
512	9450	202	1119	16131	0.061535	0.186115	0.061535
512	9450	203	1140	17202	0.065620	0.148903	0.065620
512	9450	204	1114	15097	0.057590	0.134892	0.057590
512	9450	205	798	24781	0.094532	0.137001	0.094532
512	9450	206	1306	9879	0.037685	0.098251	0.037685
512	9450	207	1330	6952	0.026520	0.098015	0.026520
512	9450	208	1107	23970	0.091438	0.198406	0.091438
512	9450	209	835	8350	0.031853	0.078697	0.031853
512	9450	210	1519	32233	0.122959	0.239616	0.122959
512	9450	211	1023	11175	0.042629	0.108353	0.042629
512	9450	212	687	12854	0.049034	0.084724	0.049034
512	9450	213	1201	18017	0.068729	0.162266	0.068729
512	9450	214	948	22354	0.085274	0.160339	0.085274
512	9450	215	930	8004	0.030533	0.075413	0.030533
512	9450	216	1461	13157	0.050190	0.167625	0.050190
512	9450	217	1288	9926	0.037865	0.166920	0.037865
512	9450	218	1234	8256	0.031494	0.121975	0.031494
512	9450	219	1320	51242	0.195473	0.315868	0.195473
512	9450	220	1259	19547	0.074566	0.195869	0.074566
512	9450	221	1041	22121	0.084385	0.208279	0.084385
512	9450	222	1342	17274	0.065895	0.183819	0.065895
512	9450	223	887	15285	0.058308	0.149021	0.058308
512	9450	224	870	16549	0.063129	0.120461	0.063129
512	9450	225	1216	24932	0.095108	0.152370	0.095108
512	9450	226	1351	10252	0.039108	0.096287	0.039108
512	9450	227	1076	40994	0.156380	0.179802	0.156380
512	9450	228	1562	10772	0.041092	0.136662	0.041092
512	9450	229	902	21368	0.081512	0.217773	0.081512
512	9450	230	1214	12608	0.048096	0.180431	0.048096
512	9450	231	1587	17268	0.065872	0.201942	0.065872
512	9450	232	1215	23228	0.088608	0.213551	0.088608
512	9450	233	1654	9962	0.038002	0.210922	0.038002
512	9450	234	1229	27067	0.103252	0.245571	0.103252
512	9450	235	1215	16439	0.062710	0.142399	0.062710
512	9450	236	1090	49354	0.188271	0.232925	0.188271
512	9450	237	822	64962	0.247810	0.271114	0.247810
512	9450	238	1235	6814	0.025993	0.113605	0.025993
512	9450	239	1179	15324	0.058456	0.162697	0.058456
512	9450	240	1114	20559	0.078426	0.220966	0.078426
512	9450	241	1116	24990	0.095329	0.236240	0.095329
512	9450	242	974	22372	0.085342	0.190201	0.085342
512	9450	243	846	27613	0.105335	0.174469	0.105335
512	9450	244	1112	10245	0.039082	0.128536	0.039082
512	9450	245	1128	98055	0.374050	0.393063	0.374050
512	9450	246	1346	39365	0.150166	0.326321	0.150166
512	9450	247	1092	11638	0.044395	0.142536	0.044395
512	9450	248	765	16241	0.061954	0.101082	0.061954
512	9450	249	876	4080	0.015564	0.077164	0.015564
512	9450	250	1055	32894	0.125481	0.232391	0.125481
512	9450	251	1044	31641	0.120701	0.170311	0.120701
512	9450	252	985	12058	0.045998	0.102577	0.045998
512	9450	253	968	10773	0.041096	0.146347	0.041096
512	9450	254	1379	22911	0.087399	0.204689	0.087399
512	9450	255	1157	9762	0.037239	0.080082	0.037239
512	9450	256	1355	20029	0.076405	0.250774	0.076405
512	9450	257	1433	24698	0.094215	0.250763	0.094215
512	9450	258	1386	26740	0.102005	0.195210	0.102005
512	9450	259	1579	18401	0.070194	0.218983	0.070194
512	9450	260	1461	32736	0.124878	0.290367	0.124878
512	9450	261	1476	24828	0.094711	0.300720	0.094711
512	9450	262	1286	22304	0.085083	0.194416	0.085083
512	9450	263	1202	13050	0.049782	0.171230	0.049782
512	9450	264	1090	13796	0.052628	0.131367	0.052628
512	9450	265	853	17316	0.066055	0.108002	0.066055
512	9450	266	978	18080	0.068970	0.206951	0.068970
512	9450	267	1142	25418	0.096962	0.218441	0.096962
512	9450	268	1211	45477	0.173481	0.237812	0.173481
512	9450	269	1377	9939	0.037914	0.140186	0.037914
512	9450	270	1390	23691	0.090374	0.209320	0.090374
512	9450	271	1029	32468	0.123856	0.220776	0.123856
512	9450	272	1448	44766	0.170769	0.279156	0.170769
512	9450	273	1355	22401	0.085453	0.245342	0.085453
512	9450	274	890	20004	0.076309	0.156635	0.076309
512	9450	275	1279	35133	0.134022	0.272366	0.134022
512	9450	276	807	44759	0.170742	0.199505	0.170742
512	9450	277	888	40267	0.153606	0.185089	0.153606
512	9450	278	1244	20516	0.078262	0.192402	0.078262
512	9450	279	1284	12986	0.049538	0.135979	0.049538
512	9450	280	1025	10573	0.040333	0.152191	0.040333
512	9450	281	760	29318	0.111839	0.133381	0.111839
512	9450	282	1059	31103	0.118649	0.263847	0.118649
512	9450	283	1070	10437	0.039814	0.124348	0.039814
512	9450	284	1378	33749	0.128742	0.236744	0.128742
512	9450	285	1415	12870	0.049095	0.200211	0.049095
512	9450	286	1717	19744	0.075317	0.237610	0.075317
512	9450	287	1270	17275	0.065899	0.189522	0.065899
512	9450	288	1131	28638	0.109245	0.156967	0.109245
512	9450	289	1101	36171	0.137981	0.174709	0.137981
512	9450	290	1491	38625	0.147343	0.232224	0.147343
512	9450	291	1402	8470	0.032310	0.102341	0.032310
512	9450	292	1346	23873	0.091068	0.247307	0.091068
512	9450	293	1172	41482	0.158241	0.248585	0.158241
512	9450	294	948	22301	0.085072	0.139164	0.085072
512	9450	295	1148	12712	0.048492	0.190804	0.048492
512	9450	296	1198	28682	0.109413	0.251942	0.109413
512	9450	297	1063	13234	0.050484	0.111980	0.050484
512	9450	298	1154	30254	0.115410	0.214569	0.115410
512	9450	299	1245	15666	0.059761	0.158684	0.059761
512	9450	300	1035	43919	0.167538	0.201878	0.167538
512	9450	301	1558	47358	0.180656	0.329056	0.180656
512	9450	302	1078	23788	0.090744	0.161777	0.090744
512	9450	303	1088	32353	0.123417	0.175159	0.123417
512	9450	304	954	32073	0.122349	0.182091	0.122349
512	9450	305	1323	34605	0.132008	0.314022	0.132008
512	9450	306	1202	20492	0.078171	0.138840	0.078171
512	9450	307	1289	24095	0.091915	0.195412	0.091915
512	9450	308	1285	35279	0.134579	0.231262	0.134579
512	9450	309	1191	25352	0.096710	0.232422	0.096710
512	9450	310	972	8432	0.032166	0.082760	0.032166
512	9450	311	1351	40372	0.154007	0.307152	0.154007
512	9450	312	1134	22849	0.087162	0.154903	0.087162
512	9450	313	1044	26308	0.100357	0.244255	0.100357
512	9450	314	1471	16002	0.061043	0.190834	0.061043
512	9450	315	1294	11234	0.042854	0.162163	0.042854
512	9450	316	1263	6963	0.026562	0.125134	0.026562
512	9450	317	1083	10210	0.038948	0.101418	0.038948
512	9450	318	1317	59735	0.227871	0.333920	0.227871
512	9450	319	1090	38422	0.146568	0.193409	0.146568
512	9450	320	1361	20711	0.079006	0.224796	0.079006
512	9450	321	1148	19496	0.074371	0.151779	0.074371
512	9450	322	1013	19865	0.075779	0.165173	0.075779
512	9450	323	913	18588	0.070908	0.168270	0.070908
512	9450	324	1427	16390	0.062523	0.203964	0.062523
512	9450	325	1121	72499	0.276562	0.350395	0.276562
512	9450	326	1048	39418	0.150368	0.203526	0.150368
512	9450	327	984	8867	0.033825	0.128620	0.033825
512	9450	328	1193	26820	0.102310	0.247623	0.102310
512	9450	329	1409	29841	0.113834	0.227646	0.113834
512	9450	330	1194	16325	0.062275	0.153641	0.062275
512	9450	331	1113	32432	0.123718	0.237724	0.123718
512	9450	332	1126	15095	0.057583	0.135769	0.057583
512	9450	333	1332	15823	0.060360	0.222897	0.060360
512	9450	334	1262	68330	0.260658	0.307896	0.260658
512	9450	335	1171	15595	0.059490	0.189091	0.059490
512	9450	336	1104	37677	0.143726	0.187092	0.143726
512	9450	337	786	24427	0.093182	0.123707	0.093182
512	9450	338	979	24565	0.093708	0.148769	0.093708
512	9450	339	1039	24525	0.093555	0.236389	0.093555
512	9450	340	1145	50212	0.191544	0.287254	0.191544
512	9450	341	1088	7594	0.028969	0.114586	0.028969
512	9450	342	1140	30665	0.116978	0.216728	0.116978
512	9450	343	721	11481	0.043797	0.118206	0.043797
512	9450	344	1389	25132	0.095871	0.276089	0.095871
512	9450	345	947	19534	0.074516	0.095711	0.074516
512	9450	346	1538	43077	0.164326	0.380192	0.164326
512	9450	347	1712	41627	0.158794	0.324627	0.158794
512	9450	348	1461	39573	0.150959	0.354774	0.150959
512	9450	349	1130	34958	0.133354	0.219894	0.133354
512	9450	350	979	33095	0.126247	0.160297	0.126247
512	9450	351	1041	31410	0.119820	0.240543	0.119820
512	9450	352	1331	8026	0.030617	0.117661	0.030617
512	9450	353	1011	14737	0.056217	0.179173	0.056217
512	9450	354	920	19779	0.075451	0.151939	0.075451
512	9450	355	1227	61996	0.236496	0.336102	0.236496
512	9450	356	1243	7333	0.027973	0.099995	0.027973
512	9450	357	1215	24659	0.094067	0.273720	0.094067
512	9450	358	1138	17662	0.067375	0.159122	0.067375
512	9450	359	1051	96292	0.367325	0.385605	0.367325
512	9450	360	1015	58175	0.221920	0.248894	0.221920
512	9450	361	1234	11377	0.043400	0.139004	0.043400
512	9450	362	1093	20151	0.076870	0.125557	0.076870
512	9450	363	1084	11393	0.043461	0.126595	0.043461
512	9450	364	1484	16888	0.064423	0.204628	0.064423
512	9450	365	1005	25575	0.097561	0.222546	0.097561
512	9450	366	1177	13442	0.051277	0.110718	0.051277
512	9450	367	1052	13656	0.052094	0.130665	0.052094
512	9450	368	1274	19262	0.073479	0.226810	0.073479
512	9450	369	1288	18498	0.070564	0.180771	0.070564
512	9450	370	960	23305	0.088902	0.147522	0.088902
512	9450	371	1295	57980	0.221176	0.322487	0.221176
512	9450	372	1223	10292	0.039261	0.145615	0.039261
512	9450	373	1101	30711	0.117153	0.240570	0.117153
512	9450	374	866	12433	0.047428	0.121407	0.047428
512	9450	375	958	23831	0.090908	0.150578	0.090908
512	9450	376	1231	13744	0.052429	0.186321	0.052429
512	9450	377	821	23443	0.089428	0.134766	0.089428
512	9450	378	1416	21285	0.081196	0.225277	0.081196
512	9450	379	1016	15747	0.060070	0.117298	0.060070
512	9450	380	1378	36738	0.140144	0.280476	0.140144
512	9450	381	1388	25965	0.099049	0.219330	0.099049
512	9450	382	1456	21416	0.081696	0.279324	0.081696
512	9450	383	949	40255	0.153561	0.245682	0.153561
512	9450	384	815	31282	0.119331	0.232315	0.119331
512	9450	385	1027	28888	0.110199	0.242661	0.110199
512	9450	386	840	31474	0.120064	0.174370	0.120064
512	9450	387	1289	14391	0.054897	0.175461	0.054897
512	9450	388	738	11751	0.044827	0.060677	0.044827
512	9450	389	1115	16159	0.061642	0.162338	0.061642
512	9450	390	1241	24072	0.091827	0.257458	0.091827
512	9450	391	1112	66841	0.254978	0.330830	0.254978
512	9450	392	1325	17711	0.067562	0.164513	0.067562
512	9450	393	1032	15674	0.059792	0.124035	0.059792
512	9450	394	985	21674	0.082680	0.149445	0.082680
512	9450	395	1474	13964	0.053268	0.229073	0.053268
512	9450	396	966	32282	0.123146	0.162579	0.123146
512	9450	397	1045	9282	0.035408	0.081200	0.035408
512	9450	398	1170	33349	0.127216	0.258213	0.127216
512	9450	399	1491	20717	0.079029	0.199379	0.079029
512	9450	400	1239	43006	0.164055	0.205406	0.164055
512	9450	401	1308	54628	0.208389	0.360176	0.208389
512	9450	402	1070	28426	0.108437	0.167751	0.108437
512	9450	403	1148	57282	0.218513	0.317711	0.218513
512	9450	404	1581	65487	0.249813	0.380890	0.249813
512	9450	405	1125	51001	0.194553	0.267498	0.194553
512	9450	406	1382	64572	0.246323	0.367825	0.246323
512	9450	407	1297	14715	0.056133	0.160355	0.056133
512	9450	408	1013	20103	0.076687	0.227528	0.076687
512	9450	409	1211	24508	0.093491	0.157337	0.093491
512	9450	410	1240	22573	0.086109	0.248177	0.086109
512	9450	411	836	22882	0.087288	0.120102	0.087288
512	9450	412	1270	21362	0.081490	0.194691	0.081490
512	9450	413	1275	28393	0.108311	0.298401	0.108311
512	9450	414	1315	20781	0.079273	0.270584	0.079273
512	9450	415	1220	66383	0.253231	0.316433	0.253231
512	9450	416	1412	29061	0.110859	0.261017	0.110859
512	9450	417	1381	36918	0.140831	0.261181	0.140831
512	9450	418	1250	28944	0.110413	0.220203	0.110413
512	9450	419	1498	37800	0.144196	0.286087	0.144196
512	9450	420	1439	15851	0.060467	0.189613	0.060467
512	9450	421	954	18518	0.070641	0.139500	0.070641
512	9450	422	1273	14864	0.056702	0.151302	0.056702
512	9450	423	1095	39006	0.148796	0.285385	0.148796
512	9450	424	1383	18133	0.069172	0.218327	0.069172
512	9450	425	873	12483	0.047619	0.133484	0.047619
512	9450	426	1269	47555	0.181408	0.270672	0.181408
512	9450	427	1556	32282	0.123146	0.272537	0.123146
512	9450	428	1158	16485	0.062885	0.122528	0.062885
512	9450	429	1209	18388	0.070145	0.140575	0.070145
512	9450	430	992	28354	0.108162	0.192051	0.108162
512	9450	431	1494	22895	0.087337	0.241940	0.087337
512	9450	432	1199	13057	0.049809	0.149368	0.049809
512	9450	433	1090	16246	0.061974	0.193481	0.061974
512	9450	434	1004	25163	0.095989	0.149761	0.095989
512	9450	435	1400	9982	0.038078	0.131001	0.038078
512	9450	436	1414	8401	0.032047	0.106529	0.032047
512	9450	437	1500	21844	0.083328	0.201466	0.083328
512	9450	438	1326	64453	0.245869	0.354240	0.245869
512	9450	439	996	28109	0.107227	0.225372	0.107227
512	9450	440	1197	34430	0.131340	0.215656	0.131340
512	9450	441	1238	25703	0.098049	0.300243	0.098049
512	9450	442	1153	15710	0.059929	0.153042	0.059929
512	9450	443	1240	19979	0.076214	0.216705	0.076214
512	9450	444	1093	16088	0.061371	0.165390	0.061371
512	9450	445	1428	34117	0.130146	0.205090	0.130146
512	9450	446	1032	19203	0.073254	0.170376	0.073254
512	9450	447	1137	16342	0.062340	0.163166	0.062340
512	9450	448	1235	20465	0.078068	0.223850	0.078068
512	9450	449	1254	11464	0.043732	0.101452	0.043732
512	9450	450	1518	8989	0.034290	0.152512	0.034290
512	9450	451	1328	7796	0.029739	0.131741	0.029739
512	9450	452	1202	20398	0.077812	0.225201	0.077812
512	9450	453	1252	20586	0.078529	0.212650	0.078529
512	9450	454	971	35637	0.135944	0.164822	0.135944
512	9450	455	999	29405	0.112171	0.204914	0.112171
512	9450	456	962	6182	0.023582	0.096592	0.023582
512	9450	457	1062	24750	0.094414	0.188408	0.094414
512	9450	458	1006	50158	0.191338	0.231697	0.191338
512	9450	459	1153	21947	0.083721	0.222073	0.083721
512	9450	460	836	68039	0.259548	0.351299	0.259548
512	9450	461	1175	44535	0.169888	0.280544	0.169888
512	9450	462	1065	17556	0.066971	0.152485	0.066971
512	9450	463	1292	28468	0.108597	0.228191	0.108597
512	9450	464	1081	20774	0.079247	0.188103	0.079247
512	9450	465	1126	26637	0.101612	0.219688	0.101612
512	9450	466	953	16034	0.061165	0.114880	0.061165
512	9450	467	1323	20231	0.077175	0.210655	0.077175
512	9450	468	1353	14314	0.054604	0.168667	0.054604
512	9450	469	1278	30440	0.116119	0.251865	0.116119
512	9450	470	1464	14871	0.056728	0.136444	0.056728
512	9450	471	1460	13161	0.050205	0.212715	0.050205
512	9450	472	1198	13114	0.050026	0.160172	0.050026
512	9450	473	1553	27782	0.105980	0.280064	0.105980
512	9450	474	1073	32532	0.124100	0.254467	0.124100
512	9450	475	1117	44758	0.170738	0.254848	0.170738
512	9450	476	1474	26361	0.100559	0.276684	0.100559
512	9450	477	958	63298	0.241463	0.270721	0.241463
512	9450	478	1217	12278	0.046837	0.182423	0.046837
512	9450	479	1354	49496	0.188812	0.381264	0.188812
512	9450	480	1004	12933	0.049335	0.152004	0.049335
512	9450	481	1316	21910	0.083580	0.291927	0.083580
512	9450	482	1510	26490	0.101051	0.225040	0.101051
512	9450	483	1222	25397	0.096882	0.215054	0.096882
512	9450	484	1228	40939	0.156170	0.299870	0.156170
512	9450	485	1068	10005	0.038166	0.115513	0.038166
512	9450	486	1238	60214	0.229698	0.295216	0.043034
512	9450	487	1067	10028	0.038254	0.155506	0.038254
512	9450	488	1118	31556	0.120377	0.215496	0.120377
512	9450	489	1660	26517	0.101154	0.299110	0.101154
512	9450	490	897	17866	0.068153	0.160759	0.068153
512	9450	491	1195	11347	0.043285	0.143799	0.043285
512	9450	492	998	9225	0.035191	0.110603	0.035191
512	9450	493	1137	46080	0.175781	0.226471	0.175781
512	9450	494	744	11695	0.044613	0.132740	0.044613
512	9450	495	1233	14649	0.055882	0.149422	0.055882
512	9450	496	1022	33296	0.127014	0.208088	0.127014
512	9450	497	861	8052	0.030716	0.100895	0.030716
512	9450	498	650	13974	0.053307	0.088890	0.053307
512	9450	499	880	24484	0.093399	0.141804	0.093399
512	9450	500	1623	26301	0.100330	0.238438	0.100330
512	9450	501	1299	50106	0.191139	0.232063	0.191139
512	9450	502	995	36448	0.139038	0.196190	0.139038
512	9450	503	1129	45374	0.173088	0.304916	0.173088
512	9450	504	1307	15539	0.059277	0.245468	0.059277
512	9450	505	1269	13564	0.051743	0.106300	0.051743
512	9450	506	984	33179	0.126568	0.230133	0.126568
512	9450	507	1553	12274	0.046822	0.195805	0.046822
512	9450	508	1178	16312	0.062225	0.146473	0.062225
512	9450	509	996	15855	0.060482	0.159119	0.060482
512	9450	510	1473	27919	0.106503	0.192097	0.106503
512	9450	511	1074	21558	0.082237	0.174301	0.082237
512	9450	512	1056	25429	0.097004	0.213779	0.097004
512	9450	513	1064	36971	0.141033	0.174145	0.141033
512	9450	514	773	30970	0.118141	0.148163	0.118141
512	9450	515	1181	8377	0.031956	0.131516	0.031956
512	9450	516	1058	32102	0.122459	0.200340	0.122459
512	9450	517	1099	15828	0.060379	0.145287	0.060379
512	9450	518	888	17387	0.066326	0.167278	0.066326
512	9450	519	1280	24202	0.092323	0.198685	0.092323
512	9450	520	1112	20181	0.076984	0.139565	0.076984
512	9450	521	1053	36225	0.138187	0.248253	0.138187
512	9450	522	917	20949	0.079914	0.132050	0.079914
512	9450	523	1122	17901	0.068287	0.207062	0.068287
512	9450	524	1193	19072	0.072754	0.153404	0.072754
512	9450	525	987	22010	0.083961	0.202099	0.083961
512	9450	526	1140	14479	0.055233	0.142193	0.055233
512	9450	527	1340	28137	0.107334	0.213253	0.107334
512	9450	528	942	9303	0.035488	0.083729	0.035488
512	9450	529	1088	33591	0.128139	0.227253	0.128139
512	9450	530	999	20212	0.077103	0.148556	0.077103
512	9450	531	1186	33744	0.128723	0.196541	0.128723
512	9450	532	1148	23533	0.089771	0.201775	0.089771
512	9450	533	869	6672	0.025452	0.052853	0.025452
512	9450	534	1169	13748	0.052444	0.166378	0.052444
512	9450	535	691	17316	0.066055	0.112198	0.066055
512	9450	536	1162	15159	0.057827	0.172329	0.057827
512	9450	537	1121	22635	0.086346	0.240429	0.086346
512	9450	538	913	14327	0.054653	0.168884	0.054653
512	9450	539	930	34879	0.133053	0.190361	0.133053
512	9450	540	1187	17816	0.067963	0.144833	0.067963
512	9450	541	1524	19390	0.073967	0.168472	0.073967
512	9450	542	1118	18803	0.071728	0.198479	0.071728
512	9450	543	846	58024	0.221344	0.250877	0.221344
512	9450	544	1300	23352	0.089081	0.291649	0.089081
512	9450	545	1394	18641	0.071110	0.250507	0.071110
512	9450	546	1259	20132	0.076797	0.200375	0.076797
512	9450	547	966	26767	0.102108	0.133312	0.102108
512	9450	548	1106	18165	0.069294	0.188297	0.069294
512	9450	549	1327	31109	0.118671	0.210033	0.118671
512	9450	550	968	11150	0.042534	0.148403	0.042534
512	9450	551	1181	46854	0.178734	0.289799	0.178734
512	9450	552	1328	22963	0.087597	0.176949	0.087597
512	9450	553	1033	21410	0.081673	0.185589	0.081673
512	9450	554	810	27561	0.105137	0.127502	0.105137
512	9450	555	1053	54173	0.206654	0.236130	0.206654
512	9450	556	1068	38448	0.146667	0.261341	0.146667
512	9450	557	1312	29902	0.114067	0.244473	0.114067
512	9450	558	1311	57960	0.221100	0.308529	0.221100
512	9450	559	1279	26675	0.101757	0.168037	0.101757
512	9450	560	1176	26399	0.100704	0.176079	0.100704
512	9450	561	1072	33408	0.127441	0.228348	0.127441
512	9450	562	913	9314	0.035530	0.088306	0.035530
512	9450	563	1292	24978	0.095284	0.277512	0.095284
512	9450	564	1345	24642	0.094002	0.214760	0.094002
512	9450	565	1698	29896	0.114044	0.302792	0.114044
512	9450	566	1455	23537	0.089787	0.176163	0.089787
512	9450	567	968	14104	0.053802	0.129044	0.053802
512	9450	568	1034	20537	0.078342	0.194042	0.078342
512	9450	569	1392	54950	0.209618	0.254227	0.209618
512	9450	570	1494	42016	0.160278	0.272236	0.160278
512	9450	571	1198	9546	0.036415	0.121059	0.036415
512	9450	572	1072	40911	0.156063	0.300556	0.156063
512	9450	573	1380	13389	0.051075	0.165070	0.051075
512	9450	574	963	34210	0.130501	0.155758	0.130501
512	9450	575	1667	9121	0.034794	0.195248	0.034794
512	9450	576	1552	32768	0.125000	0.350830	0.125000
512	9450	577	1325	23136	0.088257	0.206268	0.088257
512	9450	578	1502	29427	0.112255	0.268139	0.112255
512	9450	579	1328	19092	0.072830	0.200596	0.072830
512	9450	580	991	44698	0.170509	0.200481	0.170509
512	9450	581	1213	30139	0.114971	0.231895	0.114971
512	9450	582	1460	33003	0.125896	0.244438	0.125896
512	9450	583	1084	11678	0.044548	0.118443	0.044548
512	9450	584	1461	6010	0.022926	0.125797	0.022926
512	9450	585	1336	52986	0.202126	0.334019	0.202126
512	9450	586	859	23495	0.089626	0.133022	0.089626
512	9450	587	1206	28628	0.109207	0.238472	0.109207
512	9450	588	1394	44668	0.170395	0.266071	0.170395
512	9450	589	935	19961	0.076145	0.177391	0.076145
512	9450	590	1129	18033	0.068790	0.159332	0.068790
512	9450	591	1727	16949	0.064655	0.197353	0.064655
512	9450	592	1047	44900	0.171280	0.263973	0.171280
512	9450	593	1117	6416	0.024475	0.092518	0.024475
512	9450	594	1356	65025	0.248051	0.311733	0.248051
512	9450	595	913	8288	0.031616	0.081867	0.031616
512	9450	596	1258	22507	0.085857	0.270229	0.085857
512	9450	597	1618	7393	0.028202	0.153385	0.028202
512	9450	598	1217	34169	0.130344	0.248276	0.130344
512	9450	599	1020	10201	0.038914	0.146420	0.038914
512	9450	600	667	12272	0.046814	0.070160	0.046814
512	9450	601	1039	11134	0.042473	0.159451	0.042473
512	9450	602	1381	47121	0.179752	0.327076	0.179752
512	9450	603	1019	17180	0.065536	0.180634	0.065536
512	9450	604	1126	23372	0.089157	0.223228	0.089157
512	9450	605	1219	8353	0.031864	0.088226	0.031864
512	9450	606	1019	38394	0.146461	0.204002	0.146461
512	9450	607	1305	19052	0.072678	0.150982	0.072678
512	9450	608	1064	33957	0.129536	0.241413	0.129536
512	9450	609	992	11339	0.043255	0.097763	0.043255
512	9450	610	1345	15153	0.057804	0.206470	0.057804
512	9450	611	1636	15439	0.058895	0.233620	0.058895
512	9450	612	1298	15235	0.058117	0.131683	0.058117
512	9450	613	989	24327	0.092800	0.179382	0.092800
512	9450	614	1457	32655	0.124569	0.300880	0.124569
512	9450	615	842	3931	0.014996	0.036728	0.014996
512	9450	616	1401	16986	0.064796	0.199429	0.064796
512	9450	617	1371	11873	0.045292	0.200283	0.045292
512	9450	618	1428	25591	0.097622	0.220951	0.097622
512	9450	619	1569	12403	0.047314	0.219215	0.047314
512	9450	620	1354	29810	0.113716	0.229156	0.113716
512	9450	621	1391	22102	0.084312	0.267246	0.084312
512	9450	622	853	13696	0.052246	0.124161	0.052246
512	9450	623	1440	10657	0.040653	0.148006	0.040653
512	9450	624	1286	18249	0.069614	0.217606	0.069614
512	9450	625	1383	48818	0.186226	0.285278	0.186226
512	9450	626	1194	27355	0.104351	0.176155	0.104351
512	9450	627	1056	31301	0.119404	0.195419	0.119404
512	9450	628	1297	53371	0.203594	0.310516	0.203594
512	9450	629	900	10101	0.038532	0.071304	0.038532
512	9450	630	942	9116	0.034775	0.089500	0.034775
512	9450	631	1157	19513	0.074436	0.199860	0.074436
512	9450	632	1181	34807	0.132778	0.248566	0.132778
512	9450	633	1016	56266	0.214638	0.267818	0.214638
512	9450	634	733	12435	0.047436	0.112259	0.047436
512	9450	635	1310	43089	0.164371	0.257538	0.164371
512	9450	636	456	729	0.002781	0.011074	0.002781
512	9450	637	657	12560	0.047913	0.089344	0.047913
512	9450	638	379	2631	0.010036	0.016457	0.010036
512	9450	639	1197	19854	0.075737	0.192623	0.075737
512	9450	640	1364	47881	0.182652	0.259075	0.182652
512	9450	641	845	33560	0.128021	0.180897	0.128021
512	9450	642	1110	17465	0.066624	0.161915	0.066624
512	9450	643	1005	9889	0.037724	0.131279	0.037724
512	9450	644	1314	19319	0.073696	0.223373	0.073696
512	9450	645	1449	10406	0.039696	0.134968	0.039696
512	9450	646	1008	16345	0.062351	0.129452	0.062351
512	9450	647	1114	22288	0.085022	0.151680	0.085022
512	9450	648	781	13345	0.050907	0.114433	0.050907
512	9450	649	1180	4827	0.018414	0.090630	0.018414
512	9450	650	1266	42957	0.163868	0.241112	0.163868
512	9450	651	1382	17322	0.066078	0.248951	0.066078
512	9450	652	1138	22216	0.084747	0.141682	0.084747
512	9450	653	1151	15107	0.057629	0.167366	0.057629
512	9450	654	834	3755	0.014324	0.033089	0.014324
512	9450	655	1217	41742	0.159233	0.241421	0.159233
512	9450	656	1118	44767	0.170773	0.229839	0.170773
512	9450	657	1136	33499	0.127789	0.189190	0.127789
512	9450	658	1202	38502	0.146873	0.234989	0.146873
512	9450	659	1369	36767	0.140255	0.295464	0.140255
512	9450	660	1054	9642	0.036781	0.112930	0.036781
512	9450	661	1218	16056	0.061249	0.185596	0.061249
512	9450	662	1446	12711	0.048489	0.142601	0.048489
512	9450	663	1257	70375	0.268459	0.319012	0.028202
512	9450	664	1157	13174	0.050255	0.129486	0.050255
512	9450	665	1199	60356	0.230240	0.305286	0.230240
512	9450	666	1406	21519	0.082088	0.220146	0.082088
512	9450	667	915	36258	0.138313	0.182346	0.138313
512	9450	668	1225	48406	0.184654	0.249474	0.184654
512	9450	669	1039	13402	0.051125	0.140675	0.051125
512	9450	670	1156	14622	0.055779	0.128746	0.055779
512	9450	671	1321	58684	0.223862	0.287048	0.223862
512	9450	672	1068	9565	0.036488	0.105965	0.036488
512	9450	673	1402	20099	0.076672	0.206146	0.076672
512	9450	674	1191	21798	0.083153	0.154007	0.083153
512	9450	675	1374	21944	0.083710	0.194107	0.083710
512	9450	676	1024	15121	0.057682	0.160950	0.057682
512	9450	677	1318	17405	0.066395	0.160774	0.066395
512	9450	678	1366	27756	0.105881	0.226532	0.105881
512	9450	679	1265	22746	0.086769	0.186802	0.086769
512	9450	680	1475	32544	0.124146	0.246216	0.124146
512	9450	681	1065	22297	0.085056	0.215553	0.085056
512	9450	682	1258	15336	0.058502	0.221863	0.058502
512	9450	683	1353	20913	0.079777	0.191509	0.079777
512	9450	684	1128	18891	0.072063	0.197472	0.072063
512	9450	685	1357	13401	0.051121	0.163643	0.051121
512	9450	686	1277	17768	0.067780	0.139347	0.067780
512	9450	687	1104	15158	0.057823	0.111191	0.057823
512	9450	688	1432	43944	0.167633	0.292416	0.167633
512	9450	689	732	16222	0.061882	0.091202	0.061882
512	9450	690	1397	26184	0.099884	0.248268	0.099884
512	9450	691	1114	17827	0.068005	0.177769	0.068005
512	9450	692	1194	42603	0.162518	0.221252	0.162518
512	9450	693	1234	72585	0.276890	0.341469	0.276890
512	9450	694	1118	14060	0.053635	0.080124	0.053635
512	9450	695	1147	8606	0.032829	0.137993	0.032829
512	9450	696	1593	13774	0.052544	0.197754	0.052544
512	9450	697	994	7795	0.029736	0.091152	0.029736
512	9450	698	878	22147	0.084484	0.201893	0.084484
512	9450	699	1233	37600	0.143433	0.255329	0.143433
512	9450	700	1323	12419	0.047375	0.172581	0.047375
512	9450	701	1212	5974	0.022789	0.118420	0.022789
512	9450	702	1444	29384	0.112091	0.249592	0.112091
512	9450	703	1233	23081	0.088047	0.164028	0.088047
512	9450	704	1533	9805	0.037403	0.176727	0.037403
512	9450	705	860	33949	0.129505	0.214844	0.129505
512	9450	706	1261	26009	0.099216	0.221306	0.099216
512	9450	707	1227	11479	0.043789	0.148056	0.043789
512	9450	708	1272	21520	0.082092	0.147305	0.082092
512	9450	709	1599	11296	0.043091	0.151505	0.043091
512	9450	710	1366	80669	0.307728	0.349289	0.018147
512	9450	711	1440	12977	0.049503	0.178799	0.049503
512	9450	712	1247	28086	0.107140	0.287182	0.107140
512	9450	713	957	67706	0.258278	0.306049	0.031597
512	9450	714	1562	32706	0.124763	0.275398	0.124763
512	9450	715	1048	15590	0.059471	0.175793	0.059471
512	9450	716	1198	43680	0.166626	0.297642	0.166626
512	9450	717	987	80246	0.306114	0.359673	0.306114
512	9450	718	830	8692	0.033157	0.076107	0.033157
512	9450	719	989	20603	0.078594	0.178059	0.078594
512	9450	720	841	14837	0.056599	0.099293	0.056599
512	9450	721	952	16134	0.061546	0.134827	0.061546
512	9450	722	1274	16798	0.064079	0.153355	0.064079
512	9450	723	1198	22369	0.085331	0.263287	0.085331
512	9450	724	1160	30527	0.116451	0.207821	0.116451
512	9450	725	1267	20704	0.078979	0.206676	0.078979
512	9450	726	1391	10053	0.038349	0.102638	0.038349
512	9450	727	1301	24479	0.093380	0.179600	0.093380
512	9450	728	1392	45868	0.174973	0.256287	0.174973
512	9450	729	1047	37096	0.141510	0.224606	0.141510
512	9450	730	960	9994	0.038124	0.132481	0.038124
512	9450	731	1254	30904	0.117889	0.214050	0.117889
512	9450	732	1493	8396	0.032028	0.133842	0.032028
512	9450	733	1286	42924	0.163742	0.257626	0.163742
512	9450	734	1316	13608	0.051910	0.171623	0.051910
512	9450	735	1356	25101	0.095753	0.201302	0.095753
512	9450	736	1323	23047	0.087917	0.195312	0.087917
512	9450	737	971	18502	0.070580	0.149265	0.070580
512	9450	738	1050	14414	0.054985	0.169323	0.054985
512	9450	739	1071	18474	0.070473	0.139114	0.070473
512	9450	740	818	11917	0.045460	0.129131	0.045460
512	9450	741	1122	36472	0.139130	0.254864	0.139130
512	9450	742	1565	61822	0.235832	0.322727	0.235832
512	9450	743	1169	29505	0.112553	0.196297	0.112553
512	9450	744	1034	14646	0.055870	0.130005	0.055870
512	9450	745	1398	21555	0.082226	0.205002	0.082226
512	9450	746	944	24857	0.094822	0.133030	0.094822
512	9450	747	1397	20309	0.077473	0.151398	0.077473
512	9450	748	1562	17799	0.067898	0.234276	0.067898
512	9450	749	1098	83280	0.317688	0.346756	0.317688
512	9450	750	1137	28435	0.108471	0.205860	0.108471
512	9450	751	1173	25474	0.097176	0.284195	0.097176
512	9450	752	1283	11884	0.045334	0.187920	0.045334
512	9450	753	553	23343	0.089046	0.124313	0.089046
512	9450	754	1140	30263	0.115444	0.222580	0.115444
512	9450	755	987	36475	0.139141	0.223434	0.139141
512	9450	756	1094	10088	0.038483	0.106621	0.038483
512	9450	757	1213	24614	0.093895	0.211319	0.093895
512	9450	758	1079	36732	0.140121	0.241962	0.140121
512	9450	759	1437	27590	0.105247	0.281876	0.105247
512	9450	760	1211	23997	0.091541	0.164642	0.091541
512	9450	761	957	28398	0.108330	0.165962	0.108330
512	9450	762	925	20440	0.077972	0.135368	0.077972
512	9450	763	1065	11979	0.045696	0.129959	0.045696
512	9450	764	1443	6383	0.024349	0.120312	0.024349
512	9450	765	988	17089	0.065189	0.121098	0.065189
512	9450	766	1176	23775	0.090694	0.219601	0.090694
512	9450	767	968	23809	0.090824	0.202488	0.090824
512	9450	768	1031	23934	0.091301	0.166157	0.091301
512	9450	769	1571	22243	0.084850	0.235229	0.084850
512	9450	770	1383	14445	0.055103	0.178280	0.055103
512	9450	771	1200	19870	0.075798	0.218891	0.075798
512	9450	772	1343	22201	0.084690	0.146744	0.084690
512	9450	773	810	17131	0.065350	0.147213	0.065350
512	9450	774	786	7898	0.030128	0.096634	0.030128
512	9450	775	1438	17574	0.067039	0.269073	0.067039
512	9450	776	1346	23526	0.089745	0.300308	0.089745
512	9450	777	1176	21170	0.080757	0.172489	0.080757
512	9450	778	1244	5786	0.022072	0.115730	0.022072
512	9450	779	1124	17508	0.066788	0.203480	0.066788
512	9450	780	1080	19271	0.073513	0.209827	0.073513
512	9450	781	1519	7296	0.027832	0.073105	0.027832
512	9450	782	1437	68841	0.262608	0.382919	0.083107
512	9450	783	1326	21270	0.081139	0.208591	0.081139
512	9450	784	873	32482	0.123909	0.196133	0.123909
512	9450	785	966	14708	0.056107	0.124336	0.056107
512	9450	786	1406	30242	0.115364	0.216171	0.115364
512	9450	787	898	7479	0.028530	0.093994	0.028530
512	9450	788	1127	9871	0.037655	0.129566	0.037655
512	9450	789	1278	65599	0.250240	0.333302	0.250240
512	9450	790	1225	18835	0.071850	0.262157	0.071850
512	9450	791	968	11115	0.042400	0.138683	0.042400
512	9450	792	1463	46439	0.177151	0.390263	0.177151
512	9450	793	1414	15248	0.058167	0.152847	0.058167
512	9450	794	1120	35883	0.136883	0.196892	0.136883
512	9450	795	1297	12256	0.046753	0.141972	0.046753
512	9450	796	1166	19981	0.076221	0.251926	0.076221
512	9450	797	1090	5862	0.022362	0.098583	0.022362
512	9450	798	1384	20690	0.078926	0.195354	0.078926
512	9450	799	1285	58800	0.224304	0.318314	0.031113
512	9450	800	1329	8327	0.031765	0.130844	0.031765
512	9450	801	1276	11369	0.043369	0.103729	0.043369
512	9450	802	1026	33971	0.129589	0.167900	0.129589
512	9450	803	1007	27724	0.105759	0.170757	0.105759
512	9450	804	906	14707	0.056103	0.101536	0.056103
512	9450	805	977	44732	0.170639	0.250168	0.170639
512	9450	806	1081	24360	0.092926	0.228741	0.092926
512	9450	807	1229	15695	0.059872	0.132710	0.059872
512	9450	808	1277	12525	0.047779	0.097507	0.047779
512	9450	809	1249	18515	0.070629	0.190533	0.070629
512	9450	810	1370	9036	0.034470	0.122311	0.034470
512	9450	811	1382	17150	0.065422	0.169197	0.065422
512	9450	812	1147	18232	0.069550	0.175499	0.069550
512	9450	813	775	29566	0.112785	0.176201	0.112785
512	9450	814	1483	14264	0.054413	0.152172	0.054413
512	9450	815	1208	17979	0.068584	0.237331	0.068584
512	9450	816	1253	18221	0.069508	0.165276	0.069508
512	9450	817	802	14344	0.054718	0.111755	0.054718
512	9450	818	971	28352	0.108154	0.222500	0.108154
512	9450	819	1183	19137	0.073002	0.167809	0.073002
512	9450	820	886	42153	0.160801	0.292675	0.160801
512	9450	821	1157	33804	0.128952	0.192917	0.128952
512	9450	822	1041	11928	0.045502	0.158573	0.045502
512	9450	823	1610	22971	0.087627	0.222198	0.087627
512	9450	824	839	20933	0.079853	0.137363	0.079853
512	9450	825	1183	21525	0.082111	0.238533	0.082111
512	9450	826	1600	12385	0.047245	0.173523	0.047245
512	9450	827	1408	55111	0.210232	0.308414	0.210232
512	9450	828	1505	19390	0.073967	0.205135	0.073967
512	9450	829	1122	14538	0.055458	0.134857	0.055458
512	9450	830	1163	17812	0.067947	0.211735	0.067947
512	9450	831	1136	23759	0.090633	0.179733	0.090633
512	9450	832	1010	21143	0.080654	0.183193	0.080654
512	9450	833	1219	31185	0.118961	0.216431	0.118961
512	9450	834	1161	42891	0.163616	0.322674	0.163616
512	9450	835	1075	18950	0.072289	0.140347	0.072289
512	9450	836	894	11399	0.043484	0.119514	0.043484
512	9450	837	1611	25120	0.095825	0.185875	0.095825
512	9450	838	1370	26035	0.099316	0.223232	0.099316
512	9450	839	882	20018	0.076363	0.156055	0.076363
512	9450	840	1506	32379	0.123516	0.290691	0.123516
512	9450	841	1232	12171	0.046429	0.119072	0.046429
512	9450	842	1277	16546	0.063118	0.182896	0.063118
512	9450	843	1317	25999	0.099178	0.159344	0.099178
512	9450	844	1055	20986	0.080055	0.187229	0.080055
512	9450	845	1337	60136	0.229401	0.307255	0.056183
512	9450	846	1070	11832	0.045135	0.137112	0.045135
512	9450	847	894	20761	0.079197	0.152618	0.079197
512	9450	848	1253	16408	0.062592	0.134102	0.062592
512	9450	849	1351	48315	0.184307	0.388493	0.184307
512	9450	850	1606	14072	0.053680	0.242477	0.053680
512	9450	851	998	5490	0.020943	0.088272	0.020943
512	9450	852	929	32175	0.122738	0.189751	0.122738
512	9450	853	1284	29488	0.112488	0.204220	0.112488
512	9450	854	1144	24192	0.092285	0.168549	0.092285
512	9450	855	1379	22222	0.084770	0.189095	0.084770
512	9450	856	1214	18995	0.072460	0.248005	0.072460
512	9450	857	1287	68668	0.261948	0.309185	0.025261
512	9450	858	1489	27201	0.103764	0.233868	0.103764
512	9450	859	1037	41031	0.156521	0.318626	0.156521
512	9450	860	1613	53844	0.205399	0.307716	0.205399
512	9450	861	1224	26879	0.102535	0.210106	0.102535
512	9450	862	1343	11548	0.044052	0.151604	0.044052
512	9450	863	1170	55274	0.210854	0.295994	0.210854
512	9450	864	750	7053	0.026905	0.065975	0.026905
512	9450	865	1086	17260	0.065842	0.208389	0.065842
512	9450	866	1056	8479	0.032345	0.088646	0.032345
512	9450	867	952	14479	0.055233	0.132725	0.055233
512	9450	868	795	27544	0.105072	0.139015	0.105072
512	9450	869	1260	21836	0.083298	0.200405	0.083298
512	9450	870	1300	12578	0.047981	0.140430	0.047981
512	9450	871	1084	22432	0.085571	0.200363	0.085571
512	9450	872	977	14605	0.055714	0.137745	0.055714
512	9450	873	1390	39370	0.150185	0.361034	0.150185
512	9450	874	1556	23588	0.089981	0.262356	0.089981
512	9450	875	796	19379	0.073925	0.154789	0.073925
512	9450	876	1528	14422	0.055016	0.224243	0.055016
512	9450	877	1316	14714	0.056129	0.159603	0.056129
512	9450	878	849	20423	0.077908	0.141521	0.077908
512	9450	879	1350	43870	0.167351	0.347580	0.167351
512	9450	880	1559	12175	0.046444	0.170795	0.046444
512	9450	881	1144	45362	0.173042	0.216080	0.173042
512	9450	882	788	17805	0.067921	0.125996	0.067921
512	9450	883	1088	9030	0.034447	0.090641	0.034447
512	9450	884	1290	29226	0.111488	0.252117	0.111488
512	9450	885	1056	6526	0.024895	0.089066	0.024895
512	9450	886	1240	21565	0.082264	0.215893	0.082264
512	9450	887	1165	19580	0.074692	0.209663	0.074692
512	9450	888	1279	15078	0.057518	0.202225	0.057518
512	9450	889	1167	33345	0.127201	0.154991	0.127201
512	9450	890	1447	14118	0.053856	0.177990	0.053856
512	9450	891	1250	31742	0.121086	0.221836	0.121086
512	9450	892	1159	25748	0.098221	0.213711	0.098221
512	9450	893	1081	24406	0.093102	0.185745	0.093102
512	9450	894	1133	23053	0.087940	0.259727	0.087940
512	9450	895	1415	24440	0.093231	0.228588	0.093231
512	9450	896	1989	15712	0.059937	0.293709	0.059937
512	9450	897	1204	13780	0.052567	0.155430	0.052567
512	9450	898	1053	23765	0.090656	0.186352	0.090656
512	9450	899	1171	37229	0.142017	0.262928	0.142017
512	9450	900	1137	10076	0.038437	0.118946	0.038437
512	9450	901	755	18548	0.070755	0.099014	0.070755
512	9450	902	1230	17849	0.068089	0.173466	0.068089
512	9450	903	1358	14906	0.056862	0.208885	0.056862
512	9450	904	1054	14947	0.057018	0.109989	0.057018
512	9450	905	1241	20921	0.079807	0.140156	0.079807
512	9450	906	1361	12791	0.048794	0.211266	0.048794
512	9450	907	1428	23108	0.088150	0.171951	0.088150
512	9450	908	1150	22896	0.087341	0.223198	0.087341
512	9450	909	738	22023	0.084011	0.147171	0.084011
512	9450	910	1270	14430	0.055046	0.212467	0.055046
512	9450	911	1359	45170	0.172310	0.329834	0.172310
512	9450	912	1204	16803	0.064098	0.138546	0.064098
512	9450	913	917	6793	0.025913	0.092113	0.025913
512	9450	914	1085	29440	0.112305	0.205853	0.112305
512	9450	915	1598	48169	0.183750	0.231098	0.010300
512	9450	916	1446	27682	0.105598	0.273357	0.105598
512	9450	917	1300	18628	0.071060	0.139423	0.071060
512	9450	918	1167	26362	0.100563	0.196621	0.100563
512	9450	919	1007	11371	0.043377	0.094250	0.043377
512	9450	920	1539	34092	0.130051	0.258240	0.130051
512	9450	921	1347	29486	0.112480	0.230442	0.112480
512	9450	922	1426	24073	0.091831	0.205967	0.091831
512	9450	923	715	5628	0.021469	0.039494	0.021469
512	9450	924	670	6002	0.022896	0.044754	0.022896
512	9450	925	1151	20642	0.078743	0.199989	0.078743
512	9450	926	1316	8732	0.033310	0.124557	0.033310
512	9450	927	1267	40437	0.154255	0.340637	0.154255
512	9450	928	1191	50579	0.192944	0.235863	0.192944
512	9450	929	1219	28548	0.108902	0.219925	0.108902
512	9450	930	1330	25875	0.098705	0.285095	0.098705
512	9450	931	1087	5605	0.021381	0.095818	0.021381
512	9450	932	980	22660	0.086441	0.136150	0.086441
512	9450	933	1424	18652	0.071152	0.233936	0.071152
512	9450	934	1007	13540	0.051651	0.099049	0.051651
512	9450	935	1009	25309	0.096546	0.150768	0.096546
512	9450	936	1031	24367	0.092953	0.199741	0.092953
512	9450	937	843	42551	0.162319	0.189663	0.162319
512	9450	938	1627	28524	0.108810	0.224449	0.108810
512	9450	939	960	6647	0.025356	0.082748	0.025356
512	9450	940	1111	19553	0.074589	0.178375	0.074589
512	9450	941	1094	11333	0.043232	0.113663	0.043232
512	9450	942	1429	27883	0.106365	0.236145	0.106365
512	9450	943	1368	19387	0.073956	0.197121	0.073956
512	9450	944	847	25338	0.096657	0.162907	0.096657
512	9450	945	817	81572	0.311172	0.324963	0.311172
512	9450	946	1137	14952	0.057037	0.147781	0.057037
512	9450	947	1347	21725	0.082874	0.216061	0.082874
512	9450	948	1221	7824	0.029846	0.079285	0.029846
512	9450	949	1086	12910	0.049248	0.131676	0.049248
512	9450	950	1011	10230	0.039024	0.132053	0.039024
512	9450	951	1383	13459	0.051342	0.132244	0.051342
512	9450	952	1287	25368	0.096771	0.192875	0.096771
512	9450	953	1431	20200	0.077057	0.196205	0.077057
512	9450	954	1246	64173	0.244801	0.315639	0.024948
512	9450	955	900	8896	0.033936	0.112267	0.033936
512	9450	956	1420	53722	0.204933	0.249325	0.204933
512	9450	957	1362	8954	0.034157	0.153187	0.034157
512	9450	958	1013	10312	0.039337	0.114288	0.039337
512	9450	959	1253	40643	0.155041	0.285275	0.155041
512	9450	960	1124	25160	0.095978	0.155273	0.095978
512	9450	961	1552	45360	0.173035	0.302841	0.173035
512	9450	962	1240	22824	0.087067	0.149704	0.087067
512	9450	963	1036	28908	0.110275	0.163918	0.110275
512	9450	964	1317	13197	0.050343	0.127918	0.050343
512	9450	965	1717	16961	0.064701	0.217716	0.064701
512	9450	966	1135	34295	0.130825	0.232922	0.130825
512	9450	967	1165	63914	0.243813	0.271786	0.243813
512	9450	968	1417	43152	0.164612	0.255268	0.164612
512	9450	969	1023	16501	0.062946	0.203461	0.062946
512	9450	970	1363	25413	0.096943	0.224392	0.096943
512	9450	971	1322	18049	0.068851	0.189655	0.068851
512	9450	972	1046	76331	0.291180	0.319653	0.291180
512	9450	973	1143	10475	0.039959	0.100525	0.039959
512	9450	974	1191	15287	0.058315	0.176613	0.058315
512	9450	975	886	56644	0.216080	0.273220	0.216080
512	9450	976	1170	18717	0.071400	0.181519	0.071400
512	9450	977	1151	19923	0.076000	0.135738	0.076000
512	9450	978	1400	40665	0.155125	0.231590	0.155125
512	9450	979	743	12502	0.047691	0.084045	0.047691
512	9450	980	1525	6358	0.024254	0.116318	0.024254
512	9450	981	1146	4403	0.016796	0.058693	0.016796
512	9450	982	1276	22794	0.086952	0.211010	0.086952
512	9450	983	947	19067	0.072735	0.108120	0.072735
512	9450	984	1211	11003	0.041973	0.117374	0.041973
512	9450	985	1178	26443	0.100872	0.175228	0.100872
512	9450	986	1065	32614	0.124413	0.206726	0.124413
512	9450	987	1189	16123	0.061504	0.116501	0.061504
512	9450	988	1102	34847	0.132931	0.191010	0.132931
512	9450	989	966	14603	0.055706	0.153912	0.055706
512	9450	990	984	18962	0.072334	0.180069	0.072334
512	9450	991	826	15120	0.057678	0.098392	0.057678
512	9450	992	1173	19573	0.074665	0.125374	0.074665
512	9450	993	1749	14057	0.053623	0.260517	0.053623
512	9450	994	992	28157	0.107410	0.160782	0.107410
512	9450	995	979	26021	0.099262	0.147289	0.099262
512	9450	996	1495	74159	0.282894	0.383102	0.282894
512	9450	997	987	48058	0.183327	0.269382	0.183327
512	9450	998	1046	17638	0.067284	0.178017	0.067284
512	9450	999	1738	26700	0.101852	0.276066	0.101852
512	9450	1000	1369	46462	0.177238	0.247227	0.177238
