512	9300	2	1259	2632	0.010040	0.026772	0.010040
512	9300	3	1491	180	0.000687	0.022068	0.000687
512	9300	4	1775	192	0.000732	0.026512	0.000732
512	9300	5	2031	3561	0.013584	0.054073	0.013584
512	9300	6	1440	847	0.003231	0.024807	0.003231
512	9300	7	1369	750	0.002861	0.023029	0.002861
512	9300	8	1687	591	0.002254	0.030067	0.002254
512	9300	9	1704	4365	0.016651	0.041729	0.016651
512	9300	10	1549	2588	0.009872	0.033127	0.009872
512	9300	11	1150	23	0.000088	0.015385	0.000088
512	9300	12	1448	2033	0.007755	0.031822	0.007755
512	9300	13	1489	152	0.000580	0.020985	0.000580
512	9300	14	1566	1334	0.005089	0.027687	0.005089
512	9300	15	1144	26	0.000099	0.014332	0.000099
512	9300	16	1593	169	0.000645	0.023861	0.000645
512	9300	17	1545	1645	0.006275	0.029877	0.006275
512	9300	18	1258	46	0.000175	0.018639	0.000175
512	9300	19	1507	47	0.000179	0.022537	0.000179
512	9300	20	987	27	0.000103	0.012516	0.000103
512	9300	21	1806	443	0.001690	0.030807	0.001690
512	9300	22	1818	2447	0.009335	0.039322	0.009335
512	9300	23	1641	1427	0.005444	0.029354	0.005444
512	9300	24	1466	362	0.001381	0.022869	0.001381
512	9300	25	1625	783	0.002987	0.027313	0.002987
512	9300	26	1293	204	0.000778	0.018795	0.000778
512	9300	27	1627	100	0.000381	0.024082	0.000381
512	9300	28	1379	34	0.000130	0.018772	0.000130
512	9300	29	1596	1053	0.004017	0.027222	0.004017
512	9300	30	1471	338	0.001289	0.023502	0.001289
512	9300	31	1269	139	0.000530	0.019978	0.000530
512	9300	32	1645	153	0.000584	0.023895	0.000584
512	9300	33	1421	44	0.000168	0.019115	0.000168
512	9300	34	1197	53	0.000202	0.016621	0.000202
512	9300	35	1380	48	0.000183	0.019810	0.000183
512	9300	36	1606	168	0.000641	0.025188	0.000641
512	9300	37	1171	1827	0.006969	0.026970	0.006969
512	9300	38	1350	32	0.000122	0.017937	0.000122
512	9300	39	1586	131	0.000500	0.023235	0.000500
512	9300	40	1642	1165	0.004444	0.028831	0.004444
512	9300	41	1480	62	0.000237	0.021408	0.000237
512	9300	42	1271	47	0.000179	0.017376	0.000179
512	9300	43	1818	1092	0.004166	0.031796	0.004166
512	9300	44	1237	36	0.000137	0.016029	0.000137
512	9300	45	1368	1523	0.005810	0.025120	0.005810
512	9300	46	1449	733	0.002796	0.022522	0.002796
512	9300	47	1590	481	0.001835	0.027599	0.001835
512	9300	48	1392	434	0.001656	0.019531	0.001656
512	9300	49	1547	176	0.000671	0.022839	0.000671
512	9300	50	1344	3421	0.013050	0.033226	0.013050
512	9300	51	1470	140	0.000534	0.024963	0.000534
512	9300	52	1357	2112	0.008057	0.027328	0.008057
512	9300	53	1469	54	0.000206	0.020184	0.000206
512	9300	54	1037	30	0.000114	0.012913	0.000114
512	9300	55	1532	1616	0.006165	0.027340	0.006165
512	9300	56	1093	47	0.000179	0.016232	0.000179
512	9300	57	1427	90	0.000343	0.019863	0.000343
512	9300	58	1232	32	0.000122	0.017097	0.000122
512	9300	59	1540	1878	0.007164	0.029007	0.007164
512	9300	60	1308	33	0.000126	0.017246	0.000126
512	9300	61	1298	61	0.000233	0.018600	0.000233
512	9300	62	1315	31	0.000118	0.017216	0.000118
512	9300	63	1412	173	0.000660	0.021370	0.000660
512	9300	64	1300	4017	0.015324	0.035110	0.015324
512	9300	65	1568	124	0.000473	0.022804	0.000473
512	9300	66	1288	39	0.000149	0.017704	0.000149
512	9300	67	1421	42	0.000160	0.018791	0.000160
512	9300	68	1380	74	0.000282	0.020203	0.000282
512	9300	69	1349	1501	0.005726	0.025494	0.005726
512	9300	70	1712	173	0.000660	0.027679	0.000660
512	9300	71	1064	46	0.000175	0.013695	0.000175
512	9300	72	1517	50	0.000191	0.021832	0.000191
512	9300	73	1611	120	0.000458	0.024502	0.000458
512	9300	74	1211	47	0.000179	0.016651	0.000179
512	9300	75	1561	65	0.000248	0.021553	0.000248
512	9300	76	1282	50	0.000191	0.017830	0.000191
512	9300	77	1603	255	0.000973	0.025692	0.000973
512	9300	78	1183	34	0.000130	0.015430	0.000130
512	9300	79	1224	26	0.000099	0.015942	0.000099
512	9300	80	1351	53	0.000202	0.018913	0.000202
512	9300	81	1765	1003	0.003826	0.039555	0.003826
512	9300	82	1980	1625	0.006199	0.038631	0.006199
512	9300	83	1485	931	0.003551	0.025879	0.003551
512	9300	84	1546	1050	0.004005	0.026428	0.004005
512	9300	85	1515	47	0.000179	0.021408	0.000179
512	9300	86	1600	396	0.001511	0.026615	0.001511
512	9300	87	1394	1205	0.004597	0.022755	0.004597
512	9300	88	1476	1143	0.004360	0.027576	0.004360
512	9300	89	928	43	0.000164	0.012394	0.000164
512	9300	90	1757	2626	0.010017	0.042027	0.010017
512	9300	91	1725	2800	0.010681	0.035870	0.010681
512	9300	92	1201	34	0.000130	0.015564	0.000130
512	9300	93	1796	1166	0.004448	0.041504	0.004448
512	9300	94	1542	808	0.003082	0.025944	0.003082
512	9300	95	1222	245	0.000935	0.017750	0.000935
512	9300	96	1459	72	0.000275	0.020798	0.000275
512	9300	97	1213	35	0.000134	0.015263	0.000134
512	9300	98	1484	1192	0.004547	0.030262	0.004547
512	9300	99	1388	395	0.001507	0.024940	0.001507
512	9300	100	1493	1843	0.007030	0.029102	0.007030
512	9300	101	1185	277	0.001057	0.020176	0.001057
512	9300	102	1318	38	0.000145	0.017342	0.000145
512	9300	103	1396	2734	0.010429	0.031837	0.010429
512	9300	104	1643	50	0.000191	0.023540	0.000191
512	9300	105	1203	1607	0.006130	0.023811	0.006130
512	9300	106	1678	188	0.000717	0.026730	0.000717
512	9300	107	1205	78	0.000298	0.016769	0.000298
512	9300	108	1656	856	0.003265	0.028263	0.003265
512	9300	109	1492	46	0.000175	0.020618	0.000175
512	9300	110	1098	51	0.000195	0.015079	0.000195
512	9300	111	1313	33	0.000126	0.017742	0.000126
512	9300	112	1203	25	0.000095	0.015236	0.000095
512	9300	113	1862	182	0.000694	0.029957	0.000694
512	9300	114	1646	369	0.001408	0.029560	0.001408
512	9300	115	948	22	0.000084	0.012596	0.000084
512	9300	116	1320	89	0.000340	0.019516	0.000340
512	9300	117	1367	535	0.002041	0.022869	0.002041
512	9300	118	1178	34	0.000130	0.015495	0.000130
512	9300	119	1548	631	0.002407	0.031441	0.002407
512	9300	120	1211	83	0.000317	0.017525	0.000317
512	9300	121	1293	4875	0.018597	0.035854	0.018597
512	9300	122	1654	106	0.000404	0.026371	0.000404
512	9300	123	1384	116	0.000443	0.020485	0.000443
512	9300	124	1522	142	0.000542	0.023624	0.000542
512	9300	125	1232	43	0.000164	0.016624	0.000164
512	9300	126	1370	80	0.000305	0.019753	0.000305
512	9300	127	1245	326	0.001244	0.019035	0.001244
512	9300	128	1358	54	0.000206	0.019646	0.000206
512	9300	129	1369	81	0.000309	0.018982	0.000309
512	9300	130	1247	957	0.003651	0.019745	0.003651
512	9300	131	1347	2555	0.009747	0.030125	0.009747
512	9300	132	1436	754	0.002876	0.022987	0.002876
512	9300	133	1407	73	0.000278	0.018303	0.000278
512	9300	134	1471	4046	0.015434	0.036205	0.015434
512	9300	135	1352	44	0.000168	0.019917	0.000168
512	9300	136	1413	82	0.000313	0.021164	0.000313
512	9300	137	1358	3035	0.011578	0.030655	0.011578
512	9300	138	1413	105	0.000401	0.020279	0.000401
512	9300	139	1116	503	0.001919	0.018021	0.001919
512	9300	140	1471	2329	0.008884	0.030758	0.008884
512	9300	141	1374	30	0.000114	0.017735	0.000114
512	9300	142	1228	50	0.000191	0.015991	0.000191
512	9300	143	1578	526	0.002007	0.025570	0.002007
512	9300	144	1403	3831	0.014614	0.044525	0.014614
512	9300	145	1251	47	0.000179	0.016178	0.000179
512	9300	146	1244	33	0.000126	0.015732	0.000126
512	9300	147	1451	28	0.000107	0.018532	0.000107
512	9300	148	1559	498	0.001900	0.026951	0.001900
512	9300	149	1501	82	0.000313	0.021671	0.000313
512	9300	150	1404	829	0.003162	0.023979	0.003162
512	9300	151	1199	54	0.000206	0.016590	0.000206
512	9300	152	1569	4291	0.016369	0.041229	0.016369
512	9300	153	1220	62	0.000237	0.017738	0.000237
512	9300	154	1510	1802	0.006874	0.027557	0.006874
512	9300	155	1006	28	0.000107	0.013542	0.000107
512	9300	156	1340	46	0.000175	0.018284	0.000175
512	9300	157	1160	64	0.000244	0.015598	0.000244
512	9300	158	1665	1415	0.005398	0.029305	0.005398
512	9300	159	1493	89	0.000340	0.019852	0.000340
512	9300	160	1714	6307	0.024059	0.052399	0.024059
512	9300	161	1718	1570	0.005989	0.031357	0.005989
512	9300	162	1199	28	0.000107	0.016003	0.000107
512	9300	163	1482	1136	0.004333	0.027161	0.004333
512	9300	164	1196	456	0.001740	0.019775	0.001740
512	9300	165	1527	66	0.000252	0.023647	0.000252
512	9300	166	1431	76	0.000290	0.019985	0.000290
512	9300	167	1184	129	0.000492	0.016937	0.000492
512	9300	168	1417	450	0.001717	0.023842	0.001717
512	9300	169	1460	951	0.003628	0.026112	0.003628
512	9300	170	1329	34	0.000130	0.017284	0.000130
512	9300	171	1278	69	0.000263	0.018158	0.000263
512	9300	172	1552	2816	0.010742	0.036774	0.010742
512	9300	173	1285	259	0.000988	0.019993	0.000988
512	9300	174	1552	1477	0.005634	0.028984	0.005634
512	9300	175	1209	28	0.000107	0.015560	0.000107
512	9300	176	1432	101	0.000385	0.020382	0.000385
512	9300	177	1207	37	0.000141	0.016022	0.000141
512	9300	178	1370	317	0.001209	0.020332	0.001209
512	9300	179	1244	62	0.000237	0.018471	0.000237
512	9300	180	1567	4048	0.015442	0.047554	0.015442
512	9300	181	1278	79	0.000301	0.018433	0.000301
512	9300	182	1223	99	0.000378	0.017822	0.000378
512	9300	183	1136	31	0.000118	0.015316	0.000118
512	9300	184	1732	112	0.000427	0.027542	0.000427
512	9300	185	1514	3967	0.015133	0.037903	0.015133
512	9300	186	1434	279	0.001064	0.023167	0.001064
512	9300	187	1434	2444	0.009323	0.030506	0.009323
512	9300	188	1580	297	0.001133	0.023975	0.001133
512	9300	189	1159	53	0.000202	0.015522	0.000202
512	9300	190	1082	34	0.000130	0.013920	0.000130
512	9300	191	1320	3055	0.011654	0.029903	0.011654
512	9300	192	1252	67	0.000256	0.017078	0.000256
512	9300	193	1330	79	0.000301	0.018551	0.000301
512	9300	194	1468	1877	0.007160	0.026176	0.007160
512	9300	195	1368	66	0.000252	0.019051	0.000252
512	9300	196	1257	34	0.000130	0.016953	0.000130
512	9300	197	1192	74	0.000282	0.016098	0.000282
512	9300	198	1715	1460	0.005569	0.033600	0.005569
512	9300	199	1524	43	0.000164	0.020832	0.000164
512	9300	200	1398	1400	0.005341	0.025616	0.005341
512	9300	201	1407	56	0.000214	0.019386	0.000214
512	9300	202	1464	72	0.000275	0.021004	0.000275
512	9300	203	1222	122	0.000465	0.019516	0.000465
512	9300	204	1489	3180	0.012131	0.040386	0.012131
512	9300	205	1395	1280	0.004883	0.023983	0.004883
512	9300	206	1299	41	0.000156	0.018337	0.000156
512	9300	207	1411	1194	0.004555	0.025257	0.004555
512	9300	208	1289	35	0.000134	0.018112	0.000134
512	9300	209	1765	2989	0.011402	0.037292	0.011402
512	9300	210	1578	47	0.000179	0.022038	0.000179
512	9300	211	1153	20	0.000076	0.015087	0.000076
512	9300	212	1313	90	0.000343	0.018963	0.000343
512	9300	213	1676	852	0.003250	0.029613	0.003250
512	9300	214	1445	75	0.000286	0.020199	0.000286
512	9300	215	1275	77	0.000294	0.019043	0.000294
512	9300	216	1354	28	0.000107	0.017555	0.000107
512	9300	217	1573	320	0.001221	0.025776	0.001221
512	9300	218	1086	28	0.000107	0.014282	0.000107
512	9300	219	1386	61	0.000233	0.019829	0.000233
512	9300	220	1550	204	0.000778	0.023247	0.000778
512	9300	221	1409	199	0.000759	0.022953	0.000759
512	9300	222	1161	44	0.000168	0.016132	0.000168
512	9300	223	1024	26	0.000099	0.012722	0.000099
512	9300	224	1572	468	0.001785	0.026375	0.001785
512	9300	225	1420	111	0.000423	0.021347	0.000423
512	9300	226	1980	2138	0.008156	0.040524	0.008156
512	9300	227	1445	944	0.003601	0.024170	0.003601
512	9300	228	1220	29	0.000111	0.016659	0.000111
512	9300	229	1772	453	0.001728	0.028614	0.001728
512	9300	230	1343	54	0.000206	0.017761	0.000206
512	9300	231	1444	131	0.000500	0.021904	0.000500
512	9300	232	1450	123	0.000469	0.021450	0.000469
512	9300	233	1510	55	0.000210	0.021439	0.000210
512	9300	234	1489	46	0.000175	0.020454	0.000175
512	9300	235	1174	134	0.000511	0.018299	0.000511
512	9300	236	1188	54	0.000206	0.015820	0.000206
512	9300	237	1704	1944	0.007416	0.041222	0.007416
512	9300	238	1268	504	0.001923	0.019047	0.001923
512	9300	239	1726	3919	0.014950	0.042305	0.014950
512	9300	240	1417	1792	0.006836	0.027828	0.006836
512	9300	241	1384	60	0.000229	0.020561	0.000229
512	9300	242	1149	21	0.000080	0.014427	0.000080
512	9300	243	1299	32	0.000122	0.017094	0.000122
512	9300	244	1462	70	0.000267	0.022602	0.000267
512	9300	245	1368	1539	0.005871	0.024296	0.005871
512	9300	246	1064	22	0.000084	0.012989	0.000084
512	9300	247	1451	47	0.000179	0.018887	0.000179
512	9300	248	1089	35	0.000134	0.014290	0.000134
512	9300	249	1935	395	0.001507	0.031384	0.001507
512	9300	250	1340	89	0.000340	0.019203	0.000340
512	9300	251	1320	152	0.000580	0.020050	0.000580
512	9300	252	1255	108	0.000412	0.018074	0.000412
512	9300	253	1392	34	0.000130	0.017502	0.000130
512	9300	254	1533	79	0.000301	0.021317	0.000301
512	9300	255	1067	77	0.000294	0.014870	0.000294
512	9300	256	1375	82	0.000313	0.018890	0.000313
512	9300	257	1238	4057	0.015476	0.032516	0.015476
512	9300	258	1170	37	0.000141	0.016079	0.000141
512	9300	259	1344	1088	0.004150	0.023731	0.004150
512	9300	260	1205	489	0.001865	0.021950	0.001865
512	9300	261	1245	123	0.000469	0.018276	0.000469
512	9300	262	1391	1928	0.007355	0.028271	0.007355
512	9300	263	1081	4500	0.017166	0.031940	0.017166
512	9300	264	1319	151	0.000576	0.019878	0.000576
512	9300	265	1691	1519	0.005795	0.036171	0.005795
512	9300	266	1361	6553	0.024998	0.044861	0.024998
512	9300	267	1143	64	0.000244	0.015751	0.000244
512	9300	268	1193	27	0.000103	0.015854	0.000103
512	9300	269	1238	42	0.000160	0.017090	0.000160
512	9300	270	1269	294	0.001122	0.019108	0.001122
512	9300	271	1436	206	0.000786	0.022243	0.000786
512	9300	272	1504	65	0.000248	0.020481	0.000248
512	9300	273	1287	3323	0.012676	0.031433	0.012676
512	9300	274	1666	2470	0.009422	0.037739	0.009422
512	9300	275	1326	40	0.000153	0.017540	0.000153
512	9300	276	1320	44	0.000168	0.017876	0.000168
512	9300	277	1609	119	0.000454	0.025452	0.000454
512	9300	278	1313	1373	0.005238	0.027168	0.005238
512	9300	279	1549	32	0.000122	0.020512	0.000122
512	9300	280	1428	2868	0.010941	0.035591	0.010941
512	9300	281	1531	1265	0.004826	0.026958	0.004826
512	9300	282	1234	36	0.000137	0.015621	0.000137
512	9300	283	1507	622	0.002373	0.023785	0.002373
512	9300	284	1520	252	0.000961	0.023056	0.000961
512	9300	285	1257	35	0.000134	0.016441	0.000134
512	9300	286	1385	675	0.002575	0.024357	0.002575
512	9300	287	1207	180	0.000687	0.017200	0.000687
512	9300	288	1382	24	0.000092	0.018253	0.000092
512	9300	289	1795	1452	0.005539	0.032352	0.005539
512	9300	290	1415	2109	0.008045	0.030628	0.008045
512	9300	291	1491	2070	0.007896	0.030792	0.007896
512	9300	292	1646	142	0.000542	0.023621	0.000542
512	9300	293	1625	607	0.002316	0.028713	0.002316
512	9300	294	1304	1372	0.005234	0.024853	0.005234
512	9300	295	1524	2100	0.008011	0.029926	0.008011
512	9300	296	1382	38	0.000145	0.018997	0.000145
512	9300	297	1252	23	0.000088	0.016232	0.000088
512	9300	298	1330	124	0.000473	0.019753	0.000473
512	9300	299	1545	150	0.000572	0.024101	0.000572
512	9300	300	1262	60	0.000229	0.017021	0.000229
512	9300	301	2012	106	0.000404	0.030788	0.000404
512	9300	302	1394	1195	0.004559	0.025612	0.004559
512	9300	303	1251	45	0.000172	0.016853	0.000172
512	9300	304	1172	23	0.000088	0.014282	0.000088
512	9300	305	1488	170	0.000648	0.022030	0.000648
512	9300	306	1118	40	0.000153	0.014530	0.000153
512	9300	307	1187	28	0.000107	0.015453	0.000107
512	9300	308	1556	1003	0.003826	0.026196	0.003826
512	9300	309	1660	462	0.001762	0.024975	0.001762
512	9300	310	1213	479	0.001827	0.022373	0.001827
512	9300	311	1064	38	0.000145	0.014465	0.000145
512	9300	312	1445	97	0.000370	0.020760	0.000370
512	9300	313	1294	121	0.000462	0.018597	0.000462
512	9300	314	1168	30	0.000114	0.015842	0.000114
512	9300	315	1402	81	0.000309	0.019043	0.000309
512	9300	316	2102	1665	0.006351	0.043171	0.006351
512	9300	317	1613	1197	0.004566	0.028728	0.004566
512	9300	318	1012	36	0.000137	0.014633	0.000137
512	9300	319	1572	234	0.000893	0.026363	0.000893
512	9300	320	1108	264	0.001007	0.016323	0.001007
512	9300	321	1255	54	0.000206	0.016636	0.000206
512	9300	322	1091	131	0.000500	0.015820	0.000500
512	9300	323	903	23	0.000088	0.012581	0.000088
512	9300	324	1381	3206	0.012230	0.032089	0.012230
512	9300	325	944	31	0.000118	0.011692	0.000118
512	9300	326	1815	642	0.002449	0.034672	0.002449
512	9300	327	1262	39	0.000149	0.016850	0.000149
512	9300	328	1290	111	0.000423	0.018562	0.000423
512	9300	329	1129	30	0.000114	0.015568	0.000114
512	9300	330	1358	51	0.000195	0.018444	0.000195
512	9300	331	1248	25	0.000095	0.015942	0.000095
512	9300	332	1550	1000	0.003815	0.025608	0.003815
512	9300	333	1173	1324	0.005051	0.021545	0.005051
512	9300	334	1527	51	0.000195	0.022530	0.000195
512	9300	335	1282	284	0.001083	0.019096	0.001083
512	9300	336	1360	31	0.000118	0.017998	0.000118
512	9300	337	1230	49	0.000187	0.017200	0.000187
512	9300	338	1719	35	0.000134	0.023556	0.000134
512	9300	339	1223	76	0.000290	0.017353	0.000290
512	9300	340	1544	57	0.000217	0.022118	0.000217
512	9300	341	1628	179	0.000683	0.026215	0.000683
512	9300	342	1182	1302	0.004967	0.023178	0.004967
512	9300	343	1505	81	0.000309	0.021996	0.000309
512	9300	344	1526	56	0.000214	0.021778	0.000214
512	9300	345	1473	252	0.000961	0.023830	0.000961
512	9300	346	1572	920	0.003510	0.030735	0.003510
512	9300	347	1221	86	0.000328	0.016815	0.000328
512	9300	348	1554	66	0.000252	0.022949	0.000252
512	9300	349	1049	23	0.000088	0.013081	0.000088
512	9300	350	1217	3562	0.013588	0.031200	0.013588
512	9300	351	1596	3234	0.012337	0.038818	0.012337
512	9300	352	1924	36	0.000137	0.027367	0.000137
512	9300	353	1095	48	0.000183	0.014778	0.000183
512	9300	354	1412	939	0.003582	0.025005	0.003582
512	9300	355	970	25	0.000095	0.012959	0.000095
512	9300	356	1630	49	0.000187	0.022213	0.000187
512	9300	357	1261	324	0.001236	0.019817	0.001236
512	9300	358	1577	1738	0.006630	0.033344	0.006630
512	9300	359	1384	1312	0.005005	0.024689	0.005005
512	9300	360	1589	209	0.000797	0.024620	0.000797
512	9300	361	1395	51	0.000195	0.019146	0.000195
512	9300	362	1064	31	0.000118	0.014950	0.000118
512	9300	363	1500	1779	0.006786	0.029881	0.006786
512	9300	364	1217	39	0.000149	0.016510	0.000149
512	9300	365	1487	142	0.000542	0.022106	0.000542
512	9300	366	1621	544	0.002075	0.026913	0.002075
512	9300	367	1478	31	0.000118	0.020233	0.000118
512	9300	368	1551	34	0.000130	0.021278	0.000130
512	9300	369	1057	29	0.000111	0.013462	0.000111
512	9300	370	1507	66	0.000252	0.021786	0.000252
512	9300	371	1477	28	0.000107	0.019592	0.000107
512	9300	372	1367	2048	0.007812	0.028683	0.007812
512	9300	373	1667	2062	0.007866	0.039299	0.007866
512	9300	374	1014	23	0.000088	0.012589	0.000088
512	9300	375	1380	384	0.001465	0.024471	0.001465
512	9300	376	1309	2047	0.007809	0.026684	0.007809
512	9300	377	1202	75	0.000286	0.016552	0.000286
512	9300	378	1322	26	0.000099	0.017036	0.000099
512	9300	379	952	27	0.000103	0.012009	0.000103
512	9300	380	1058	251	0.000957	0.017349	0.000957
512	9300	381	1407	169	0.000645	0.020847	0.000645
512	9300	382	1095	105	0.000401	0.014767	0.000401
512	9300	383	1129	2826	0.010780	0.029789	0.010780
512	9300	384	1158	109	0.000416	0.016811	0.000416
512	9300	385	1243	27	0.000103	0.015987	0.000103
512	9300	386	1471	1128	0.004303	0.029240	0.004303
512	9300	387	1379	43	0.000164	0.018814	0.000164
512	9300	388	1527	315	0.001202	0.025906	0.001202
512	9300	389	1390	393	0.001499	0.021477	0.001499
512	9300	390	1300	31	0.000118	0.018703	0.000118
512	9300	391	1651	46	0.000175	0.023846	0.000175
512	9300	392	1608	111	0.000423	0.024578	0.000423
512	9300	393	1340	77	0.000294	0.018837	0.000294
512	9300	394	1374	47	0.000179	0.019119	0.000179
512	9300	395	996	1351	0.005154	0.019421	0.005154
512	9300	396	1302	267	0.001019	0.018322	0.001019
512	9300	397	969	22	0.000084	0.012089	0.000084
512	9300	398	1732	1268	0.004837	0.029972	0.004837
512	9300	399	1089	490	0.001869	0.016869	0.001869
512	9300	400	1775	235	0.000896	0.027088	0.000896
512	9300	401	1197	1240	0.004730	0.022160	0.004730
512	9300	402	912	26	0.000099	0.011303	0.000099
512	9300	403	1131	35	0.000134	0.015068	0.000134
512	9300	404	1078	52	0.000198	0.014935	0.000198
512	9300	405	1398	200	0.000763	0.021523	0.000763
512	9300	406	1505	38	0.000145	0.019783	0.000145
512	9300	407	1272	524	0.001999	0.021454	0.001999
512	9300	408	1622	1396	0.005325	0.028721	0.005325
512	9300	409	1423	58	0.000221	0.019299	0.000221
512	9300	410	1077	244	0.000931	0.015087	0.000931
512	9300	411	1369	1372	0.005234	0.023869	0.005234
512	9300	412	1437	1386	0.005287	0.025883	0.005287
512	9300	413	1485	1897	0.007236	0.029118	0.007236
512	9300	414	840	26	0.000099	0.010273	0.000099
512	9300	415	1040	62	0.000237	0.014889	0.000237
512	9300	416	1460	145	0.000553	0.021690	0.000553
512	9300	417	1197	103	0.000393	0.017780	0.000393
512	9300	418	1499	32	0.000122	0.020283	0.000122
512	9300	419	1161	202	0.000771	0.018028	0.000771
512	9300	420	1304	42	0.000160	0.018017	0.000160
512	9300	421	1921	194	0.000740	0.031818	0.000740
512	9300	422	2011	1799	0.006863	0.037617	0.006863
512	9300	423	1329	34	0.000130	0.019257	0.000130
512	9300	424	1384	31	0.000118	0.017292	0.000118
512	9300	425	1394	43	0.000164	0.018555	0.000164
512	9300	426	1242	49	0.000187	0.016651	0.000187
512	9300	427	1417	1293	0.004932	0.027481	0.004932
512	9300	428	1191	71	0.000271	0.017029	0.000271
512	9300	429	1400	726	0.002769	0.024555	0.002769
512	9300	430	1232	99	0.000378	0.017929	0.000378
512	9300	431	1355	992	0.003784	0.024120	0.003784
512	9300	432	1736	578	0.002205	0.028694	0.002205
512	9300	433	1118	1172	0.004471	0.020618	0.004471
512	9300	434	1358	752	0.002869	0.021896	0.002869
512	9300	435	1280	46	0.000175	0.016674	0.000175
512	9300	436	1905	289	0.001102	0.031158	0.001102
512	9300	437	1715	175	0.000668	0.028248	0.000668
512	9300	438	1443	110	0.000420	0.021965	0.000420
512	9300	439	1290	82	0.000313	0.018375	0.000313
512	9300	440	1100	32	0.000122	0.014297	0.000122
512	9300	441	1400	26	0.000099	0.017906	0.000099
512	9300	442	1447	142	0.000542	0.020603	0.000542
512	9300	443	1513	49	0.000187	0.020496	0.000187
512	9300	444	1246	35	0.000134	0.016800	0.000134
512	9300	445	1481	56	0.000214	0.020332	0.000214
512	9300	446	1425	3161	0.012058	0.038982	0.012058
512	9300	447	1830	1223	0.004665	0.032253	0.004665
512	9300	448	1339	64	0.000244	0.018932	0.000244
512	9300	449	1214	33	0.000126	0.016563	0.000126
512	9300	450	1198	185	0.000706	0.019218	0.000706
512	9300	451	1441	47	0.000179	0.020950	0.000179
512	9300	452	1405	37	0.000141	0.018288	0.000141
512	9300	453	1474	1432	0.005463	0.028244	0.005463
512	9300	454	1236	1093	0.004169	0.021805	0.004169
512	9300	455	1149	38	0.000145	0.015926	0.000145
512	9300	456	1188	31	0.000118	0.015663	0.000118
512	9300	457	1467	137	0.000523	0.021069	0.000523
512	9300	458	1078	35	0.000134	0.014561	0.000134
512	9300	459	1282	50	0.000191	0.016697	0.000191
512	9300	460	1474	146	0.000557	0.021919	0.000557
512	9300	461	1534	2450	0.009346	0.030983	0.009346
512	9300	462	1297	63	0.000240	0.017971	0.000240
512	9300	463	1270	74	0.000282	0.018093	0.000282
512	9300	464	1351	42	0.000160	0.017868	0.000160
512	9300	465	1150	31	0.000118	0.014656	0.000118
512	9300	466	1585	320	0.001221	0.023987	0.001221
512	9300	467	1220	30	0.000114	0.016537	0.000114
512	9300	468	1579	115	0.000439	0.022900	0.000439
512	9300	469	1434	1007	0.003841	0.023724	0.003841
512	9300	470	1635	415	0.001583	0.024475	0.001583
512	9300	471	1409	34	0.000130	0.018650	0.000130
512	9300	472	1103	42	0.000160	0.014069	0.000160
512	9300	473	1255	39	0.000149	0.017380	0.000149
512	9300	474	1294	29	0.000111	0.016884	0.000111
512	9300	475	1436	25	0.000095	0.017906	0.000095
512	9300	476	1473	51	0.000195	0.021828	0.000195
512	9300	477	1290	738	0.002815	0.020393	0.002815
512	9300	478	1366	4053	0.015461	0.034447	0.015461
512	9300	479	1552	72	0.000275	0.023232	0.000275
512	9300	480	1069	27	0.000103	0.013615	0.000103
512	9300	481	1237	69	0.000263	0.016277	0.000263
512	9300	482	1661	110	0.000420	0.023846	0.000420
512	9300	483	1016	26	0.000099	0.012775	0.000099
512	9300	484	1552	44	0.000168	0.021687	0.000168
512	9300	485	1060	46	0.000175	0.013649	0.000175
512	9300	486	1253	155	0.000591	0.019070	0.000591
512	9300	487	1511	49	0.000187	0.020508	0.000187
512	9300	488	1262	363	0.001385	0.020298	0.001385
512	9300	489	1185	64	0.000244	0.017040	0.000244
512	9300	490	1076	71	0.000271	0.014908	0.000271
512	9300	491	1214	54	0.000206	0.016380	0.000206
512	9300	492	1412	107	0.000408	0.020447	0.000408
512	9300	493	1713	154	0.000587	0.025776	0.000587
512	9300	494	1639	52	0.000198	0.022812	0.000198
512	9300	495	1038	35	0.000134	0.013226	0.000134
512	9300	496	1370	94	0.000359	0.020161	0.000359
512	9300	497	1224	28	0.000107	0.015530	0.000107
512	9300	498	1486	37	0.000141	0.019531	0.000141
512	9300	499	1305	216	0.000824	0.020763	0.000824
512	9300	500	1708	8154	0.031105	0.055782	0.031105
512	9300	501	1378	561	0.002140	0.022552	0.002140
512	9300	502	1204	28	0.000107	0.015221	0.000107
512	9300	503	1255	64	0.000244	0.017082	0.000244
512	9300	504	1836	59	0.000225	0.026016	0.000225
512	9300	505	1233	31	0.000118	0.016136	0.000118
512	9300	506	877	28	0.000107	0.011688	0.000107
512	9300	507	1526	110	0.000420	0.022308	0.000420
512	9300	508	1556	617	0.002354	0.032330	0.002354
512	9300	509	1384	45	0.000172	0.018791	0.000172
512	9300	510	1635	28	0.000107	0.021717	0.000107
512	9300	511	1223	67	0.000256	0.016880	0.000256
512	9300	512	1117	1573	0.006001	0.025620	0.006001
512	9300	513	1701	138	0.000526	0.024960	0.000526
512	9300	514	1101	36	0.000137	0.014717	0.000137
512	9300	515	943	55	0.000210	0.012699	0.000210
512	9300	516	1165	55	0.000210	0.016613	0.000210
512	9300	517	1362	75	0.000286	0.019691	0.000286
512	9300	518	1092	24	0.000092	0.014149	0.000092
512	9300	519	1171	35	0.000134	0.015270	0.000134
512	9300	520	1630	3258	0.012428	0.037956	0.012428
512	9300	521	1372	496	0.001892	0.021591	0.001892
512	9300	522	1816	565	0.002155	0.030994	0.002155
512	9300	523	1589	76	0.000290	0.023319	0.000290
512	9300	524	1346	46	0.000175	0.019634	0.000175
512	9300	525	1268	43	0.000164	0.016567	0.000164
512	9300	526	1407	32	0.000122	0.018681	0.000122
512	9300	527	1232	50	0.000191	0.016926	0.000191
512	9300	528	1403	84	0.000320	0.020405	0.000320
512	9300	529	1323	31	0.000118	0.017960	0.000118
512	9300	530	1506	1419	0.005413	0.032585	0.005413
512	9300	531	1356	36	0.000137	0.018612	0.000137
512	9300	532	1470	234	0.000893	0.023926	0.000893
512	9300	533	1562	1602	0.006111	0.034836	0.006111
512	9300	534	1194	50	0.000191	0.016056	0.000191
512	9300	535	1302	113	0.000431	0.018314	0.000431
512	9300	536	1411	46	0.000175	0.018402	0.000175
512	9300	537	1159	39	0.000149	0.015316	0.000149
512	9300	538	1186	126	0.000481	0.015789	0.000481
512	9300	539	986	31	0.000118	0.012634	0.000118
512	9300	540	1520	352	0.001343	0.026573	0.001343
512	9300	541	1551	31	0.000118	0.020290	0.000118
512	9300	542	921	19	0.000072	0.011696	0.000072
512	9300	543	1469	37	0.000141	0.020061	0.000141
512	9300	544	1150	39	0.000149	0.015072	0.000149
512	9300	545	1304	39	0.000149	0.017170	0.000149
512	9300	546	1215	36	0.000137	0.016193	0.000137
512	9300	547	1640	830	0.003166	0.028339	0.003166
512	9300	548	1358	65	0.000248	0.018509	0.000248
512	9300	549	1307	2016	0.007690	0.027245	0.007690
512	9300	550	1624	124	0.000473	0.026424	0.000473
512	9300	551	1361	1135	0.004330	0.023258	0.004330
512	9300	552	1338	396	0.001511	0.022415	0.001511
512	9300	553	1338	691	0.002636	0.022350	0.002636
512	9300	554	1668	98	0.000374	0.023296	0.000374
512	9300	555	1186	24	0.000092	0.014877	0.000092
512	9300	556	966	61	0.000233	0.012909	0.000233
512	9300	557	1278	35	0.000134	0.016724	0.000134
512	9300	558	1405	1751	0.006680	0.025909	0.006680
512	9300	559	1200	82	0.000313	0.017719	0.000313
512	9300	560	1859	1330	0.005074	0.033195	0.005074
512	9300	561	1584	190	0.000725	0.024887	0.000725
512	9300	562	1565	221	0.000843	0.022907	0.000843
512	9300	563	1349	52	0.000198	0.018597	0.000198
512	9300	564	1630	1435	0.005474	0.029202	0.005474
512	9300	565	1585	1278	0.004875	0.028591	0.004875
512	9300	566	1291	84	0.000320	0.019112	0.000320
512	9300	567	1410	111	0.000423	0.021076	0.000423
512	9300	568	1697	3339	0.012737	0.040047	0.012737
512	9300	569	1056	29	0.000111	0.013592	0.000111
512	9300	570	1386	31	0.000118	0.018536	0.000118
512	9300	571	982	27	0.000103	0.012291	0.000103
512	9300	572	1735	5035	0.019207	0.051750	0.019207
512	9300	573	1180	33	0.000126	0.015579	0.000126
512	9300	574	1449	50	0.000191	0.019573	0.000191
512	9300	575	1525	998	0.003807	0.026836	0.003807
512	9300	576	1525	761	0.002903	0.024117	0.002903
512	9300	577	1684	921	0.003513	0.031578	0.003513
512	9300	578	1215	55	0.000210	0.016739	0.000210
512	9300	579	1434	6300	0.024033	0.045490	0.024033
512	9300	580	1285	38	0.000145	0.016003	0.000145
512	9300	581	1231	3634	0.013863	0.029728	0.013863
512	9300	582	1418	28	0.000107	0.018017	0.000107
512	9300	583	1248	79	0.000301	0.017368	0.000301
512	9300	584	1223	1053	0.004017	0.021526	0.004017
512	9300	585	1471	52	0.000198	0.019581	0.000198
512	9300	586	1423	53	0.000202	0.019108	0.000202
512	9300	587	1342	40	0.000153	0.018745	0.000153
512	9300	588	1269	50	0.000191	0.016926	0.000191
512	9300	589	1000	47	0.000179	0.013298	0.000179
512	9300	590	1545	102	0.000389	0.023232	0.000389
512	9300	591	1366	176	0.000671	0.019985	0.000671
512	9300	592	1136	87	0.000332	0.014889	0.000332
512	9300	593	1206	26	0.000099	0.016167	0.000099
512	9300	594	944	22	0.000084	0.012268	0.000084
512	9300	595	1409	57	0.000217	0.020348	0.000217
512	9300	596	1653	183	0.000698	0.028244	0.000698
512	9300	597	1118	33	0.000126	0.014473	0.000126
512	9300	598	1540	44	0.000168	0.022091	0.000168
512	9300	599	1720	3106	0.011848	0.038929	0.011848
512	9300	600	1103	29	0.000111	0.014790	0.000111
512	9300	601	1196	47	0.000179	0.016052	0.000179
512	9300	602	1594	74	0.000282	0.023079	0.000282
512	9300	603	1273	86	0.000328	0.018074	0.000328
512	9300	604	1362	35	0.000134	0.017899	0.000134
512	9300	605	1348	44	0.000168	0.019768	0.000168
512	9300	606	1097	32	0.000122	0.014446	0.000122
512	9300	607	1786	426	0.001625	0.030167	0.001625
512	9300	608	1230	38	0.000145	0.016144	0.000145
512	9300	609	1213	489	0.001865	0.020084	0.001865
512	9300	610	1559	67	0.000256	0.022438	0.000256
512	9300	611	1834	576	0.002197	0.031921	0.002197
512	9300	612	1217	90	0.000343	0.018120	0.000343
512	9300	613	1260	3131	0.011944	0.031704	0.011944
512	9300	614	1377	28	0.000107	0.017887	0.000107
512	9300	615	1495	777	0.002964	0.027275	0.002964
512	9300	616	1160	30	0.000114	0.015545	0.000114
512	9300	617	1765	868	0.003311	0.034348	0.003311
512	9300	618	1565	215	0.000820	0.024929	0.000820
512	9300	619	1423	595	0.002270	0.022564	0.002270
512	9300	620	1177	27	0.000103	0.016163	0.000103
512	9300	621	1351	32	0.000122	0.017162	0.000122
512	9300	622	1463	25	0.000095	0.018963	0.000095
512	9300	623	1499	78	0.000298	0.021561	0.000298
512	9300	624	1690	144	0.000549	0.026157	0.000549
512	9300	625	1419	124	0.000473	0.020466	0.000473
512	9300	626	1031	27	0.000103	0.013012	0.000103
512	9300	627	1321	34	0.000130	0.017315	0.000130
512	9300	628	1164	167	0.000637	0.016422	0.000637
512	9300	629	1285	1960	0.007477	0.025970	0.007477
512	9300	630	1648	3011	0.011486	0.036736	0.011486
512	9300	631	1744	1983	0.007565	0.036228	0.007565
512	9300	632	1190	27	0.000103	0.014809	0.000103
512	9300	633	1635	4526	0.017265	0.040947	0.017265
512	9300	634	1572	81	0.000309	0.020462	0.000309
512	9300	635	1243	31	0.000118	0.016064	0.000118
512	9300	636	1392	37	0.000141	0.019646	0.000141
512	9300	637	1643	1803	0.006878	0.030693	0.006878
512	9300	638	1243	58	0.000221	0.018486	0.000221
512	9300	639	1546	1152	0.004395	0.026890	0.004395
512	9300	640	1685	220	0.000839	0.026218	0.000839
512	9300	641	1503	41	0.000156	0.020489	0.000156
512	9300	642	1416	179	0.000683	0.021511	0.000683
512	9300	643	1176	29	0.000111	0.016033	0.000111
512	9300	644	1680	4947	0.018871	0.043892	0.018871
512	9300	645	1476	1768	0.006744	0.029720	0.006744
512	9300	646	1839	2131	0.008129	0.040092	0.008129
512	9300	647	1204	674	0.002571	0.020138	0.002571
512	9300	648	1656	1188	0.004532	0.031754	0.004532
512	9300	649	1117	1391	0.005306	0.020111	0.005306
512	9300	650	1473	4619	0.017620	0.040562	0.017620
512	9300	651	1439	374	0.001427	0.022274	0.001427
512	9300	652	1097	37	0.000141	0.014263	0.000141
512	9300	653	1334	88	0.000336	0.019173	0.000336
512	9300	654	1276	36	0.000137	0.016937	0.000137
512	9300	655	1582	34	0.000130	0.022057	0.000130
512	9300	656	1821	138	0.000526	0.029026	0.000526
512	9300	657	1349	71	0.000271	0.020390	0.000271
512	9300	658	1040	25	0.000095	0.012619	0.000095
512	9300	659	1184	37	0.000141	0.015530	0.000141
512	9300	660	1389	232	0.000885	0.021828	0.000885
512	9300	661	1263	61	0.000233	0.017010	0.000233
512	9300	662	1695	2575	0.009823	0.040405	0.009823
512	9300	663	1414	189	0.000721	0.020805	0.000721
512	9300	664	1385	55	0.000210	0.019588	0.000210
512	9300	665	1481	767	0.002926	0.022991	0.002926
512	9300	666	1346	59	0.000225	0.018776	0.000225
512	9300	667	1467	39	0.000149	0.018898	0.000149
512	9300	668	1439	112	0.000427	0.021786	0.000427
512	9300	669	1563	62	0.000237	0.024059	0.000237
512	9300	670	1336	1171	0.004467	0.023224	0.004467
512	9300	671	1430	97	0.000370	0.022022	0.000370
512	9300	672	1239	365	0.001392	0.021515	0.001392
512	9300	673	1289	41	0.000156	0.018917	0.000156
512	9300	674	1551	1376	0.005249	0.030987	0.005249
512	9300	675	1337	46	0.000175	0.018463	0.000175
512	9300	676	1565	2184	0.008331	0.034672	0.008331
512	9300	677	1255	228	0.000870	0.020870	0.000870
512	9300	678	1766	4106	0.015663	0.042599	0.015663
512	9300	679	1633	2453	0.009357	0.034702	0.009357
512	9300	680	1213	58	0.000221	0.016956	0.000221
512	9300	681	1298	1971	0.007519	0.026451	0.007519
512	9300	682	1408	56	0.000214	0.020851	0.000214
512	9300	683	1092	44	0.000168	0.014156	0.000168
512	9300	684	1418	51	0.000195	0.020889	0.000195
512	9300	685	1414	324	0.001236	0.020760	0.001236
512	9300	686	1096	29	0.000111	0.014606	0.000111
512	9300	687	1634	1913	0.007298	0.030685	0.007298
512	9300	688	1155	4445	0.016956	0.033386	0.016956
512	9300	689	1300	72	0.000275	0.019424	0.000275
512	9300	690	1307	32	0.000122	0.017727	0.000122
512	9300	691	1330	2898	0.011055	0.030102	0.011055
512	9300	692	1578	45	0.000172	0.021343	0.000172
512	9300	693	1481	145	0.000553	0.022633	0.000553
512	9300	694	1697	62	0.000237	0.024784	0.000237
512	9300	695	1357	27	0.000103	0.018375	0.000103
512	9300	696	912	41	0.000156	0.011700	0.000156
512	9300	697	1327	754	0.002876	0.026539	0.002876
512	9300	698	1222	80	0.000305	0.018539	0.000305
512	9300	699	1261	590	0.002251	0.019691	0.002251
512	9300	700	1460	117	0.000446	0.020718	0.000446
512	9300	701	1072	1296	0.004944	0.020630	0.004944
512	9300	702	1617	57	0.000217	0.023956	0.000217
512	9300	703	1047	83	0.000317	0.014057	0.000317
512	9300	704	1333	33	0.000126	0.018997	0.000126
512	9300	705	1520	44	0.000168	0.020767	0.000168
512	9300	706	1138	68	0.000259	0.016731	0.000259
512	9300	707	1212	62	0.000237	0.016579	0.000237
512	9300	708	1261	474	0.001808	0.020306	0.001808
512	9300	709	1863	346	0.001320	0.030834	0.001320
512	9300	710	1462	926	0.003532	0.026039	0.003532
512	9300	711	1807	604	0.002304	0.034595	0.002304
512	9300	712	1214	37	0.000141	0.016205	0.000141
512	9300	713	1160	30	0.000114	0.014694	0.000114
512	9300	714	1169	38	0.000145	0.015366	0.000145
512	9300	715	1522	36	0.000137	0.021172	0.000137
512	9300	716	1390	57	0.000217	0.020515	0.000217
512	9300	717	1267	29	0.000111	0.016350	0.000111
512	9300	718	1713	202	0.000771	0.025921	0.000771
512	9300	719	1572	1622	0.006187	0.029102	0.006187
512	9300	720	1300	104	0.000397	0.019115	0.000397
512	9300	721	1380	47	0.000179	0.018368	0.000179
512	9300	722	1254	231	0.000881	0.018070	0.000881
512	9300	723	1503	51	0.000195	0.020306	0.000195
512	9300	724	1228	36	0.000137	0.016781	0.000137
512	9300	725	1511	124	0.000473	0.022396	0.000473
512	9300	726	1225	75	0.000286	0.017708	0.000286
512	9300	727	1349	46	0.000175	0.018852	0.000175
512	9300	728	1727	675	0.002575	0.033058	0.002575
512	9300	729	1215	267	0.001019	0.019360	0.001019
512	9300	730	1282	45	0.000172	0.017757	0.000172
512	9300	731	1664	2345	0.008945	0.041279	0.008945
512	9300	732	1227	259	0.000988	0.019138	0.000988
512	9300	733	1476	58	0.000221	0.021294	0.000221
512	9300	734	1213	71	0.000271	0.016987	0.000271
512	9300	735	1696	75	0.000286	0.025417	0.000286
512	9300	736	1603	6009	0.022923	0.045601	0.022923
512	9300	737	1877	645	0.002460	0.031376	0.002460
512	9300	738	1550	165	0.000629	0.022701	0.000629
512	9300	739	1120	1477	0.005634	0.021767	0.005634
512	9300	740	1363	90	0.000343	0.018951	0.000343
512	9300	741	1422	87	0.000332	0.021244	0.000332
512	9300	742	1354	1165	0.004444	0.024902	0.004444
512	9300	743	1416	75	0.000286	0.020218	0.000286
512	9300	744	1625	266	0.001015	0.024315	0.001015
512	9300	745	1406	3299	0.012585	0.034077	0.012585
512	9300	746	1086	36	0.000137	0.014118	0.000137
512	9300	747	1619	505	0.001926	0.024231	0.001926
512	9300	748	1637	99	0.000378	0.024651	0.000378
512	9300	749	1225	38	0.000145	0.016438	0.000145
512	9300	750	1775	3032	0.011566	0.040001	0.011566
512	9300	751	1254	35	0.000134	0.016655	0.000134
512	9300	752	1218	39	0.000149	0.016262	0.000149
512	9300	753	1385	225	0.000858	0.020802	0.000858
512	9300	754	1311	74	0.000282	0.018589	0.000282
512	9300	755	1411	30	0.000114	0.018829	0.000114
512	9300	756	1167	39	0.000149	0.014656	0.000149
512	9300	757	1581	316	0.001205	0.023003	0.001205
512	9300	758	1915	74	0.000282	0.028770	0.000282
512	9300	759	1368	812	0.003098	0.024086	0.003098
512	9300	760	1688	547	0.002087	0.029037	0.002087
512	9300	761	1264	59	0.000225	0.017185	0.000225
512	9300	762	1435	6379	0.024334	0.044437	0.024334
512	9300	763	1309	180	0.000687	0.020191	0.000687
512	9300	764	1122	33	0.000126	0.015057	0.000126
512	9300	765	1366	31	0.000118	0.018703	0.000118
512	9300	766	1323	1216	0.004639	0.026512	0.004639
512	9300	767	1238	75	0.000286	0.016510	0.000286
512	9300	768	1562	70	0.000267	0.021336	0.000267
512	9300	769	1331	709	0.002705	0.021667	0.002705
512	9300	770	1217	77	0.000294	0.016598	0.000294
512	9300	771	1882	298	0.001137	0.033890	0.001137
512	9300	772	1470	44	0.000168	0.021049	0.000168
512	9300	773	1484	84	0.000320	0.022099	0.000320
512	9300	774	1146	49	0.000187	0.015938	0.000187
512	9300	775	1323	976	0.003723	0.021278	0.003723
512	9300	776	1353	244	0.000931	0.022907	0.000931
512	9300	777	1128	90	0.000343	0.015217	0.000343
512	9300	778	1517	315	0.001202	0.022888	0.001202
512	9300	779	1206	39	0.000149	0.015358	0.000149
512	9300	780	1307	673	0.002567	0.021069	0.002567
512	9300	781	1514	1677	0.006397	0.027695	0.006397
512	9300	782	1641	46	0.000175	0.023991	0.000175
512	9300	783	950	28	0.000107	0.012039	0.000107
512	9300	784	1561	104	0.000397	0.024338	0.000397
512	9300	785	1283	113	0.000431	0.018509	0.000431
512	9300	786	1081	727	0.002773	0.019939	0.002773
512	9300	787	1386	1067	0.004070	0.025940	0.004070
512	9300	788	1283	24	0.000092	0.016056	0.000092
512	9300	789	1730	1249	0.004765	0.034855	0.004765
512	9300	790	1462	254	0.000969	0.023048	0.000969
512	9300	791	1123	32	0.000122	0.015472	0.000122
512	9300	792	1354	878	0.003349	0.025600	0.003349
512	9300	793	1329	274	0.001045	0.021282	0.001045
512	9300	794	1313	268	0.001022	0.019958	0.001022
512	9300	795	1592	2100	0.008011	0.039295	0.008011
512	9300	796	1370	28	0.000107	0.018490	0.000107
512	9300	797	1661	3665	0.013981	0.055077	0.013981
512	9300	798	1106	34	0.000130	0.015972	0.000130
512	9300	799	1129	44	0.000168	0.015995	0.000168
512	9300	800	1706	2531	0.009655	0.040325	0.009655
512	9300	801	1445	100	0.000381	0.020748	0.000381
512	9300	802	1616	50	0.000191	0.022324	0.000191
512	9300	803	1315	48	0.000183	0.017887	0.000183
512	9300	804	1325	29	0.000111	0.018021	0.000111
512	9300	805	1666	4069	0.015522	0.042084	0.015522
512	9300	806	1080	43	0.000164	0.014732	0.000164
512	9300	807	1495	243	0.000927	0.024582	0.000927
512	9300	808	1603	50	0.000191	0.021149	0.000191
512	9300	809	1267	119	0.000454	0.018562	0.000454
512	9300	810	1071	34	0.000130	0.014786	0.000130
512	9300	811	1309	34	0.000130	0.017773	0.000130
512	9300	812	1053	1035	0.003948	0.018787	0.003948
512	9300	813	1137	29	0.000111	0.014511	0.000111
512	9300	814	1583	299	0.001141	0.024578	0.001141
512	9300	815	1722	1547	0.005901	0.030823	0.005901
512	9300	816	1712	413	0.001575	0.026863	0.001575
512	9300	817	1379	119	0.000454	0.020500	0.000454
512	9300	818	1349	1079	0.004116	0.026463	0.004116
512	9300	819	1327	1309	0.004993	0.025860	0.004993
512	9300	820	1261	37	0.000141	0.016914	0.000141
512	9300	821	1665	72	0.000275	0.023533	0.000275
512	9300	822	1291	105	0.000401	0.019142	0.000401
512	9300	823	1675	2493	0.009510	0.039829	0.009510
512	9300	824	1358	30	0.000114	0.017956	0.000114
512	9300	825	1488	1847	0.007046	0.030628	0.007046
512	9300	826	1408	865	0.003300	0.023922	0.003300
512	9300	827	1195	142	0.000542	0.016590	0.000542
512	9300	828	1504	141	0.000538	0.023403	0.000538
512	9300	829	1692	83	0.000317	0.026302	0.000317
512	9300	830	1105	40	0.000153	0.015293	0.000153
512	9300	831	1486	172	0.000656	0.023701	0.000656
512	9300	832	1497	4582	0.017479	0.040615	0.017479
512	9300	833	1238	46	0.000175	0.016457	0.000175
512	9300	834	1045	38	0.000145	0.014065	0.000145
512	9300	835	1627	293	0.001118	0.025810	0.001118
512	9300	836	1716	115	0.000439	0.028400	0.000439
512	9300	837	1344	44	0.000168	0.018761	0.000168
512	9300	838	1239	1472	0.005615	0.022919	0.005615
512	9300	839	1341	103	0.000393	0.018963	0.000393
512	9300	840	1858	1581	0.006031	0.036926	0.006031
512	9300	841	1341	79	0.000301	0.019123	0.000301
512	9300	842	1395	781	0.002979	0.025551	0.002979
512	9300	843	1334	74	0.000282	0.020271	0.000282
512	9300	844	1316	51	0.000195	0.018250	0.000195
512	9300	845	1384	64	0.000244	0.019699	0.000244
512	9300	846	1379	33	0.000126	0.019150	0.000126
512	9300	847	1337	58	0.000221	0.018299	0.000221
512	9300	848	1725	142	0.000542	0.025963	0.000542
512	9300	849	1564	85	0.000324	0.024498	0.000324
512	9300	850	1354	97	0.000370	0.017868	0.000370
512	9300	851	1519	3094	0.011803	0.033428	0.011803
512	9300	852	1004	25	0.000095	0.013317	0.000095
512	9300	853	1031	34	0.000130	0.013897	0.000130
512	9300	854	1314	42	0.000160	0.018288	0.000160
512	9300	855	1089	2097	0.007999	0.023453	0.007999
512	9300	856	1393	120	0.000458	0.021526	0.000458
512	9300	857	1343	124	0.000473	0.019650	0.000473
512	9300	858	1259	54	0.000206	0.017704	0.000206
512	9300	859	1316	4275	0.016308	0.034473	0.016308
512	9300	860	1399	122	0.000465	0.021683	0.000465
512	9300	861	1503	55	0.000210	0.022366	0.000210
512	9300	862	1424	2738	0.010445	0.034157	0.010445
512	9300	863	1132	31	0.000118	0.014477	0.000118
512	9300	864	1271	1229	0.004688	0.022045	0.004688
512	9300	865	1633	621	0.002369	0.031132	0.002369
512	9300	866	1313	56	0.000214	0.020916	0.000214
512	9300	867	1861	814	0.003105	0.032009	0.003105
512	9300	868	1685	216	0.000824	0.026405	0.000824
512	9300	869	1311	71	0.000271	0.017796	0.000271
512	9300	870	1240	1659	0.006329	0.026272	0.006329
512	9300	871	1431	2829	0.010792	0.032574	0.010792
512	9300	872	1585	4712	0.017975	0.041988	0.017975
512	9300	873	1253	28	0.000107	0.016380	0.000107
512	9300	874	1706	59	0.000225	0.024010	0.000225
512	9300	875	1506	1190	0.004539	0.027195	0.004539
512	9300	876	1062	83	0.000317	0.014320	0.000317
512	9300	877	1618	91	0.000347	0.024067	0.000347
512	9300	878	1121	37	0.000141	0.015396	0.000141
512	9300	879	1507	1219	0.004650	0.028088	0.004650
512	9300	880	1538	61	0.000233	0.022507	0.000233
512	9300	881	1655	1921	0.007328	0.032810	0.007328
512	9300	882	1548	513	0.001957	0.025639	0.001957
512	9300	883	1301	665	0.002537	0.021477	0.002537
512	9300	884	1070	30	0.000114	0.013432	0.000114
512	9300	885	1253	110	0.000420	0.017708	0.000420
512	9300	886	1186	43	0.000164	0.016945	0.000164
512	9300	887	1362	36	0.000137	0.018009	0.000137
512	9300	888	1886	3213	0.012257	0.038231	0.012257
512	9300	889	1486	106	0.000404	0.021725	0.000404
512	9300	890	1494	74	0.000282	0.019829	0.000282
512	9300	891	1320	5182	0.019768	0.039917	0.019768
512	9300	892	1447	2254	0.008598	0.032677	0.008598
512	9300	893	1271	1349	0.005146	0.023384	0.005146
512	9300	894	1906	2196	0.008377	0.041874	0.008377
512	9300	895	1423	4174	0.015923	0.036144	0.015923
512	9300	896	1300	57	0.000217	0.017452	0.000217
512	9300	897	1206	475	0.001812	0.018044	0.001812
512	9300	898	1382	43	0.000164	0.017990	0.000164
512	9300	899	1285	241	0.000919	0.020218	0.000919
512	9300	900	1318	379	0.001446	0.020836	0.001446
512	9300	901	1490	77	0.000294	0.021656	0.000294
512	9300	902	1463	54	0.000206	0.020573	0.000206
512	9300	903	1385	48	0.000183	0.019348	0.000183
512	9300	904	1599	4944	0.018860	0.042484	0.018860
512	9300	905	1310	48	0.000183	0.017269	0.000183
512	9300	906	1270	79	0.000301	0.017284	0.000301
512	9300	907	1568	164	0.000626	0.025169	0.000626
512	9300	908	1545	45	0.000172	0.020779	0.000172
512	9300	909	1563	30	0.000114	0.020897	0.000114
512	9300	910	1328	28	0.000107	0.018551	0.000107
512	9300	911	1486	38	0.000145	0.019676	0.000145
512	9300	912	1391	1230	0.004692	0.024910	0.004692
512	9300	913	909	25	0.000095	0.011681	0.000095
512	9300	914	1452	66	0.000252	0.020378	0.000252
512	9300	915	1573	1386	0.005287	0.033367	0.005287
512	9300	916	1324	34	0.000130	0.016991	0.000130
512	9300	917	1308	23	0.000088	0.016903	0.000088
512	9300	918	1210	1627	0.006207	0.022953	0.006207
512	9300	919	1406	66	0.000252	0.020519	0.000252
512	9300	920	1323	35	0.000134	0.016796	0.000134
512	9300	921	1083	45	0.000172	0.014584	0.000172
512	9300	922	1227	36	0.000137	0.015862	0.000137
512	9300	923	1423	364	0.001389	0.024155	0.001389
512	9300	924	1024	71	0.000271	0.014572	0.000271
512	9300	925	1351	104	0.000397	0.021641	0.000397
512	9300	926	1181	29	0.000111	0.015518	0.000111
512	9300	927	1850	636	0.002426	0.031487	0.002426
512	9300	928	1717	36	0.000137	0.023151	0.000137
512	9300	929	1386	298	0.001137	0.022102	0.001137
512	9300	930	1559	58	0.000221	0.022209	0.000221
512	9300	931	1263	64	0.000244	0.017349	0.000244
512	9300	932	1449	565	0.002155	0.022720	0.002155
512	9300	933	1424	123	0.000469	0.022964	0.000469
512	9300	934	1945	428	0.001633	0.033894	0.001633
512	9300	935	1785	8207	0.031307	0.059250	0.031307
512	9300	936	1561	32	0.000122	0.021492	0.000122
512	9300	937	1347	179	0.000683	0.019703	0.000683
512	9300	938	1465	81	0.000309	0.022514	0.000309
512	9300	939	1379	955	0.003643	0.025047	0.003643
512	9300	940	1319	673	0.002567	0.021397	0.002567
512	9300	941	1360	415	0.001583	0.019855	0.001583
512	9300	942	1198	26	0.000099	0.014832	0.000099
512	9300	943	1543	4755	0.018139	0.047569	0.018139
512	9300	944	1091	27	0.000103	0.014507	0.000103
512	9300	945	1252	40	0.000153	0.017166	0.000153
512	9300	946	1854	202	0.000771	0.032425	0.000771
512	9300	947	1648	1373	0.005238	0.028908	0.005238
512	9300	948	1208	49	0.000187	0.018116	0.000187
512	9300	949	1468	1949	0.007435	0.027645	0.007435
512	9300	950	951	118	0.000450	0.013348	0.000450
512	9300	951	1429	109	0.000416	0.019932	0.000416
512	9300	952	1599	94	0.000359	0.022179	0.000359
512	9300	953	1476	53	0.000202	0.020741	0.000202
512	9300	954	1870	475	0.001812	0.033691	0.001812
512	9300	955	1655	3120	0.011902	0.048824	0.011902
512	9300	956	1237	44	0.000168	0.015991	0.000168
512	9300	957	1322	70	0.000267	0.018093	0.000267
512	9300	958	1350	762	0.002907	0.026985	0.002907
512	9300	959	1315	35	0.000134	0.016903	0.000134
512	9300	960	1649	2142	0.008171	0.034184	0.008171
512	9300	961	1115	77	0.000294	0.015152	0.000294
512	9300	962	1047	24	0.000092	0.012833	0.000092
512	9300	963	1372	2043	0.007793	0.027458	0.007793
512	9300	964	1297	489	0.001865	0.020523	0.001865
512	9300	965	1489	44	0.000168	0.020653	0.000168
512	9300	966	1780	113	0.000431	0.029560	0.000431
512	9300	967	1189	53	0.000202	0.017467	0.000202
512	9300	968	1457	1567	0.005978	0.028660	0.005978
512	9300	969	1121	57	0.000217	0.015270	0.000217
512	9300	970	1301	60	0.000229	0.018467	0.000229
512	9300	971	1233	33	0.000126	0.015926	0.000126
512	9300	972	1486	107	0.000408	0.020588	0.000408
512	9300	973	894	53	0.000202	0.011799	0.000202
512	9300	974	1324	57	0.000217	0.017101	0.000217
512	9300	975	1354	1607	0.006130	0.025505	0.006130
512	9300	976	1486	57	0.000217	0.019096	0.000217
512	9300	977	1017	23	0.000088	0.012989	0.000088
512	9300	978	1446	499	0.001904	0.022789	0.001904
512	9300	979	1452	70	0.000267	0.020943	0.000267
512	9300	980	1514	3677	0.014027	0.046787	0.014027
512	9300	981	1001	29	0.000111	0.013248	0.000111
512	9300	982	1336	29	0.000111	0.017078	0.000111
512	9300	983	1370	41	0.000156	0.019947	0.000156
512	9300	984	1132	757	0.002888	0.019226	0.002888
512	9300	985	1704	480	0.001831	0.027912	0.001831
512	9300	986	1960	2643	0.010082	0.046658	0.010082
512	9300	987	1694	66	0.000252	0.024841	0.000252
512	9300	988	1425	86	0.000328	0.021950	0.000328
512	9300	989	1557	1470	0.005608	0.027969	0.005608
512	9300	990	1570	896	0.003418	0.027920	0.003418
512	9300	991	1852	1800	0.006866	0.033314	0.006866
512	9300	992	1294	93	0.000355	0.019001	0.000355
512	9300	993	1186	23	0.000088	0.015690	0.000088
512	9300	994	1337	2626	0.010017	0.028378	0.010017
512	9300	995	1380	1624	0.006195	0.027855	0.006195
512	9300	996	1366	4516	0.017227	0.036404	0.017227
512	9300	997	1097	33	0.000126	0.014645	0.000126
512	9300	998	1565	406	0.001549	0.028408	0.001549
512	9300	999	1290	64	0.000244	0.017731	0.000244
512	9300	1000	1277	131	0.000500	0.019695	0.000500
