512	9400	2	8914	76	0.000290	0.151676	0.000290
512	9400	3	8747	63	0.000240	0.151836	0.000240
512	9400	4	8895	60	0.000229	0.151646	0.000229
512	9400	5	8870	76	0.000290	0.150448	0.000290
512	9400	6	8910	73	0.000278	0.150467	0.000278
512	9400	7	8685	78	0.000298	0.149662	0.000298
512	9400	8	8841	71	0.000271	0.149975	0.000271
512	9400	9	8800	63	0.000240	0.146652	0.000240
512	9400	10	8779	70	0.000267	0.150692	0.000267
512	9400	11	8621	104	0.000397	0.149006	0.000397
512	9400	12	8844	70	0.000267	0.150116	0.000267
512	9400	13	8976	99	0.000378	0.152668	0.000378
512	9400	14	8765	78	0.000298	0.146812	0.000298
512	9400	15	8767	75	0.000286	0.150028	0.000286
512	9400	16	8783	69	0.000263	0.153412	0.000263
512	9400	17	8719	73	0.000278	0.146477	0.000278
512	9400	18	8732	91	0.000347	0.148815	0.000347
512	9400	19	8748	114	0.000435	0.152065	0.000435
512	9400	20	8863	79	0.000301	0.152069	0.000301
512	9400	21	8749	88	0.000336	0.151588	0.000336
512	9400	22	8877	96	0.000366	0.150719	0.000366
512	9400	23	8753	80	0.000305	0.152477	0.000305
512	9400	24	8765	97	0.000370	0.151543	0.000370
512	9400	25	8836	84	0.000320	0.149536	0.000320
512	9400	26	8831	74	0.000282	0.149227	0.000282
512	9400	27	8711	79	0.000301	0.149452	0.000301
512	9400	28	8736	89	0.000340	0.150539	0.000340
512	9400	29	8687	74	0.000282	0.147663	0.000282
512	9400	30	8679	66	0.000252	0.151333	0.000252
512	9400	31	8525	66	0.000252	0.146053	0.000252
512	9400	32	8809	75	0.000286	0.155128	0.000286
512	9400	33	8566	78	0.000298	0.146229	0.000298
512	9400	34	8820	80	0.000305	0.149612	0.000305
512	9400	35	8547	81	0.000309	0.146091	0.000309
512	9400	36	8719	111	0.000423	0.151379	0.000423
512	9400	37	8649	92	0.000351	0.150055	0.000351
512	9400	38	8842	87	0.000332	0.153309	0.000332
512	9400	39	8857	70	0.000267	0.147072	0.000267
512	9400	40	8746	78	0.000298	0.150394	0.000298
512	9400	41	8701	72	0.000275	0.149132	0.000275
512	9400	42	8943	76	0.000290	0.151058	0.000290
512	9400	43	8691	66	0.000252	0.146912	0.000252
512	9400	44	8613	57	0.000217	0.148701	0.000217
512	9400	45	8810	80	0.000305	0.150288	0.000305
512	9400	46	8684	88	0.000336	0.149387	0.000336
512	9400	47	8598	105	0.000401	0.144367	0.000401
512	9400	48	8679	135	0.000515	0.151012	0.000515
512	9400	49	8849	81	0.000309	0.151119	0.000309
512	9400	50	8808	53	0.000202	0.149162	0.000202
512	9400	51	8824	98	0.000374	0.150932	0.000374
512	9400	52	8722	100	0.000381	0.150513	0.000381
512	9400	53	8719	73	0.000278	0.147293	0.000278
512	9400	54	8909	74	0.000282	0.154591	0.000282
512	9400	55	8663	108	0.000412	0.148933	0.000412
512	9400	56	9039	78	0.000298	0.154961	0.000298
512	9400	57	8796	92	0.000351	0.152550	0.000351
512	9400	58	8787	133	0.000507	0.152657	0.000507
512	9400	59	8848	65	0.000248	0.152210	0.000248
512	9400	60	8512	95	0.000362	0.147404	0.000362
512	9400	61	8730	80	0.000305	0.150539	0.000305
512	9400	62	8817	76	0.000290	0.154743	0.000290
512	9400	63	8534	77	0.000294	0.146034	0.000294
512	9400	64	8926	77	0.000294	0.149231	0.000294
512	9400	65	8880	84	0.000320	0.146210	0.000320
512	9400	66	8918	125	0.000477	0.154495	0.000477
512	9400	67	8873	55	0.000210	0.147285	0.000210
512	9400	68	8786	86	0.000328	0.147911	0.000328
512	9400	69	8851	59	0.000225	0.151714	0.000225
512	9400	70	8602	58	0.000221	0.149754	0.000221
512	9400	71	8768	71	0.000271	0.153370	0.000271
512	9400	72	8951	131	0.000500	0.153408	0.000500
512	9400	73	8826	74	0.000282	0.154346	0.000282
512	9400	74	8774	73	0.000278	0.149666	0.000278
512	9400	75	8836	71	0.000271	0.149288	0.000271
512	9400	76	8936	57	0.000217	0.151073	0.000217
512	9400	77	8830	74	0.000282	0.148144	0.000282
512	9400	78	8708	81	0.000309	0.149906	0.000309
512	9400	79	8728	69	0.000263	0.149681	0.000263
512	9400	80	8690	68	0.000259	0.147255	0.000259
512	9400	81	8575	99	0.000378	0.149990	0.000378
512	9400	82	8896	77	0.000294	0.153252	0.000294
512	9400	83	8670	83	0.000317	0.146561	0.000317
512	9400	84	8662	65	0.000248	0.150169	0.000248
512	9400	85	8885	60	0.000229	0.152397	0.000229
512	9400	86	8708	82	0.000313	0.148273	0.000313
512	9400	87	8810	77	0.000294	0.151836	0.000294
512	9400	88	8948	63	0.000240	0.151096	0.000240
512	9400	89	8848	87	0.000332	0.153095	0.000332
512	9400	90	8759	88	0.000336	0.150051	0.000336
512	9400	91	8849	78	0.000298	0.155998	0.000298
512	9400	92	8723	92	0.000351	0.148407	0.000351
512	9400	93	9046	80	0.000305	0.154911	0.000305
512	9400	94	8740	68	0.000259	0.148960	0.000259
512	9400	95	8549	87	0.000332	0.143959	0.000332
512	9400	96	8887	84	0.000320	0.152828	0.000320
512	9400	97	8795	91	0.000347	0.154133	0.000347
512	9400	98	8741	62	0.000237	0.146793	0.000237
512	9400	99	8900	68	0.000259	0.151329	0.000259
512	9400	100	8868	91	0.000347	0.149513	0.000347
512	9400	101	8855	71	0.000271	0.151806	0.000271
512	9400	102	8970	81	0.000309	0.155033	0.000309
512	9400	103	8726	80	0.000305	0.150829	0.000305
512	9400	104	8645	73	0.000278	0.151066	0.000278
512	9400	105	8794	105	0.000401	0.154331	0.000401
512	9400	106	8675	98	0.000374	0.145184	0.000374
512	9400	107	8995	71	0.000271	0.152073	0.000271
512	9400	108	8552	61	0.000233	0.143833	0.000233
512	9400	109	8845	98	0.000374	0.153625	0.000374
512	9400	110	8824	59	0.000225	0.151108	0.000225
512	9400	111	8842	103	0.000393	0.148327	0.000393
512	9400	112	8690	70	0.000267	0.150990	0.000267
512	9400	113	8871	77	0.000294	0.155369	0.000294
512	9400	114	8968	118	0.000450	0.153130	0.000450
512	9400	115	8671	83	0.000317	0.149441	0.000317
512	9400	116	8726	95	0.000362	0.150471	0.000362
512	9400	117	8758	118	0.000450	0.151199	0.000450
512	9400	118	8679	88	0.000336	0.150311	0.000336
512	9400	119	8789	70	0.000267	0.152588	0.000267
512	9400	120	8701	70	0.000267	0.146530	0.000267
512	9400	121	8594	92	0.000351	0.149891	0.000351
512	9400	122	8828	66	0.000252	0.148491	0.000252
512	9400	123	9068	63	0.000240	0.152462	0.000240
512	9400	124	8715	133	0.000507	0.150238	0.000507
512	9400	125	8695	78	0.000298	0.146149	0.000298
512	9400	126	8775	113	0.000431	0.151829	0.000431
512	9400	127	8906	90	0.000343	0.149982	0.000343
512	9400	128	8606	127	0.000484	0.149971	0.000484
512	9400	129	8648	82	0.000313	0.148582	0.000313
512	9400	130	8780	70	0.000267	0.151104	0.000267
512	9400	131	8794	125	0.000477	0.150082	0.000477
512	9400	132	8763	100	0.000381	0.147068	0.000381
512	9400	133	9061	81	0.000309	0.155045	0.000309
512	9400	134	8817	79	0.000301	0.150997	0.000301
512	9400	135	8885	75	0.000286	0.151642	0.000286
512	9400	136	8694	95	0.000362	0.146252	0.000362
512	9400	137	8928	121	0.000462	0.152016	0.000462
512	9400	138	8901	91	0.000347	0.149792	0.000347
512	9400	139	8883	72	0.000275	0.153294	0.000275
512	9400	140	8877	94	0.000359	0.151272	0.000359
512	9400	141	8816	120	0.000458	0.152946	0.000458
512	9400	142	8830	79	0.000301	0.154324	0.000301
512	9400	143	8734	69	0.000263	0.152100	0.000263
512	9400	144	8827	84	0.000320	0.150246	0.000320
512	9400	145	8791	82	0.000313	0.150623	0.000313
512	9400	146	8953	78	0.000298	0.155968	0.000298
512	9400	147	9007	81	0.000309	0.152485	0.000309
512	9400	148	8702	89	0.000340	0.149208	0.000340
512	9400	149	8849	75	0.000286	0.155640	0.000286
512	9400	150	8773	119	0.000454	0.152554	0.000454
512	9400	151	8789	85	0.000324	0.149548	0.000324
512	9400	152	8943	67	0.000256	0.152657	0.000256
512	9400	153	8939	126	0.000481	0.154202	0.000481
512	9400	154	9024	93	0.000355	0.154655	0.000355
512	9400	155	8682	76	0.000290	0.148518	0.000290
512	9400	156	8821	82	0.000313	0.153118	0.000313
512	9400	157	8773	71	0.000271	0.149296	0.000271
512	9400	158	8766	74	0.000282	0.148338	0.000282
512	9400	159	8798	107	0.000408	0.154819	0.000408
512	9400	160	8556	58	0.000221	0.147591	0.000221
512	9400	161	8820	91	0.000347	0.149002	0.000347
512	9400	162	8769	87	0.000332	0.155190	0.000332
512	9400	163	8890	71	0.000271	0.148445	0.000271
512	9400	164	8594	67	0.000256	0.145500	0.000256
512	9400	165	8951	61	0.000233	0.151253	0.000233
512	9400	166	8848	63	0.000240	0.146004	0.000240
512	9400	167	8887	97	0.000370	0.151386	0.000370
512	9400	168	8785	122	0.000465	0.153770	0.000465
512	9400	169	8650	52	0.000198	0.147667	0.000198
512	9400	170	8502	112	0.000427	0.149433	0.000427
512	9400	171	8666	107	0.000408	0.152637	0.000408
512	9400	172	8642	64	0.000244	0.145855	0.000244
512	9400	173	8655	75	0.000286	0.148655	0.000286
512	9400	174	8933	72	0.000275	0.154320	0.000275
512	9400	175	8708	81	0.000309	0.147720	0.000309
512	9400	176	8906	92	0.000351	0.150990	0.000351
512	9400	177	8832	73	0.000278	0.151569	0.000278
512	9400	178	8854	74	0.000282	0.152390	0.000282
512	9400	179	8847	84	0.000320	0.157013	0.000320
512	9400	180	8931	67	0.000256	0.153965	0.000256
512	9400	181	8942	102	0.000389	0.151421	0.000389
512	9400	182	8755	69	0.000263	0.148983	0.000263
512	9400	183	8703	76	0.000290	0.150490	0.000290
512	9400	184	8880	78	0.000298	0.151222	0.000298
512	9400	185	8889	51	0.000195	0.149696	0.000195
512	9400	186	8604	137	0.000523	0.149204	0.000523
512	9400	187	8761	85	0.000324	0.149616	0.000324
512	9400	188	8937	75	0.000286	0.152184	0.000286
512	9400	189	8767	100	0.000381	0.149776	0.000381
512	9400	190	8899	74	0.000282	0.149628	0.000282
512	9400	191	8863	103	0.000393	0.154854	0.000393
512	9400	192	8683	79	0.000301	0.148930	0.000301
512	9400	193	8710	81	0.000309	0.146530	0.000309
512	9400	194	8660	87	0.000332	0.149963	0.000332
512	9400	195	8875	96	0.000366	0.152050	0.000366
512	9400	196	8797	89	0.000340	0.154842	0.000340
512	9400	197	9006	72	0.000275	0.154381	0.000275
512	9400	198	8670	61	0.000233	0.151207	0.000233
512	9400	199	8727	72	0.000275	0.149334	0.000275
512	9400	200	8873	87	0.000332	0.153824	0.000332
512	9400	201	8629	76	0.000290	0.146400	0.000290
512	9400	202	8870	81	0.000309	0.150387	0.000309
512	9400	203	8766	81	0.000309	0.150356	0.000309
512	9400	204	8821	105	0.000401	0.151608	0.000401
512	9400	205	8677	68	0.000259	0.147022	0.000259
512	9400	206	8619	66	0.000252	0.153194	0.000252
512	9400	207	8830	54	0.000206	0.147907	0.000206
512	9400	208	8663	80	0.000305	0.146103	0.000305
512	9400	209	8910	96	0.000366	0.152481	0.000366
512	9400	210	8879	86	0.000328	0.149689	0.000328
512	9400	211	8892	93	0.000355	0.156384	0.000355
512	9400	212	8936	86	0.000328	0.155842	0.000328
512	9400	213	8846	88	0.000336	0.151485	0.000336
512	9400	214	8779	66	0.000252	0.145496	0.000252
512	9400	215	9044	66	0.000252	0.151493	0.000252
512	9400	216	8861	65	0.000248	0.148006	0.000248
512	9400	217	8824	60	0.000229	0.149563	0.000229
512	9400	218	8986	59	0.000225	0.149734	0.000225
512	9400	219	8884	64	0.000244	0.150219	0.000244
512	9400	220	8650	81	0.000309	0.145939	0.000309
512	9400	221	9028	79	0.000301	0.155392	0.000301
512	9400	222	8621	55	0.000210	0.148899	0.000210
512	9400	223	8758	78	0.000298	0.151421	0.000298
512	9400	224	8826	103	0.000393	0.151264	0.000393
512	9400	225	8817	94	0.000359	0.144939	0.000359
512	9400	226	8804	98	0.000374	0.154884	0.000374
512	9400	227	8858	74	0.000282	0.148376	0.000282
512	9400	228	8721	98	0.000374	0.150265	0.000374
512	9400	229	8765	101	0.000385	0.152012	0.000385
512	9400	230	8974	99	0.000378	0.151405	0.000378
512	9400	231	8840	84	0.000320	0.150402	0.000320
512	9400	232	8475	75	0.000286	0.145386	0.000286
512	9400	233	8992	89	0.000340	0.153645	0.000340
512	9400	234	8618	85	0.000324	0.149273	0.000324
512	9400	235	8668	88	0.000336	0.149937	0.000336
512	9400	236	8677	85	0.000324	0.147926	0.000324
512	9400	237	8746	67	0.000256	0.149071	0.000256
512	9400	238	8652	77	0.000294	0.150009	0.000294
512	9400	239	8902	65	0.000248	0.151180	0.000248
512	9400	240	8763	81	0.000309	0.149055	0.000309
512	9400	241	8757	59	0.000225	0.149754	0.000225
512	9400	242	9056	101	0.000385	0.155025	0.000385
512	9400	243	8814	71	0.000271	0.150749	0.000271
512	9400	244	8578	74	0.000282	0.146210	0.000282
512	9400	245	8677	76	0.000290	0.147110	0.000290
512	9400	246	8777	64	0.000244	0.147629	0.000244
512	9400	247	8641	79	0.000301	0.148640	0.000301
512	9400	248	9080	74	0.000282	0.151176	0.000282
512	9400	249	8731	70	0.000267	0.150600	0.000267
512	9400	250	8511	61	0.000233	0.147236	0.000233
512	9400	251	8994	74	0.000282	0.157803	0.000282
512	9400	252	8768	76	0.000290	0.150875	0.000290
512	9400	253	8820	57	0.000217	0.148094	0.000217
512	9400	254	8666	66	0.000252	0.150833	0.000252
512	9400	255	8870	68	0.000259	0.155258	0.000259
512	9400	256	8856	96	0.000366	0.152374	0.000366
512	9400	257	8793	70	0.000267	0.145790	0.000267
512	9400	258	8877	75	0.000286	0.148888	0.000286
512	9400	259	9033	94	0.000359	0.155510	0.000359
512	9400	260	8857	63	0.000240	0.151485	0.000240
512	9400	261	8746	95	0.000362	0.151051	0.000362
512	9400	262	8644	57	0.000217	0.148632	0.000217
512	9400	263	8720	85	0.000324	0.146851	0.000324
512	9400	264	8807	93	0.000355	0.152397	0.000355
512	9400	265	8739	77	0.000294	0.150112	0.000294
512	9400	266	8975	77	0.000294	0.159061	0.000294
512	9400	267	8662	63	0.000240	0.144947	0.000240
512	9400	268	8777	80	0.000305	0.151730	0.000305
512	9400	269	8896	62	0.000237	0.154617	0.000237
512	9400	270	8744	59	0.000225	0.150700	0.000225
512	9400	271	8912	86	0.000328	0.153828	0.000328
512	9400	272	8964	66	0.000252	0.155491	0.000252
512	9400	273	8695	87	0.000332	0.145912	0.000332
512	9400	274	8723	90	0.000343	0.150002	0.000343
512	9400	275	8851	77	0.000294	0.148117	0.000294
512	9400	276	8737	93	0.000355	0.150684	0.000355
512	9400	277	8744	80	0.000305	0.149654	0.000305
512	9400	278	8624	70	0.000267	0.150494	0.000267
512	9400	279	8817	83	0.000317	0.150723	0.000317
512	9400	280	8693	97	0.000370	0.149666	0.000370
512	9400	281	8734	74	0.000282	0.145706	0.000282
512	9400	282	8990	77	0.000294	0.155231	0.000294
512	9400	283	8903	77	0.000294	0.152542	0.000294
512	9400	284	8968	86	0.000328	0.154869	0.000328
512	9400	285	8699	78	0.000298	0.146904	0.000298
512	9400	286	8800	127	0.000484	0.154999	0.000484
512	9400	287	8923	82	0.000313	0.152420	0.000313
512	9400	288	8846	74	0.000282	0.150394	0.000282
512	9400	289	8577	99	0.000378	0.146648	0.000378
512	9400	290	8900	90	0.000343	0.153336	0.000343
512	9400	291	8830	71	0.000271	0.153004	0.000271
512	9400	292	9063	81	0.000309	0.153164	0.000309
512	9400	293	8637	76	0.000290	0.147823	0.000290
512	9400	294	8751	69	0.000263	0.153175	0.000263
512	9400	295	8662	117	0.000446	0.149239	0.000446
512	9400	296	8721	63	0.000240	0.148624	0.000240
512	9400	297	8622	71	0.000271	0.148540	0.000271
512	9400	298	8929	69	0.000263	0.151398	0.000263
512	9400	299	8859	96	0.000366	0.152603	0.000366
512	9400	300	8807	69	0.000263	0.147800	0.000263
512	9400	301	8871	107	0.000408	0.153168	0.000408
512	9400	302	8686	92	0.000351	0.146862	0.000351
512	9400	303	8694	78	0.000298	0.149826	0.000298
512	9400	304	8970	82	0.000313	0.153954	0.000313
512	9400	305	9039	82	0.000313	0.154041	0.000313
512	9400	306	8765	83	0.000317	0.152660	0.000317
512	9400	307	8889	68	0.000259	0.154404	0.000259
512	9400	308	8735	88	0.000336	0.149246	0.000336
512	9400	309	8734	72	0.000275	0.149590	0.000275
512	9400	310	8656	71	0.000271	0.150009	0.000271
512	9400	311	8940	132	0.000504	0.153316	0.000504
512	9400	312	8945	84	0.000320	0.154217	0.000320
512	9400	313	8760	94	0.000359	0.153736	0.000359
512	9400	314	8814	78	0.000298	0.152786	0.000298
512	9400	315	8901	55	0.000210	0.151325	0.000210
512	9400	316	8772	74	0.000282	0.153812	0.000282
512	9400	317	8790	64	0.000244	0.150974	0.000244
512	9400	318	8720	75	0.000286	0.146969	0.000286
512	9400	319	8693	74	0.000282	0.145462	0.000282
512	9400	320	8796	131	0.000500	0.151077	0.000500
512	9400	321	8953	67	0.000256	0.150318	0.000256
512	9400	322	8676	91	0.000347	0.151318	0.000347
512	9400	323	8796	74	0.000282	0.148670	0.000282
512	9400	324	8735	102	0.000389	0.152634	0.000389
512	9400	325	8753	83	0.000317	0.153004	0.000317
512	9400	326	8742	92	0.000351	0.151405	0.000351
512	9400	327	8865	104	0.000397	0.148727	0.000397
512	9400	328	8550	63	0.000240	0.144512	0.000240
512	9400	329	8817	73	0.000278	0.148327	0.000278
512	9400	330	8640	125	0.000477	0.149715	0.000477
512	9400	331	8987	79	0.000301	0.157909	0.000301
512	9400	332	8877	73	0.000278	0.153519	0.000278
512	9400	333	8670	60	0.000229	0.149776	0.000229
512	9400	334	8789	70	0.000267	0.154297	0.000267
512	9400	335	8654	89	0.000340	0.146156	0.000340
512	9400	336	8873	77	0.000294	0.153358	0.000294
512	9400	337	8523	71	0.000271	0.146431	0.000271
512	9400	338	8644	75	0.000286	0.147820	0.000286
512	9400	339	8872	82	0.000313	0.156509	0.000313
512	9400	340	8843	72	0.000275	0.150967	0.000275
512	9400	341	8638	82	0.000313	0.150005	0.000313
512	9400	342	8813	67	0.000256	0.147842	0.000256
512	9400	343	8795	78	0.000298	0.147598	0.000298
512	9400	344	8720	91	0.000347	0.148621	0.000347
512	9400	345	8944	75	0.000286	0.155151	0.000286
512	9400	346	8764	82	0.000313	0.149029	0.000313
512	9400	347	8675	86	0.000328	0.145939	0.000328
512	9400	348	8790	67	0.000256	0.148190	0.000256
512	9400	349	8776	98	0.000374	0.150303	0.000374
512	9400	350	8715	65	0.000248	0.149517	0.000248
512	9400	351	8820	99	0.000378	0.151176	0.000378
512	9400	352	8862	81	0.000309	0.155987	0.000309
512	9400	353	8859	69	0.000263	0.149601	0.000263
512	9400	354	8806	67	0.000256	0.154110	0.000256
512	9400	355	8597	66	0.000252	0.147587	0.000252
512	9400	356	8628	82	0.000313	0.148552	0.000313
512	9400	357	8929	83	0.000317	0.152725	0.000317
512	9400	358	8691	67	0.000256	0.145779	0.000256
512	9400	359	8641	76	0.000290	0.149349	0.000290
512	9400	360	8812	75	0.000286	0.151291	0.000286
512	9400	361	8975	84	0.000320	0.150913	0.000320
512	9400	362	8781	73	0.000278	0.148800	0.000278
512	9400	363	8980	62	0.000237	0.153908	0.000237
512	9400	364	8613	72	0.000275	0.148403	0.000275
512	9400	365	8868	110	0.000420	0.153744	0.000420
512	9400	366	8765	75	0.000286	0.151955	0.000286
512	9400	367	8784	62	0.000237	0.152660	0.000237
512	9400	368	8819	102	0.000389	0.151489	0.000389
512	9400	369	8392	79	0.000301	0.143364	0.000301
512	9400	370	8670	90	0.000343	0.151173	0.000343
512	9400	371	8849	112	0.000427	0.154591	0.000427
512	9400	372	8848	72	0.000275	0.149803	0.000275
512	9400	373	8768	90	0.000343	0.155979	0.000343
512	9400	374	8708	71	0.000271	0.146839	0.000271
512	9400	375	8812	74	0.000282	0.153450	0.000282
512	9400	376	8613	70	0.000267	0.145050	0.000267
512	9400	377	8781	87	0.000332	0.148277	0.000332
512	9400	378	8676	101	0.000385	0.146549	0.000385
512	9400	379	8959	108	0.000412	0.154503	0.000412
512	9400	380	8933	86	0.000328	0.151684	0.000328
512	9400	381	8796	103	0.000393	0.155201	0.000393
512	9400	382	8920	70	0.000267	0.150757	0.000267
512	9400	383	8802	88	0.000336	0.159126	0.000336
512	9400	384	9151	87	0.000332	0.159035	0.000332
512	9400	385	8764	75	0.000286	0.150528	0.000286
512	9400	386	8832	63	0.000240	0.150444	0.000240
512	9400	387	8697	80	0.000305	0.150124	0.000305
512	9400	388	8937	130	0.000496	0.153927	0.000496
512	9400	389	8645	83	0.000317	0.148823	0.000317
512	9400	390	8702	69	0.000263	0.148129	0.000263
512	9400	391	8516	62	0.000237	0.147789	0.000237
512	9400	392	8832	68	0.000259	0.151226	0.000259
512	9400	393	8923	75	0.000286	0.148548	0.000286
512	9400	394	8556	71	0.000271	0.150482	0.000271
512	9400	395	8903	67	0.000256	0.150356	0.000256
512	9400	396	8702	82	0.000313	0.152847	0.000313
512	9400	397	8663	55	0.000210	0.148880	0.000210
512	9400	398	9078	62	0.000237	0.154865	0.000237
512	9400	399	8949	58	0.000221	0.152191	0.000221
512	9400	400	8814	63	0.000240	0.150463	0.000240
512	9400	401	8839	78	0.000298	0.148083	0.000298
512	9400	402	8574	88	0.000336	0.149281	0.000336
512	9400	403	8863	85	0.000324	0.152332	0.000324
512	9400	404	8933	76	0.000290	0.156761	0.000290
512	9400	405	8870	73	0.000278	0.150269	0.000278
512	9400	406	8620	84	0.000320	0.148777	0.000320
512	9400	407	8931	110	0.000420	0.151344	0.000420
512	9400	408	8607	76	0.000290	0.147987	0.000290
512	9400	409	8877	90	0.000343	0.153976	0.000343
512	9400	410	8679	98	0.000374	0.153095	0.000374
512	9400	411	8598	87	0.000332	0.145496	0.000332
512	9400	412	8694	88	0.000336	0.148361	0.000336
512	9400	413	8809	77	0.000294	0.148121	0.000294
512	9400	414	8881	87	0.000332	0.148701	0.000332
512	9400	415	8783	84	0.000320	0.150570	0.000320
512	9400	416	8810	81	0.000309	0.150520	0.000309
512	9400	417	8887	81	0.000309	0.154697	0.000309
512	9400	418	8778	88	0.000336	0.153515	0.000336
512	9400	419	8734	74	0.000282	0.150246	0.000282
512	9400	420	8700	89	0.000340	0.147228	0.000340
512	9400	421	8656	56	0.000214	0.147743	0.000214
512	9400	422	9026	90	0.000343	0.155670	0.000343
512	9400	423	8744	88	0.000336	0.149685	0.000336
512	9400	424	8773	66	0.000252	0.151009	0.000252
512	9400	425	8823	75	0.000286	0.150616	0.000286
512	9400	426	8948	76	0.000290	0.155724	0.000290
512	9400	427	8996	86	0.000328	0.154552	0.000328
512	9400	428	8730	85	0.000324	0.147354	0.000324
512	9400	429	8552	61	0.000233	0.148254	0.000233
512	9400	430	8781	98	0.000374	0.153187	0.000374
512	9400	431	8731	67	0.000256	0.148209	0.000256
512	9400	432	8711	89	0.000340	0.154026	0.000340
512	9400	433	8893	67	0.000256	0.151791	0.000256
512	9400	434	8784	70	0.000267	0.151871	0.000267
512	9400	435	8830	81	0.000309	0.153694	0.000309
512	9400	436	8694	56	0.000214	0.150589	0.000214
512	9400	437	8701	99	0.000378	0.149490	0.000378
512	9400	438	9019	82	0.000313	0.151958	0.000313
512	9400	439	8916	74	0.000282	0.153820	0.000282
512	9400	440	8659	73	0.000278	0.147366	0.000278
512	9400	441	8657	78	0.000298	0.145374	0.000298
512	9400	442	8718	64	0.000244	0.147022	0.000244
512	9400	443	8753	69	0.000263	0.146221	0.000263
512	9400	444	8669	80	0.000305	0.151077	0.000305
512	9400	445	8952	62	0.000237	0.151577	0.000237
512	9400	446	8759	77	0.000294	0.151649	0.000294
512	9400	447	8874	70	0.000267	0.154705	0.000267
512	9400	448	9219	75	0.000286	0.162334	0.000286
512	9400	449	8733	88	0.000336	0.153919	0.000336
512	9400	450	8759	58	0.000221	0.149570	0.000221
512	9400	451	8764	65	0.000248	0.147152	0.000248
512	9400	452	8727	92	0.000351	0.153290	0.000351
512	9400	453	8771	83	0.000317	0.149532	0.000317
512	9400	454	8877	86	0.000328	0.151119	0.000328
512	9400	455	8835	150	0.000572	0.151806	0.000572
512	9400	456	8829	71	0.000271	0.151585	0.000271
512	9400	457	8675	93	0.000355	0.150768	0.000355
512	9400	458	8712	60	0.000229	0.148731	0.000229
512	9400	459	8897	99	0.000378	0.151978	0.000378
512	9400	460	8682	113	0.000431	0.146755	0.000431
512	9400	461	8810	124	0.000473	0.152195	0.000473
512	9400	462	8772	86	0.000328	0.148197	0.000328
512	9400	463	8752	113	0.000431	0.150650	0.000431
512	9400	464	8983	66	0.000252	0.156525	0.000252
512	9400	465	8949	86	0.000328	0.151062	0.000328
512	9400	466	8804	71	0.000271	0.152882	0.000271
512	9400	467	8811	95	0.000362	0.154270	0.000362
512	9400	468	8671	91	0.000347	0.149078	0.000347
512	9400	469	8742	68	0.000259	0.154732	0.000259
512	9400	470	8961	68	0.000259	0.150368	0.000259
512	9400	471	8889	72	0.000275	0.150917	0.000275
512	9400	472	8825	72	0.000275	0.151447	0.000275
512	9400	473	8801	78	0.000298	0.153370	0.000298
512	9400	474	8610	90	0.000343	0.146152	0.000343
512	9400	475	8734	65	0.000248	0.151402	0.000248
512	9400	476	8695	53	0.000202	0.150154	0.000202
512	9400	477	8746	77	0.000294	0.148792	0.000294
512	9400	478	8724	81	0.000309	0.147293	0.000309
512	9400	479	8779	151	0.000576	0.150520	0.000576
512	9400	480	8793	78	0.000298	0.148258	0.000298
512	9400	481	8836	62	0.000237	0.150070	0.000237
512	9400	482	8787	84	0.000320	0.152172	0.000320
512	9400	483	8983	75	0.000286	0.155090	0.000286
512	9400	484	8813	94	0.000359	0.154484	0.000359
512	9400	485	8870	51	0.000195	0.151402	0.000195
512	9400	486	8721	86	0.000328	0.152050	0.000328
512	9400	487	8644	76	0.000290	0.151806	0.000290
512	9400	488	8677	86	0.000328	0.143856	0.000328
512	9400	489	8690	76	0.000290	0.146732	0.000290
512	9400	490	8973	87	0.000332	0.151585	0.000332
512	9400	491	8870	98	0.000374	0.152870	0.000374
512	9400	492	8654	99	0.000378	0.148663	0.000378
512	9400	493	8819	69	0.000263	0.150208	0.000263
512	9400	494	8755	78	0.000298	0.151299	0.000298
512	9400	495	8980	98	0.000374	0.149704	0.000374
512	9400	496	9102	70	0.000267	0.150917	0.000267
512	9400	497	8817	78	0.000298	0.154072	0.000298
512	9400	498	9039	78	0.000298	0.157181	0.000298
512	9400	499	8667	76	0.000290	0.152512	0.000290
512	9400	500	8844	72	0.000275	0.152431	0.000275
512	9400	501	8739	78	0.000298	0.148350	0.000298
512	9400	502	8599	87	0.000332	0.149887	0.000332
512	9400	503	8789	78	0.000298	0.154266	0.000298
512	9400	504	9024	106	0.000404	0.161007	0.000404
512	9400	505	8799	84	0.000320	0.149841	0.000320
512	9400	506	8775	79	0.000301	0.151825	0.000301
512	9400	507	8867	74	0.000282	0.150719	0.000282
512	9400	508	8617	104	0.000397	0.144402	0.000397
512	9400	509	8951	75	0.000286	0.149277	0.000286
512	9400	510	8644	96	0.000366	0.149410	0.000366
512	9400	511	8809	98	0.000374	0.152256	0.000374
512	9400	512	8834	64	0.000244	0.146450	0.000244
512	9400	513	8946	72	0.000275	0.152351	0.000275
512	9400	514	8813	92	0.000351	0.150593	0.000351
512	9400	515	8932	101	0.000385	0.151241	0.000385
512	9400	516	8812	82	0.000313	0.147984	0.000313
512	9400	517	8844	88	0.000336	0.150715	0.000336
512	9400	518	8930	79	0.000301	0.150040	0.000301
512	9400	519	8883	91	0.000347	0.152061	0.000347
512	9400	520	8748	75	0.000286	0.152195	0.000286
512	9400	521	9071	78	0.000298	0.155163	0.000298
512	9400	522	8745	74	0.000282	0.151657	0.000282
512	9400	523	8638	86	0.000328	0.148563	0.000328
512	9400	524	9007	92	0.000351	0.154213	0.000351
512	9400	525	8902	62	0.000237	0.153160	0.000237
512	9400	526	8867	112	0.000427	0.150982	0.000427
512	9400	527	8897	70	0.000267	0.154949	0.000267
512	9400	528	8747	70	0.000267	0.145214	0.000267
512	9400	529	8746	64	0.000244	0.147350	0.000244
512	9400	530	8803	142	0.000542	0.153820	0.000542
512	9400	531	8614	85	0.000324	0.149010	0.000324
512	9400	532	8816	72	0.000275	0.150513	0.000275
512	9400	533	8686	87	0.000332	0.147858	0.000332
512	9400	534	8847	102	0.000389	0.148605	0.000389
512	9400	535	8751	81	0.000309	0.149818	0.000309
512	9400	536	8736	76	0.000290	0.150211	0.000290
512	9400	537	8667	72	0.000275	0.146523	0.000275
512	9400	538	8777	57	0.000217	0.149723	0.000217
512	9400	539	8850	89	0.000340	0.151192	0.000340
512	9400	540	8858	116	0.000443	0.151501	0.000443
512	9400	541	8667	100	0.000381	0.148399	0.000381
512	9400	542	8786	78	0.000298	0.148964	0.000298
512	9400	543	8825	87	0.000332	0.151966	0.000332
512	9400	544	8647	75	0.000286	0.149544	0.000286
512	9400	545	8904	73	0.000278	0.152378	0.000278
512	9400	546	8909	109	0.000416	0.149040	0.000416
512	9400	547	8777	108	0.000412	0.155022	0.000412
512	9400	548	8832	96	0.000366	0.148193	0.000366
512	9400	549	8719	98	0.000374	0.148689	0.000374
512	9400	550	8658	110	0.000420	0.148384	0.000420
512	9400	551	8760	93	0.000355	0.150452	0.000355
512	9400	552	8745	80	0.000305	0.148163	0.000305
512	9400	553	9046	72	0.000275	0.154648	0.000275
512	9400	554	8802	109	0.000416	0.151764	0.000416
512	9400	555	8762	89	0.000340	0.149605	0.000340
512	9400	556	8774	66	0.000252	0.148129	0.000252
512	9400	557	8703	62	0.000237	0.146866	0.000237
512	9400	558	8849	62	0.000237	0.150066	0.000237
512	9400	559	8708	62	0.000237	0.147778	0.000237
512	9400	560	8668	91	0.000347	0.144730	0.000347
512	9400	561	8666	101	0.000385	0.144848	0.000385
512	9400	562	8763	114	0.000435	0.152237	0.000435
512	9400	563	8717	65	0.000248	0.147305	0.000248
512	9400	564	8942	87	0.000332	0.152683	0.000332
512	9400	565	8606	90	0.000343	0.144375	0.000343
512	9400	566	9005	66	0.000252	0.153679	0.000252
512	9400	567	8654	62	0.000237	0.148998	0.000237
512	9400	568	8820	65	0.000248	0.150742	0.000248
512	9400	569	8797	75	0.000286	0.153786	0.000286
512	9400	570	8584	69	0.000263	0.145203	0.000263
512	9400	571	8843	94	0.000359	0.153328	0.000359
512	9400	572	8820	85	0.000324	0.151814	0.000324
512	9400	573	8822	71	0.000271	0.151432	0.000271
512	9400	574	8562	68	0.000259	0.146725	0.000259
512	9400	575	8783	64	0.000244	0.152916	0.000244
512	9400	576	8717	78	0.000298	0.148567	0.000298
512	9400	577	8703	61	0.000233	0.146099	0.000233
512	9400	578	8802	68	0.000259	0.151142	0.000259
512	9400	579	9048	106	0.000404	0.155743	0.000404
512	9400	580	8889	72	0.000275	0.152637	0.000275
512	9400	581	8644	85	0.000324	0.146896	0.000324
512	9400	582	8852	74	0.000282	0.151508	0.000282
512	9400	583	8775	69	0.000263	0.149933	0.000263
512	9400	584	8971	60	0.000229	0.152851	0.000229
512	9400	585	8809	67	0.000256	0.151302	0.000256
512	9400	586	8658	74	0.000282	0.143375	0.000282
512	9400	587	8820	84	0.000320	0.152172	0.000320
512	9400	588	8903	71	0.000271	0.149982	0.000271
512	9400	589	8642	88	0.000336	0.150070	0.000336
512	9400	590	8649	90	0.000343	0.149998	0.000343
512	9400	591	8806	70	0.000267	0.149529	0.000267
512	9400	592	8846	67	0.000256	0.149117	0.000256
512	9400	593	8807	72	0.000275	0.152111	0.000275
512	9400	594	8581	76	0.000290	0.147930	0.000290
512	9400	595	8831	83	0.000317	0.154251	0.000317
512	9400	596	8788	86	0.000328	0.152046	0.000328
512	9400	597	8630	62	0.000237	0.143867	0.000237
512	9400	598	8758	96	0.000366	0.146564	0.000366
512	9400	599	9077	68	0.000259	0.153488	0.000259
512	9400	600	8758	74	0.000282	0.151833	0.000282
512	9400	601	8809	107	0.000408	0.153255	0.000408
512	9400	602	8936	101	0.000385	0.157391	0.000385
512	9400	603	8772	115	0.000439	0.151447	0.000439
512	9400	604	8703	71	0.000271	0.144993	0.000271
512	9400	605	8647	63	0.000240	0.150604	0.000240
512	9400	606	8767	68	0.000259	0.146473	0.000259
512	9400	607	8852	70	0.000267	0.150372	0.000267
512	9400	608	8625	72	0.000275	0.150429	0.000275
512	9400	609	8798	99	0.000378	0.150875	0.000378
512	9400	610	8585	84	0.000320	0.146236	0.000320
512	9400	611	8628	62	0.000237	0.145336	0.000237
512	9400	612	8637	84	0.000320	0.150036	0.000320
512	9400	613	8630	90	0.000343	0.147472	0.000343
512	9400	614	8741	74	0.000282	0.150047	0.000282
512	9400	615	8648	77	0.000294	0.148579	0.000294
512	9400	616	8821	72	0.000275	0.149708	0.000275
512	9400	617	8706	100	0.000381	0.152100	0.000381
512	9400	618	8765	84	0.000320	0.146103	0.000320
512	9400	619	8722	89	0.000340	0.152481	0.000340
512	9400	620	8594	71	0.000271	0.148880	0.000271
512	9400	621	8730	154	0.000587	0.151588	0.000587
512	9400	622	8976	68	0.000259	0.151482	0.000259
512	9400	623	8772	75	0.000286	0.148880	0.000286
512	9400	624	8743	77	0.000294	0.150738	0.000294
512	9400	625	8918	80	0.000305	0.146805	0.000305
512	9400	626	8851	92	0.000351	0.150547	0.000351
512	9400	627	8938	81	0.000309	0.154526	0.000309
512	9400	628	8780	71	0.000271	0.151863	0.000271
512	9400	629	8792	124	0.000473	0.150730	0.000473
512	9400	630	8704	83	0.000317	0.153126	0.000317
512	9400	631	8595	69	0.000263	0.147415	0.000263
512	9400	632	8635	67	0.000256	0.149239	0.000256
512	9400	633	8725	82	0.000313	0.152958	0.000313
512	9400	634	8851	64	0.000244	0.148693	0.000244
512	9400	635	8877	85	0.000324	0.153263	0.000324
512	9400	636	8803	90	0.000343	0.153587	0.000343
512	9400	637	8614	104	0.000397	0.149620	0.000397
512	9400	638	8837	85	0.000324	0.150982	0.000324
512	9400	639	8856	89	0.000340	0.150543	0.000340
512	9400	640	8807	77	0.000294	0.151218	0.000294
512	9400	641	8726	68	0.000259	0.144901	0.000259
512	9400	642	8942	90	0.000343	0.152599	0.000343
512	9400	643	8516	72	0.000275	0.147205	0.000275
512	9400	644	8829	84	0.000320	0.148956	0.000320
512	9400	645	9054	89	0.000340	0.157204	0.000340
512	9400	646	8828	96	0.000366	0.152645	0.000366
512	9400	647	8621	88	0.000336	0.148964	0.000336
512	9400	648	8885	116	0.000443	0.149742	0.000443
512	9400	649	8775	61	0.000233	0.148674	0.000233
512	9400	650	9018	74	0.000282	0.153358	0.000282
512	9400	651	8848	80	0.000305	0.150208	0.000305
512	9400	652	8961	75	0.000286	0.151405	0.000286
512	9400	653	8866	87	0.000332	0.154488	0.000332
512	9400	654	9104	90	0.000343	0.155361	0.000343
512	9400	655	8958	87	0.000332	0.157043	0.000332
512	9400	656	8678	67	0.000256	0.150818	0.000256
512	9400	657	8653	74	0.000282	0.150318	0.000282
512	9400	658	8729	58	0.000221	0.149185	0.000221
512	9400	659	8813	72	0.000275	0.150852	0.000275
512	9400	660	8956	85	0.000324	0.152065	0.000324
512	9400	661	8761	105	0.000401	0.151058	0.000401
512	9400	662	8682	80	0.000305	0.150219	0.000305
512	9400	663	8639	84	0.000320	0.152912	0.000320
512	9400	664	8638	88	0.000336	0.147507	0.000336
512	9400	665	8936	53	0.000202	0.149677	0.000202
512	9400	666	8935	86	0.000328	0.154484	0.000328
512	9400	667	8831	86	0.000328	0.149742	0.000328
512	9400	668	8734	94	0.000359	0.146103	0.000359
512	9400	669	9009	90	0.000343	0.155586	0.000343
512	9400	670	8577	90	0.000343	0.147667	0.000343
512	9400	671	8951	64	0.000244	0.151016	0.000244
512	9400	672	8851	72	0.000275	0.151718	0.000275
512	9400	673	8690	75	0.000286	0.149635	0.000286
512	9400	674	8598	75	0.000286	0.148266	0.000286
512	9400	675	8766	87	0.000332	0.148293	0.000332
512	9400	676	8745	71	0.000271	0.151726	0.000271
512	9400	677	9017	69	0.000263	0.154198	0.000263
512	9400	678	8659	76	0.000290	0.154251	0.000290
512	9400	679	8826	124	0.000473	0.153286	0.000473
512	9400	680	8701	82	0.000313	0.149307	0.000313
512	9400	681	8710	61	0.000233	0.147190	0.000233
512	9400	682	8858	116	0.000443	0.154613	0.000443
512	9400	683	8918	72	0.000275	0.153542	0.000275
512	9400	684	8882	85	0.000324	0.150440	0.000324
512	9400	685	8789	66	0.000252	0.149967	0.000252
512	9400	686	8892	67	0.000256	0.150703	0.000256
512	9400	687	8834	87	0.000332	0.151611	0.000332
512	9400	688	9019	61	0.000233	0.153587	0.000233
512	9400	689	8964	110	0.000420	0.152229	0.000420
512	9400	690	8718	58	0.000221	0.147717	0.000221
512	9400	691	9021	81	0.000309	0.155983	0.000309
512	9400	692	8813	57	0.000217	0.149708	0.000217
512	9400	693	8680	98	0.000374	0.148460	0.000374
512	9400	694	8516	63	0.000240	0.148426	0.000240
512	9400	695	8804	65	0.000248	0.150276	0.000248
512	9400	696	8820	66	0.000252	0.149605	0.000252
512	9400	697	8760	78	0.000298	0.150562	0.000298
512	9400	698	8635	66	0.000252	0.149521	0.000252
512	9400	699	8885	81	0.000309	0.152515	0.000309
512	9400	700	8889	63	0.000240	0.154545	0.000240
512	9400	701	8771	109	0.000416	0.149094	0.000416
512	9400	702	8710	96	0.000366	0.150410	0.000366
512	9400	703	8682	98	0.000374	0.148224	0.000374
512	9400	704	8695	109	0.000416	0.147953	0.000416
512	9400	705	8866	68	0.000259	0.154453	0.000259
512	9400	706	8601	69	0.000263	0.144997	0.000263
512	9400	707	8519	103	0.000393	0.148472	0.000393
512	9400	708	8886	103	0.000393	0.147381	0.000393
512	9400	709	8602	61	0.000233	0.149403	0.000233
512	9400	710	8744	68	0.000259	0.151810	0.000259
512	9400	711	8975	69	0.000263	0.153557	0.000263
512	9400	712	8802	59	0.000225	0.150726	0.000225
512	9400	713	8958	98	0.000374	0.151764	0.000374
512	9400	714	8733	63	0.000240	0.146809	0.000240
512	9400	715	8767	80	0.000305	0.149052	0.000305
512	9400	716	8560	105	0.000401	0.147530	0.000401
512	9400	717	8731	79	0.000301	0.149410	0.000301
512	9400	718	8823	99	0.000378	0.154129	0.000378
512	9400	719	8945	93	0.000355	0.153580	0.000355
512	9400	720	8695	79	0.000301	0.145676	0.000301
512	9400	721	8829	71	0.000271	0.151073	0.000271
512	9400	722	8831	70	0.000267	0.148281	0.000267
512	9400	723	8900	116	0.000443	0.154053	0.000443
512	9400	724	8718	56	0.000214	0.147800	0.000214
512	9400	725	8526	86	0.000328	0.143951	0.000328
512	9400	726	8830	67	0.000256	0.154926	0.000256
512	9400	727	8699	71	0.000271	0.148567	0.000271
512	9400	728	8794	64	0.000244	0.151752	0.000244
512	9400	729	8743	73	0.000278	0.150379	0.000278
512	9400	730	8873	100	0.000381	0.151508	0.000381
512	9400	731	8846	117	0.000446	0.150810	0.000446
512	9400	732	8746	86	0.000328	0.152645	0.000328
512	9400	733	8758	82	0.000313	0.151508	0.000313
512	9400	734	8760	68	0.000259	0.147213	0.000259
512	9400	735	8612	83	0.000317	0.144146	0.000317
512	9400	736	8796	73	0.000278	0.153461	0.000278
512	9400	737	8653	57	0.000217	0.150532	0.000217
512	9400	738	8667	71	0.000271	0.147697	0.000271
512	9400	739	8574	83	0.000317	0.145805	0.000317
512	9400	740	8700	78	0.000298	0.153465	0.000298
512	9400	741	8736	120	0.000458	0.151611	0.000458
512	9400	742	8726	68	0.000259	0.149475	0.000259
512	9400	743	8734	66	0.000252	0.147728	0.000252
512	9400	744	8755	92	0.000351	0.147419	0.000351
512	9400	745	8747	72	0.000275	0.147198	0.000275
512	9400	746	8775	82	0.000313	0.148914	0.000313
512	9400	747	8871	72	0.000275	0.149529	0.000275
512	9400	748	8698	74	0.000282	0.151619	0.000282
512	9400	749	8811	123	0.000469	0.152153	0.000469
512	9400	750	8717	58	0.000221	0.147739	0.000221
512	9400	751	8701	78	0.000298	0.150307	0.000298
512	9400	752	8820	80	0.000305	0.148838	0.000305
512	9400	753	8885	73	0.000278	0.151009	0.000278
512	9400	754	8725	78	0.000298	0.148117	0.000298
512	9400	755	8856	81	0.000309	0.155834	0.000309
512	9400	756	8714	103	0.000393	0.147495	0.000393
512	9400	757	8787	64	0.000244	0.149700	0.000244
512	9400	758	8808	74	0.000282	0.152763	0.000282
512	9400	759	8659	81	0.000309	0.144459	0.000309
512	9400	760	8712	74	0.000282	0.148937	0.000282
512	9400	761	8835	83	0.000317	0.147636	0.000317
512	9400	762	8930	72	0.000275	0.149441	0.000275
512	9400	763	8864	84	0.000320	0.150459	0.000320
512	9400	764	8860	73	0.000278	0.151180	0.000278
512	9400	765	8891	69	0.000263	0.150890	0.000263
512	9400	766	8786	76	0.000290	0.149544	0.000290
512	9400	767	8684	68	0.000259	0.150284	0.000259
512	9400	768	8721	93	0.000355	0.145611	0.000355
512	9400	769	8703	74	0.000282	0.146858	0.000282
512	9400	770	8654	112	0.000427	0.152969	0.000427
512	9400	771	8720	63	0.000240	0.150265	0.000240
512	9400	772	8643	90	0.000343	0.146393	0.000343
512	9400	773	8791	73	0.000278	0.152664	0.000278
512	9400	774	8605	103	0.000393	0.151016	0.000393
512	9400	775	8818	89	0.000340	0.146797	0.000340
512	9400	776	8964	74	0.000282	0.153988	0.000282
512	9400	777	8828	84	0.000320	0.152939	0.000320
512	9400	778	8960	82	0.000313	0.153145	0.000313
512	9400	779	8955	111	0.000423	0.151592	0.000423
512	9400	780	8640	67	0.000256	0.147247	0.000256
512	9400	781	8638	102	0.000389	0.145214	0.000389
512	9400	782	8599	84	0.000320	0.152817	0.000320
512	9400	783	8813	74	0.000282	0.148766	0.000282
512	9400	784	8704	90	0.000343	0.148407	0.000343
512	9400	785	8649	83	0.000317	0.149673	0.000317
512	9400	786	8759	98	0.000374	0.150227	0.000374
512	9400	787	8653	73	0.000278	0.150711	0.000278
512	9400	788	8746	66	0.000252	0.145138	0.000252
512	9400	789	8651	91	0.000347	0.152393	0.000347
512	9400	790	8484	56	0.000214	0.140858	0.000214
512	9400	791	8833	74	0.000282	0.148861	0.000282
512	9400	792	8791	79	0.000301	0.148670	0.000301
512	9400	793	8649	64	0.000244	0.147202	0.000244
512	9400	794	8803	74	0.000282	0.151878	0.000282
512	9400	795	8605	80	0.000305	0.147560	0.000305
512	9400	796	8695	81	0.000309	0.148972	0.000309
512	9400	797	8897	59	0.000225	0.152515	0.000225
512	9400	798	8676	118	0.000450	0.149872	0.000450
512	9400	799	8642	82	0.000313	0.146400	0.000313
512	9400	800	8863	68	0.000259	0.151413	0.000259
512	9400	801	8775	86	0.000328	0.148838	0.000328
512	9400	802	8741	69	0.000263	0.149700	0.000263
512	9400	803	8674	110	0.000420	0.151436	0.000420
512	9400	804	8680	77	0.000294	0.148373	0.000294
512	9400	805	8801	82	0.000313	0.148548	0.000313
512	9400	806	8849	125	0.000477	0.151657	0.000477
512	9400	807	8693	71	0.000271	0.147938	0.000271
512	9400	808	8832	108	0.000412	0.149097	0.000412
512	9400	809	8695	79	0.000301	0.147770	0.000301
512	9400	810	8825	69	0.000263	0.151852	0.000263
512	9400	811	8926	91	0.000347	0.152676	0.000347
512	9400	812	8923	104	0.000397	0.151402	0.000397
512	9400	813	8804	64	0.000244	0.149334	0.000244
512	9400	814	8834	89	0.000340	0.151051	0.000340
512	9400	815	8894	76	0.000290	0.155262	0.000290
512	9400	816	8841	114	0.000435	0.148602	0.000435
512	9400	817	8755	92	0.000351	0.149109	0.000351
512	9400	818	8775	72	0.000275	0.152031	0.000275
512	9400	819	8716	108	0.000412	0.151878	0.000412
512	9400	820	8765	71	0.000271	0.149586	0.000271
512	9400	821	8855	132	0.000504	0.153851	0.000504
512	9400	822	8626	73	0.000278	0.147366	0.000278
512	9400	823	8732	74	0.000282	0.150578	0.000282
512	9400	824	9002	61	0.000233	0.154274	0.000233
512	9400	825	8720	108	0.000412	0.150116	0.000412
512	9400	826	8624	86	0.000328	0.146065	0.000328
512	9400	827	8832	69	0.000263	0.152786	0.000263
512	9400	828	9009	68	0.000259	0.153187	0.000259
512	9400	829	8802	73	0.000278	0.149963	0.000278
512	9400	830	8771	86	0.000328	0.149963	0.000328
512	9400	831	8583	90	0.000343	0.144474	0.000343
512	9400	832	8784	61	0.000233	0.148750	0.000233
512	9400	833	8716	71	0.000271	0.146923	0.000271
512	9400	834	8934	87	0.000332	0.154285	0.000332
512	9400	835	8683	66	0.000252	0.148029	0.000252
512	9400	836	8846	98	0.000374	0.148109	0.000374
512	9400	837	8740	87	0.000332	0.147148	0.000332
512	9400	838	8755	76	0.000290	0.151169	0.000290
512	9400	839	8748	100	0.000381	0.147949	0.000381
512	9400	840	8785	116	0.000443	0.152096	0.000443
512	9400	841	8814	72	0.000275	0.149006	0.000275
512	9400	842	8888	70	0.000267	0.153938	0.000267
512	9400	843	8706	64	0.000244	0.150375	0.000244
512	9400	844	8895	85	0.000324	0.150372	0.000324
512	9400	845	8582	71	0.000271	0.147434	0.000271
512	9400	846	8528	63	0.000240	0.148617	0.000240
512	9400	847	8842	64	0.000244	0.153061	0.000244
512	9400	848	8456	73	0.000278	0.144989	0.000278
512	9400	849	8785	78	0.000298	0.151348	0.000298
512	9400	850	8866	95	0.000362	0.154560	0.000362
512	9400	851	8950	96	0.000366	0.155502	0.000366
512	9400	852	8578	84	0.000320	0.144524	0.000320
512	9400	853	8717	78	0.000298	0.150970	0.000298
512	9400	854	8988	80	0.000305	0.156445	0.000305
512	9400	855	8763	75	0.000286	0.150173	0.000286
512	9400	856	8710	107	0.000408	0.150311	0.000408
512	9400	857	8800	77	0.000294	0.147522	0.000294
512	9400	858	8869	77	0.000294	0.154255	0.000294
512	9400	859	8785	85	0.000324	0.151608	0.000324
512	9400	860	8808	66	0.000252	0.147984	0.000252
512	9400	861	8660	80	0.000305	0.150818	0.000305
512	9400	862	8729	68	0.000259	0.150467	0.000259
512	9400	863	8538	93	0.000355	0.147434	0.000355
512	9400	864	8671	76	0.000290	0.148514	0.000290
512	9400	865	8740	77	0.000294	0.149929	0.000294
512	9400	866	8552	71	0.000271	0.145103	0.000271
512	9400	867	8758	82	0.000313	0.149464	0.000313
512	9400	868	8775	67	0.000256	0.149010	0.000256
512	9400	869	8711	82	0.000313	0.151669	0.000313
512	9400	870	8901	83	0.000317	0.152096	0.000317
512	9400	871	8916	60	0.000229	0.150764	0.000229
512	9400	872	8674	63	0.000240	0.150448	0.000240
512	9400	873	8902	78	0.000298	0.155766	0.000298
512	9400	874	8724	66	0.000252	0.151093	0.000252
512	9400	875	8810	93	0.000355	0.150333	0.000355
512	9400	876	8903	104	0.000397	0.155689	0.000397
512	9400	877	8765	113	0.000431	0.148491	0.000431
512	9400	878	8626	71	0.000271	0.147369	0.000271
512	9400	879	8714	85	0.000324	0.147583	0.000324
512	9400	880	8755	105	0.000401	0.154690	0.000401
512	9400	881	8958	75	0.000286	0.155445	0.000286
512	9400	882	8744	66	0.000252	0.148842	0.000252
512	9400	883	8872	62	0.000237	0.151321	0.000237
512	9400	884	8733	76	0.000290	0.150215	0.000290
512	9400	885	8589	65	0.000248	0.146057	0.000248
512	9400	886	8802	63	0.000240	0.152794	0.000240
512	9400	887	8772	80	0.000305	0.148197	0.000305
512	9400	888	8764	97	0.000370	0.153259	0.000370
512	9400	889	8774	66	0.000252	0.149624	0.000252
512	9400	890	8690	76	0.000290	0.147045	0.000290
512	9400	891	8662	83	0.000317	0.147686	0.000317
512	9400	892	8683	73	0.000278	0.147175	0.000278
512	9400	893	8779	114	0.000435	0.152012	0.000435
512	9400	894	8701	73	0.000278	0.142967	0.000278
512	9400	895	8811	71	0.000271	0.146702	0.000271
512	9400	896	8637	89	0.000340	0.153587	0.000340
512	9400	897	8829	68	0.000259	0.150433	0.000259
512	9400	898	8884	116	0.000443	0.151371	0.000443
512	9400	899	8919	103	0.000393	0.150269	0.000393
512	9400	900	8918	80	0.000305	0.148724	0.000305
512	9400	901	8881	110	0.000420	0.149818	0.000420
512	9400	902	8879	71	0.000271	0.152489	0.000271
512	9400	903	8802	104	0.000397	0.150078	0.000397
512	9400	904	8854	75	0.000286	0.151840	0.000286
512	9400	905	8670	72	0.000275	0.151863	0.000275
512	9400	906	8749	91	0.000347	0.151291	0.000347
512	9400	907	8738	71	0.000271	0.148815	0.000271
512	9400	908	8715	67	0.000256	0.151295	0.000256
512	9400	909	8859	81	0.000309	0.150948	0.000309
512	9400	910	8567	108	0.000412	0.148342	0.000412
512	9400	911	8846	70	0.000267	0.154957	0.000267
512	9400	912	8857	86	0.000328	0.158344	0.000328
512	9400	913	8758	103	0.000393	0.148457	0.000393
512	9400	914	8583	122	0.000465	0.146263	0.000465
512	9400	915	8796	66	0.000252	0.151474	0.000252
512	9400	916	8852	70	0.000267	0.148621	0.000267
512	9400	917	8685	73	0.000278	0.148624	0.000278
512	9400	918	8794	63	0.000240	0.151581	0.000240
512	9400	919	8742	58	0.000221	0.149307	0.000221
512	9400	920	8705	60	0.000229	0.143867	0.000229
512	9400	921	8660	73	0.000278	0.147911	0.000278
512	9400	922	8666	71	0.000271	0.148548	0.000271
512	9400	923	8843	78	0.000298	0.154148	0.000298
512	9400	924	8754	136	0.000519	0.150398	0.000519
512	9400	925	8843	59	0.000225	0.151646	0.000225
512	9400	926	8645	61	0.000233	0.145622	0.000233
512	9400	927	8561	68	0.000259	0.146240	0.000259
512	9400	928	8905	110	0.000420	0.153709	0.000420
512	9400	929	8787	80	0.000305	0.150299	0.000305
512	9400	930	8710	144	0.000549	0.149731	0.000549
512	9400	931	8775	85	0.000324	0.148964	0.000324
512	9400	932	8835	98	0.000374	0.151379	0.000374
512	9400	933	8814	60	0.000229	0.151962	0.000229
512	9400	934	8505	80	0.000305	0.146992	0.000305
512	9400	935	8534	63	0.000240	0.143906	0.000240
512	9400	936	8657	65	0.000248	0.149380	0.000248
512	9400	937	9017	66	0.000252	0.153835	0.000252
512	9400	938	8835	79	0.000301	0.153206	0.000301
512	9400	939	8745	106	0.000404	0.152126	0.000404
512	9400	940	8771	66	0.000252	0.147682	0.000252
512	9400	941	8721	92	0.000351	0.147079	0.000351
512	9400	942	8849	93	0.000355	0.153378	0.000355
512	9400	943	9035	73	0.000278	0.154861	0.000278
512	9400	944	8883	64	0.000244	0.151138	0.000244
512	9400	945	8755	74	0.000282	0.150394	0.000282
512	9400	946	8931	68	0.000259	0.150482	0.000259
512	9400	947	8664	83	0.000317	0.150673	0.000317
512	9400	948	8695	67	0.000256	0.147076	0.000256
512	9400	949	8774	73	0.000278	0.149189	0.000278
512	9400	950	8525	70	0.000267	0.145073	0.000267
512	9400	951	8781	59	0.000225	0.146324	0.000225
512	9400	952	8835	64	0.000244	0.150974	0.000244
512	9400	953	8675	67	0.000256	0.150047	0.000256
512	9400	954	8774	88	0.000336	0.151890	0.000336
512	9400	955	8778	92	0.000351	0.150146	0.000351
512	9400	956	9022	69	0.000263	0.155163	0.000263
512	9400	957	8626	107	0.000408	0.146282	0.000408
512	9400	958	8559	82	0.000313	0.149517	0.000313
512	9400	959	8802	111	0.000423	0.155212	0.000423
512	9400	960	8647	103	0.000393	0.146320	0.000393
512	9400	961	8737	67	0.000256	0.149517	0.000256
512	9400	962	8614	63	0.000240	0.146301	0.000240
512	9400	963	8873	68	0.000259	0.149807	0.000259
512	9400	964	8873	70	0.000267	0.147911	0.000267
512	9400	965	8693	60	0.000229	0.151142	0.000229
512	9400	966	8778	64	0.000244	0.151146	0.000244
512	9400	967	9018	67	0.000256	0.156136	0.000256
512	9400	968	8701	68	0.000259	0.148575	0.000259
512	9400	969	8780	76	0.000290	0.157692	0.000290
512	9400	970	8870	83	0.000317	0.152084	0.000317
512	9400	971	8929	110	0.000420	0.153011	0.000420
512	9400	972	9010	67	0.000256	0.150723	0.000256
512	9400	973	8964	143	0.000546	0.154678	0.000546
512	9400	974	8661	70	0.000267	0.149082	0.000267
512	9400	975	8759	75	0.000286	0.150406	0.000286
512	9400	976	8865	78	0.000298	0.152195	0.000298
512	9400	977	8427	64	0.000244	0.145424	0.000244
512	9400	978	8867	120	0.000458	0.153549	0.000458
512	9400	979	8982	89	0.000340	0.160000	0.000340
512	9400	980	8722	75	0.000286	0.150806	0.000286
512	9400	981	8861	86	0.000328	0.152607	0.000328
512	9400	982	8820	78	0.000298	0.156925	0.000298
512	9400	983	8618	81	0.000309	0.148174	0.000309
512	9400	984	8878	77	0.000294	0.155186	0.000294
512	9400	985	8839	78	0.000298	0.149281	0.000298
512	9400	986	8621	73	0.000278	0.147938	0.000278
512	9400	987	8709	113	0.000431	0.153049	0.000431
512	9400	988	8748	85	0.000324	0.151920	0.000324
512	9400	989	8740	62	0.000237	0.149929	0.000237
512	9400	990	8808	68	0.000259	0.151928	0.000259
512	9400	991	8744	79	0.000301	0.151897	0.000301
512	9400	992	8735	65	0.000248	0.150581	0.000248
512	9400	993	8885	86	0.000328	0.151466	0.000328
512	9400	994	8763	93	0.000355	0.150906	0.000355
512	9400	995	8771	93	0.000355	0.152382	0.000355
512	9400	996	8904	81	0.000309	0.153542	0.000309
512	9400	997	8746	67	0.000256	0.149670	0.000256
512	9400	998	8821	72	0.000275	0.149975	0.000275
512	9400	999	8747	61	0.000233	0.149414	0.000233
512	9400	1000	8782	72	0.000275	0.147476	0.000275
