512	9650	2	2977	135451	0.516705	0.585392	0.001278
512	9650	3	3161	135061	0.515217	0.584442	0.000900
512	9650	4	2544	152687	0.582455	0.650188	0.011066
512	9650	5	3095	133124	0.507828	0.596542	0.018333
512	9650	6	2808	143798	0.548546	0.634563	0.021713
512	9650	7	3170	135222	0.515831	0.589733	0.001019
512	9650	8	3088	130199	0.496670	0.585094	0.013863
512	9650	9	4049	106054	0.404564	0.514091	0.010429
512	9650	10	3370	129362	0.493477	0.568039	0.000965
512	9650	11	3644	119216	0.454773	0.561375	0.006344
512	9650	12	3365	119518	0.455925	0.578136	0.026939
512	9650	13	3825	100865	0.384769	0.514721	0.020477
512	9650	14	3408	124789	0.476032	0.552910	0.000702
512	9650	15	2507	152773	0.582783	0.636776	0.000725
512	9650	16	2733	140818	0.537178	0.595871	0.000454
512	9650	17	2954	144142	0.549858	0.623825	0.008915
512	9650	18	3383	129718	0.494835	0.563629	0.000511
512	9650	19	3010	137308	0.523788	0.595982	0.003822
512	9650	20	4218	68611	0.261730	0.487976	0.054546
512	9650	21	3233	128653	0.490772	0.573223	0.012981
512	9650	22	3543	104886	0.400108	0.534611	0.027637
512	9650	23	2241	165715	0.632153	0.680847	0.000607
512	9650	24	3490	125204	0.477615	0.563881	0.003635
512	9650	25	2672	148089	0.564915	0.623940	0.000534
512	9650	26	2671	145608	0.555450	0.636452	0.019104
512	9650	27	3006	124443	0.474712	0.575508	0.036339
512	9650	28	2657	154275	0.588512	0.648827	0.000793
512	9650	29	3591	118451	0.451855	0.532524	0.001640
512	9650	30	3612	118529	0.452152	0.534954	0.001423
512	9650	31	2709	148233	0.565464	0.621807	0.000561
512	9650	32	3165	105860	0.403824	0.575359	0.100212
512	9650	33	3303	132843	0.506756	0.580353	0.001659
512	9650	34	2753	147100	0.561142	0.621311	0.001156
512	9650	35	2972	136083	0.519115	0.594097	0.002357
512	9650	36	2911	140003	0.534069	0.605839	0.003708
512	9650	37	3442	128893	0.491688	0.571568	0.003624
512	9650	38	3001	141848	0.541107	0.606915	0.000622
512	9650	39	2977	138996	0.530228	0.600624	0.002518
512	9650	40	2720	145789	0.556141	0.623718	0.005890
512	9650	41	3146	124044	0.473190	0.580658	0.034584
512	9650	42	2570	153466	0.585426	0.650990	0.009888
512	9650	43	2874	142643	0.544140	0.622890	0.014275
512	9650	44	3026	138072	0.526703	0.599880	0.001446
512	9650	45	2825	145661	0.555653	0.619709	0.001625
512	9650	46	3535	115150	0.439262	0.561008	0.046440
512	9650	47	3694	104118	0.397179	0.522602	0.035362
512	9650	48	4169	102743	0.391933	0.498222	0.004967
512	9650	49	3606	109289	0.416904	0.529831	0.013790
512	9650	50	3231	130997	0.499714	0.575920	0.001297
512	9650	51	3362	122604	0.467697	0.563858	0.013046
512	9650	52	3521	128600	0.490570	0.579269	0.007416
512	9650	53	3502	118504	0.452057	0.548035	0.017563
512	9650	54	3514	123175	0.469875	0.557247	0.012276
512	9650	55	3193	137873	0.525944	0.600948	0.003033
512	9650	56	3208	118796	0.453171	0.555607	0.031971
512	9650	57	3944	116007	0.442532	0.540329	0.004852
512	9650	58	3789	118800	0.453186	0.544895	0.004177
512	9650	59	3296	137370	0.524025	0.598885	0.000629
512	9650	60	1833	174400	0.665283	0.703743	0.000385
512	9650	61	2737	146079	0.557247	0.615845	0.000698
512	9650	62	3870	108851	0.415234	0.536419	0.025337
512	9650	63	2572	154109	0.587879	0.644897	0.002991
512	9650	64	2912	141902	0.541313	0.613686	0.003513
512	9650	65	3198	132438	0.505211	0.580830	0.004368
512	9650	66	4015	105957	0.404194	0.512028	0.021301
512	9650	67	3205	125772	0.479782	0.556931	0.011139
512	9650	68	3565	123215	0.470028	0.548126	0.001419
512	9650	69	2957	129176	0.492767	0.578110	0.020157
512	9650	70	2603	157086	0.599236	0.658058	0.000481
512	9650	71	3344	128354	0.489632	0.574554	0.001530
512	9650	72	2690	145549	0.555225	0.616024	0.000965
512	9650	73	3072	137064	0.522858	0.596855	0.003036
512	9650	74	4007	111444	0.425125	0.528618	0.006485
512	9650	75	2096	159883	0.609905	0.653877	0.001122
512	9650	76	3387	129790	0.495110	0.564594	0.000694
512	9650	77	4061	88565	0.337849	0.483814	0.041668
512	9650	78	3409	131044	0.499893	0.572186	0.002983
512	9650	79	3755	80015	0.305233	0.538525	0.305233
512	9650	80	2808	149109	0.568806	0.630768	0.000782
512	9650	81	3712	112911	0.430721	0.551731	0.013252
512	9650	82	3510	121341	0.462879	0.568108	0.014851
512	9650	83	4142	70671	0.269588	0.483860	0.082623
512	9650	84	2819	147134	0.561272	0.628437	0.001690
512	9650	85	2790	146579	0.559155	0.614674	0.000423
512	9650	86	4465	77557	0.295856	0.502724	0.295856
512	9650	87	2376	159108	0.606949	0.662708	0.006596
512	9650	88	3164	131262	0.500725	0.568657	0.001965
512	9650	89	4419	47409	0.180851	0.453781	0.180851
512	9650	90	3443	126077	0.480946	0.557968	0.001049
512	9650	91	3153	139858	0.533516	0.611698	0.001232
512	9650	92	2706	152396	0.581345	0.645462	0.002457
512	9650	93	3692	109853	0.419056	0.513981	0.008812
512	9650	94	2519	153828	0.586807	0.650951	0.007534
512	9650	95	3457	106107	0.404766	0.550053	0.066967
512	9650	96	2426	157232	0.599792	0.653507	0.000702
512	9650	97	2693	140958	0.537712	0.612885	0.009365
512	9650	98	3558	125390	0.478325	0.559402	0.001732
512	9650	99	3417	119301	0.455097	0.528168	0.000828
512	9650	100	3124	137828	0.525772	0.591381	0.001156
512	9650	101	3784	111709	0.426136	0.513248	0.001583
512	9650	102	2977	137634	0.525032	0.592968	0.001160
512	9650	103	3231	128948	0.491898	0.583485	0.017952
512	9650	104	3339	128751	0.491146	0.566738	0.002731
512	9650	105	2879	142211	0.542492	0.616116	0.011784
512	9650	106	2573	147418	0.562355	0.640903	0.011971
512	9650	107	2628	147721	0.563511	0.625332	0.002758
512	9650	108	3179	135016	0.515045	0.585316	0.000996
512	9650	109	3888	108330	0.413246	0.542587	0.018745
512	9650	110	4021	88983	0.339443	0.529293	0.082104
512	9650	111	3762	76158	0.290520	0.521774	0.290520
512	9650	112	3563	121723	0.464336	0.569481	0.016724
512	9650	113	3431	120545	0.459843	0.540882	0.002850
512	9650	114	3772	80916	0.308670	0.540058	0.308670
512	9650	115	3210	135732	0.517776	0.587399	0.001160
512	9650	116	3196	130570	0.498085	0.571613	0.001198
512	9650	117	2217	167066	0.637306	0.691746	0.002316
512	9650	118	3899	48989	0.186878	0.519669	0.186878
512	9650	119	2986	140634	0.536476	0.614216	0.007206
512	9650	120	3306	133832	0.510529	0.587902	0.001389
512	9650	121	2298	163108	0.622208	0.674046	0.001575
512	9650	122	4273	90188	0.344040	0.479630	0.011562
512	9650	123	3287	137901	0.526051	0.602566	0.001038
512	9650	124	2950	138994	0.530220	0.597294	0.000805
512	9650	125	3060	137362	0.523994	0.610352	0.014580
512	9650	126	3681	117579	0.448528	0.534420	0.000965
512	9650	127	3469	124613	0.475361	0.561481	0.008072
512	9650	128	3447	129795	0.495129	0.568085	0.000755
512	9650	129	2969	139695	0.532894	0.598167	0.000870
512	9650	130	3775	109673	0.418369	0.513847	0.007298
512	9650	131	2909	143010	0.545540	0.611122	0.000786
512	9650	132	3898	108880	0.415344	0.511238	0.005955
512	9650	133	4194	87331	0.333141	0.494408	0.032780
512	9650	134	3244	135566	0.517143	0.593819	0.003635
512	9650	135	3587	117119	0.446774	0.534187	0.004063
512	9650	136	3158	135389	0.516468	0.587738	0.001049
512	9650	137	3205	131425	0.501347	0.569855	0.001186
512	9650	138	2708	149888	0.571777	0.628174	0.000507
512	9650	139	3730	113386	0.432533	0.533615	0.006042
512	9650	140	3039	139498	0.532143	0.602448	0.001945
512	9650	141	3215	117967	0.450008	0.592655	0.064621
512	9650	142	2934	144175	0.549984	0.616177	0.001163
512	9650	143	2933	143406	0.547050	0.612995	0.000706
512	9650	144	2740	151414	0.577599	0.642147	0.003639
512	9650	145	3129	132585	0.505772	0.572163	0.001877
512	9650	146	3819	106805	0.407429	0.532856	0.031204
512	9650	147	3247	136200	0.519562	0.593304	0.003334
512	9650	148	3421	123073	0.469486	0.564777	0.016644
512	9650	149	3380	130463	0.497677	0.583698	0.004066
512	9650	150	2754	150287	0.573299	0.631145	0.000534
512	9650	151	2518	152915	0.583324	0.641930	0.003010
512	9650	152	3828	69777	0.266178	0.496567	0.266178
512	9650	153	3427	126422	0.482262	0.554226	0.002193
512	9650	154	3563	120553	0.459873	0.554104	0.004093
512	9650	155	2672	152417	0.581425	0.640778	0.000530
512	9650	156	3566	123879	0.472561	0.556343	0.000698
512	9650	157	2990	140722	0.536812	0.604874	0.000839
512	9650	158	2917	142428	0.543320	0.615780	0.001900
512	9650	159	2936	142777	0.544651	0.612835	0.002918
512	9650	160	2493	155489	0.593143	0.651344	0.001602
512	9650	161	3338	127373	0.485889	0.569218	0.004795
512	9650	162	2723	149650	0.570869	0.634399	0.001068
512	9650	163	3352	133342	0.508659	0.590664	0.006485
512	9650	164	2689	147724	0.563522	0.622944	0.002567
512	9650	165	3595	125899	0.480267	0.561367	0.002121
512	9650	166	3516	119219	0.454784	0.533127	0.000866
512	9650	167	3864	114986	0.438637	0.530602	0.006805
512	9650	168	2127	172154	0.656715	0.702229	0.000916
512	9650	169	3056	139516	0.532211	0.602139	0.003845
512	9650	170	3030	138967	0.530117	0.599918	0.002678
512	9650	171	2960	120053	0.457966	0.590630	0.035583
512	9650	172	2666	152213	0.580647	0.642448	0.001068
512	9650	173	1808	180168	0.687286	0.727020	0.001530
512	9650	174	3686	116157	0.443104	0.533985	0.443104
512	9650	175	3609	115841	0.441898	0.543915	0.010563
512	9650	176	3281	129327	0.493343	0.571262	0.006233
512	9650	177	3227	132171	0.504192	0.583607	0.009365
512	9650	178	3237	129338	0.493385	0.590939	0.020824
512	9650	179	2693	149472	0.570190	0.630249	0.000996
512	9650	180	3219	132059	0.503765	0.578770	0.002064
512	9650	181	2655	148846	0.567802	0.627102	0.001312
512	9650	182	2801	143346	0.546822	0.606392	0.000858
512	9650	183	3634	118140	0.450668	0.541039	0.005497
512	9650	184	3197	134100	0.511551	0.584797	0.001213
512	9650	185	3282	127530	0.486488	0.581352	0.014923
512	9650	186	3474	128553	0.490391	0.575081	0.006023
512	9650	187	4698	62574	0.238701	0.442116	0.065269
512	9650	188	3557	116783	0.445492	0.547951	0.018562
512	9650	189	3237	121738	0.464394	0.565468	0.015926
512	9650	190	3232	124368	0.474426	0.584938	0.021896
512	9650	191	3117	135736	0.517792	0.585098	0.001122
512	9650	192	2779	135774	0.517937	0.609570	0.028503
512	9650	193	3431	130226	0.496773	0.583076	0.005138
512	9650	194	3587	120717	0.460499	0.548798	0.004200
512	9650	195	3711	112502	0.429161	0.514324	0.001511
512	9650	196	3671	119878	0.457298	0.555073	0.007027
512	9650	197	2615	149488	0.570251	0.623451	0.000462
512	9650	198	3270	127108	0.484879	0.577808	0.015381
512	9650	199	2978	142449	0.543400	0.611580	0.001698
512	9650	200	3615	123909	0.472675	0.550625	0.001942
512	9650	201	3950	105922	0.404060	0.524204	0.020187
512	9650	202	3931	109233	0.416691	0.517715	0.005463
512	9650	203	2376	157942	0.602501	0.653862	0.000443
512	9650	204	3990	109421	0.417408	0.510792	0.004585
512	9650	205	3786	75586	0.288338	0.533073	0.288338
512	9650	206	2875	138140	0.526962	0.597263	0.001751
512	9650	207	2234	160657	0.612858	0.663124	0.000687
512	9650	208	2985	138854	0.529686	0.619522	0.011356
512	9650	209	2887	131153	0.500309	0.611893	0.039574
512	9650	210	3333	122417	0.466984	0.586124	0.037834
512	9650	211	2610	150991	0.575985	0.632111	0.000534
512	9650	212	4442	98126	0.374321	0.482132	0.004833
512	9650	213	3296	132014	0.503593	0.583565	0.001762
512	9650	214	3220	133720	0.510101	0.588509	0.007278
512	9650	215	2810	129309	0.493275	0.619701	0.061874
512	9650	216	3531	125813	0.479939	0.554829	0.001022
512	9650	217	2562	152436	0.581497	0.639469	0.001175
512	9650	218	3510	125702	0.479515	0.559555	0.001354
512	9650	219	3889	119509	0.455891	0.549042	0.001915
512	9650	220	3974	106167	0.404995	0.514465	0.008698
512	9650	221	2669	153373	0.585072	0.653934	0.003464
512	9650	222	3152	139870	0.533562	0.611584	0.004482
512	9650	223	3593	122823	0.468533	0.562672	0.007507
512	9650	224	2668	152954	0.583473	0.642693	0.000618
512	9650	225	2573	151584	0.578247	0.633533	0.001320
512	9650	226	2596	154375	0.588894	0.655479	0.004585
512	9650	227	3175	133821	0.510487	0.585846	0.001102
512	9650	228	2737	146956	0.560593	0.617790	0.000595
512	9650	229	2645	145595	0.555401	0.637268	0.017349
512	9650	230	3164	137210	0.523415	0.608063	0.012756
512	9650	231	2618	150098	0.572578	0.628868	0.000816
512	9650	232	3114	134706	0.513863	0.584290	0.000957
512	9650	233	3308	136369	0.520206	0.601875	0.002060
512	9650	234	2504	152332	0.581100	0.634384	0.000576
512	9650	235	2690	149648	0.570862	0.629169	0.000900
512	9650	236	2751	138060	0.526657	0.625771	0.032280
512	9650	237	3038	140307	0.535229	0.600842	0.002670
512	9650	238	2885	144130	0.549812	0.615986	0.000786
512	9650	239	3993	111019	0.423504	0.527576	0.004601
512	9650	240	2923	140659	0.536572	0.609913	0.002041
512	9650	241	2496	151612	0.578354	0.638287	0.003998
512	9650	242	3349	129695	0.494747	0.569820	0.000698
512	9650	243	3436	122836	0.468582	0.557972	0.011215
512	9650	244	2709	140064	0.534302	0.612759	0.019123
512	9650	245	2580	151723	0.578777	0.633007	0.000580
512	9650	246	2470	154405	0.589008	0.651104	0.002796
512	9650	247	3110	132139	0.504070	0.585323	0.008602
512	9650	248	3716	117737	0.449131	0.534008	0.000938
512	9650	249	3228	130680	0.498505	0.575714	0.003696
512	9650	250	2630	153774	0.586601	0.651348	0.002010
512	9650	251	3764	104336	0.398010	0.529980	0.044834
512	9650	252	3347	125926	0.480370	0.564606	0.005295
512	9650	253	2834	141963	0.541546	0.601089	0.001537
512	9650	254	2987	140752	0.536926	0.603237	0.001038
512	9650	255	2579	152766	0.582756	0.639969	0.000771
512	9650	256	3472	126016	0.480713	0.566422	0.002842
512	9650	257	3612	117622	0.448692	0.536945	0.002869
512	9650	258	3318	124686	0.475639	0.581673	0.026295
512	9650	259	3127	133394	0.508858	0.595600	0.003059
512	9650	260	3279	127396	0.485977	0.566483	0.002728
512	9650	261	3267	129516	0.494064	0.568748	0.000706
512	9650	262	3663	115332	0.439957	0.535595	0.006413
512	9650	263	2653	150506	0.574135	0.648842	0.007507
512	9650	264	2949	141529	0.539890	0.607136	0.001945
512	9650	265	2958	142290	0.542793	0.610443	0.001728
512	9650	266	3820	40779	0.155560	0.503178	0.155560
512	9650	267	3118	134607	0.513485	0.579559	0.000587
512	9650	268	3557	121028	0.461685	0.540104	0.001110
512	9650	269	3644	122013	0.465443	0.555683	0.003651
512	9650	270	3072	136153	0.519382	0.596741	0.004234
512	9650	271	2957	136367	0.520199	0.597729	0.010693
512	9650	272	2991	141286	0.538963	0.602062	0.000675
512	9650	273	2370	159460	0.608292	0.664360	0.001167
512	9650	274	3128	133654	0.509850	0.574787	0.000698
512	9650	275	2704	151010	0.576057	0.634277	0.001472
512	9650	276	3176	136216	0.519623	0.595619	0.006771
512	9650	277	3907	104120	0.397186	0.515564	0.019245
512	9650	278	3408	122492	0.467270	0.544300	0.003666
512	9650	279	2565	156606	0.597404	0.651920	0.000565
512	9650	280	3374	124051	0.473217	0.565353	0.014915
512	9650	281	3202	130662	0.498436	0.592369	0.009361
512	9650	282	3264	134553	0.513279	0.582039	0.000935
512	9650	283	2613	153240	0.584564	0.641369	0.002102
512	9650	284	2920	140406	0.535606	0.601685	0.000889
512	9650	285	3449	125142	0.477379	0.556892	0.001465
512	9650	286	1818	178341	0.680317	0.714500	0.000481
512	9650	287	2632	151767	0.578945	0.639668	0.002815
512	9650	288	2148	162869	0.621296	0.670658	0.000549
512	9650	289	4000	110890	0.423012	0.530209	0.005001
512	9650	290	3078	138774	0.529381	0.600334	0.001579
512	9650	291	2520	149222	0.569237	0.623463	0.000427
512	9650	292	2947	142204	0.542465	0.609772	0.001614
512	9650	293	2867	135113	0.515415	0.600620	0.023685
512	9650	294	3840	99763	0.380566	0.528915	0.038532
512	9650	295	3628	122865	0.468693	0.556339	0.004448
512	9650	296	3573	116033	0.442631	0.546562	0.017349
512	9650	297	3302	128151	0.488857	0.583996	0.016251
512	9650	298	2910	143209	0.546299	0.606976	0.000397
512	9650	299	2146	163429	0.623432	0.671429	0.001434
512	9650	300	3906	84344	0.321747	0.529922	0.321747
512	9650	301	3124	139191	0.530972	0.606960	0.002419
512	9650	302	2769	131441	0.501408	0.604710	0.043777
512	9650	303	3016	135451	0.516705	0.586632	0.007259
512	9650	304	3863	107537	0.410221	0.523033	0.015934
512	9650	305	4151	96528	0.368225	0.508739	0.026600
512	9650	306	2967	145286	0.554222	0.619892	0.000828
512	9650	307	2144	169609	0.647007	0.688919	0.000374
512	9650	308	2659	148606	0.566887	0.634850	0.005833
512	9650	309	2832	142664	0.544220	0.606567	0.003277
512	9650	310	4064	95946	0.366005	0.494125	0.028355
512	9650	311	3472	117489	0.448185	0.543800	0.448185
512	9650	312	2868	132476	0.505356	0.602421	0.033096
512	9650	313	3148	131822	0.502861	0.576103	0.005066
512	9650	314	2771	152261	0.580830	0.647633	0.001083
512	9650	315	3171	138818	0.529549	0.611626	0.004181
512	9650	316	2710	148886	0.567955	0.633003	0.007553
512	9650	317	2306	163244	0.622726	0.674564	0.000916
512	9650	318	3142	134848	0.514404	0.581554	0.000683
512	9650	319	3009	136729	0.521580	0.587700	0.004047
512	9650	320	3411	130521	0.497898	0.573708	0.000858
512	9650	321	3703	104271	0.397762	0.537426	0.040398
512	9650	322	2818	140223	0.534908	0.607826	0.006664
512	9650	323	3613	120156	0.458359	0.541225	0.000896
512	9650	324	3300	125564	0.478989	0.556202	0.002930
512	9650	325	2840	141142	0.538414	0.609684	0.007050
512	9650	326	2901	143707	0.548199	0.609829	0.000751
512	9650	327	3101	136902	0.522240	0.593346	0.002369
512	9650	328	3896	111766	0.426353	0.526791	0.011715
512	9650	329	2364	157388	0.600388	0.654491	0.003765
512	9650	330	2484	155344	0.592590	0.647655	0.000652
512	9650	331	3303	126254	0.481621	0.573303	0.012947
512	9650	332	4211	65827	0.251110	0.505001	0.251110
512	9650	333	2573	155498	0.593178	0.649597	0.000774
512	9650	334	3066	117962	0.449989	0.605976	0.050449
512	9650	335	3557	121345	0.462894	0.536472	0.000874
512	9650	336	3456	127246	0.485405	0.570370	0.009007
512	9650	337	3629	120069	0.458027	0.569450	0.018986
512	9650	338	2987	136202	0.519569	0.587875	0.001598
512	9650	339	3463	125341	0.478138	0.579052	0.016487
512	9650	340	3515	126370	0.482063	0.556404	0.001900
512	9650	341	3526	125882	0.480202	0.560738	0.002975
512	9650	342	2826	148789	0.567585	0.637608	0.007187
512	9650	343	3179	139632	0.532654	0.604744	0.000908
512	9650	344	3683	114537	0.436924	0.538315	0.020962
512	9650	345	3349	127648	0.486938	0.560574	0.001274
512	9650	346	3601	107425	0.409794	0.542168	0.040146
512	9650	347	3209	131413	0.501301	0.570385	0.000561
512	9650	348	3419	127929	0.488010	0.565308	0.001114
512	9650	349	1782	175807	0.670650	0.709576	0.001064
512	9650	350	2663	149787	0.571392	0.627487	0.000523
512	9650	351	3203	135052	0.515182	0.591053	0.001583
512	9650	352	3660	121781	0.464558	0.557781	0.002975
512	9650	353	3435	125324	0.478073	0.554672	0.003429
512	9650	354	3802	116937	0.446079	0.536110	0.003922
512	9650	355	3668	114742	0.437706	0.537357	0.006390
512	9650	356	2697	150701	0.574879	0.634224	0.001106
512	9650	357	3982	111043	0.423595	0.519520	0.007324
512	9650	358	3478	128602	0.490578	0.568928	0.004353
512	9650	359	2778	144532	0.551346	0.614494	0.000763
512	9650	360	2577	149218	0.569221	0.621403	0.000519
512	9650	361	3802	113973	0.434772	0.543175	0.008987
512	9650	362	3890	103480	0.394745	0.516842	0.035519
512	9650	363	2616	144902	0.552757	0.626270	0.013786
512	9650	364	3864	100303	0.382626	0.487259	0.011860
512	9650	365	2947	129248	0.493042	0.595375	0.036312
512	9650	366	3127	136023	0.518887	0.586483	0.001186
512	9650	367	3140	136523	0.520794	0.592567	0.000671
512	9650	368	3610	121864	0.464874	0.565567	0.009834
512	9650	369	3348	130264	0.496918	0.583553	0.011627
512	9650	370	3312	131903	0.503170	0.581856	0.001175
512	9650	371	3600	126289	0.481754	0.578522	0.004063
512	9650	372	3043	134078	0.511467	0.596424	0.015881
512	9650	373	3621	122227	0.466259	0.549973	0.001862
512	9650	374	2568	159749	0.609394	0.669945	0.000919
512	9650	375	4346	93480	0.356598	0.483475	0.022976
512	9650	376	3823	115846	0.441917	0.522789	0.001087
512	9650	377	3364	125058	0.477058	0.553730	0.001751
512	9650	378	3086	147130	0.561256	0.630390	0.001259
512	9650	379	3511	124099	0.473400	0.553852	0.001110
512	9650	380	2452	157846	0.602135	0.660526	0.000984
512	9650	381	3463	122137	0.465916	0.564037	0.018173
512	9650	382	2672	153817	0.586765	0.649109	0.001881
512	9650	383	3357	125443	0.478527	0.560471	0.005310
512	9650	384	3370	123040	0.469360	0.572571	0.026356
512	9650	385	2914	138340	0.527725	0.588161	0.000706
512	9650	386	3615	119579	0.456158	0.535469	0.001163
512	9650	387	3529	123828	0.472366	0.552456	0.001400
512	9650	388	3119	133835	0.510540	0.586594	0.009350
512	9650	389	3581	111678	0.426018	0.548210	0.036831
512	9650	390	2749	141768	0.540802	0.634674	0.031193
512	9650	391	2624	149904	0.571838	0.630890	0.000683
512	9650	392	2634	149917	0.571888	0.638462	0.005951
512	9650	393	2899	146893	0.560352	0.625351	0.000626
512	9650	394	3181	133859	0.510632	0.583214	0.001026
512	9650	395	3619	127052	0.484665	0.570026	0.002235
512	9650	396	2592	150645	0.574665	0.633507	0.003433
512	9650	397	2432	155446	0.592979	0.643864	0.000626
512	9650	398	2420	156678	0.597679	0.645546	0.000603
512	9650	399	2638	149864	0.571686	0.640205	0.012608
512	9650	400	2978	122662	0.467918	0.578213	0.046021
512	9650	401	3501	124709	0.475727	0.561111	0.008949
512	9650	402	2868	138850	0.529671	0.592155	0.001068
512	9650	403	3376	121605	0.463886	0.553856	0.007088
512	9650	404	2950	143922	0.549019	0.616409	0.001320
512	9650	405	2918	140386	0.535530	0.602997	0.000980
512	9650	406	2916	140824	0.537201	0.607052	0.008263
512	9650	407	2761	147521	0.562748	0.623066	0.002182
512	9650	408	2442	155827	0.594433	0.644440	0.000439
512	9650	409	3095	127147	0.485027	0.558952	0.004303
512	9650	410	3905	111282	0.424507	0.518486	0.009781
512	9650	411	3194	127978	0.488197	0.569893	0.005474
512	9650	412	3314	131050	0.499916	0.576054	0.002357
512	9650	413	3660	114158	0.435478	0.526211	0.011730
512	9650	414	3718	107398	0.409691	0.538773	0.040810
512	9650	415	3163	134891	0.514568	0.589039	0.001881
512	9650	416	3644	120820	0.460892	0.547665	0.001839
512	9650	417	3989	63088	0.240662	0.519043	0.240662
512	9650	418	3092	140064	0.534302	0.611286	0.004272
512	9650	419	3050	135130	0.515480	0.589664	0.008942
512	9650	420	3307	130295	0.497036	0.588017	0.009499
512	9650	421	3796	110019	0.419689	0.508076	0.008133
512	9650	422	4215	64833	0.247318	0.490402	0.247318
512	9650	423	2128	163543	0.623867	0.667965	0.000843
512	9650	424	4365	62989	0.240284	0.490471	0.240284
512	9650	425	3049	125965	0.480518	0.558445	0.007198
512	9650	426	3018	135138	0.515511	0.578533	0.000607
512	9650	427	4157	75438	0.287773	0.507111	0.287773
512	9650	428	3089	135679	0.517574	0.599773	0.012939
512	9650	429	3159	131141	0.500263	0.577473	0.004662
512	9650	430	3027	141696	0.540527	0.604725	0.002178
512	9650	431	4179	97893	0.373432	0.510704	0.026608
512	9650	432	3352	127170	0.485115	0.562763	0.000870
512	9650	433	3174	137010	0.522652	0.595139	0.000694
512	9650	434	4769	35641	0.135960	0.458256	0.135960
512	9650	435	3080	140374	0.535484	0.598873	0.000458
512	9650	436	2540	153723	0.586407	0.643982	0.000984
512	9650	437	3920	110656	0.422119	0.511063	0.001080
512	9650	438	2426	152096	0.580200	0.642143	0.006325
512	9650	439	3152	132420	0.505142	0.585217	0.008598
512	9650	440	3968	97238	0.370934	0.498070	0.023403
512	9650	441	2721	148125	0.565052	0.631516	0.004704
512	9650	442	2929	143360	0.546875	0.614578	0.000755
512	9650	443	3446	123508	0.471146	0.554581	0.006180
512	9650	444	2789	145062	0.553368	0.616745	0.001144
512	9650	445	3641	114370	0.436287	0.530876	0.009647
512	9650	446	2331	159947	0.610149	0.679943	0.019028
512	9650	447	2529	154605	0.589771	0.645824	0.000942
512	9650	448	3160	129493	0.493977	0.595898	0.019421
512	9650	449	3611	113348	0.432388	0.542847	0.034603
512	9650	450	4145	92916	0.354446	0.504200	0.054504
512	9650	451	3275	132586	0.505775	0.585415	0.004189
512	9650	452	3903	110329	0.420872	0.515411	0.004623
512	9650	453	3626	113598	0.433342	0.513489	0.001522
512	9650	454	2807	139676	0.532822	0.592014	0.000675
512	9650	455	3138	133695	0.510006	0.586876	0.006130
512	9650	456	3461	123239	0.470119	0.555775	0.010254
512	9650	457	2987	139504	0.532166	0.595894	0.001335
512	9650	458	3557	122564	0.467545	0.551342	0.002270
512	9650	459	3134	132120	0.503998	0.577675	0.002132
512	9650	460	2998	137660	0.525131	0.595444	0.003353
512	9650	461	3223	132345	0.504856	0.594929	0.013222
512	9650	462	3292	132722	0.506294	0.584553	0.001717
512	9650	463	3523	125646	0.479301	0.560524	0.005161
512	9650	464	2928	138765	0.529346	0.603851	0.007141
512	9650	465	3813	107714	0.410896	0.524837	0.019379
512	9650	466	2615	151425	0.577641	0.637054	0.001633
512	9650	467	2364	155020	0.591354	0.649353	0.003609
512	9650	468	3727	58993	0.225040	0.520695	0.225040
512	9650	469	3561	121372	0.462997	0.544228	0.001068
512	9650	470	2964	137774	0.525566	0.594658	0.001137
512	9650	471	3112	142044	0.541855	0.614021	0.001282
512	9650	472	3162	111741	0.426258	0.594425	0.097553
512	9650	473	3286	124948	0.476639	0.560188	0.006855
512	9650	474	4067	102406	0.390648	0.499966	0.009678
512	9650	475	2593	148276	0.565628	0.618217	0.000439
512	9650	476	3787	118431	0.451778	0.535950	0.000866
512	9650	477	2920	138902	0.529869	0.596462	0.001122
512	9650	478	2399	156019	0.595165	0.649616	0.000916
512	9650	479	3244	129442	0.493782	0.570965	0.003601
512	9650	480	2843	144115	0.549755	0.611603	0.001011
512	9650	481	1723	180674	0.689217	0.728100	0.000599
512	9650	482	2502	153849	0.586887	0.640404	0.000393
512	9650	483	2850	114813	0.437977	0.606865	0.099575
512	9650	484	2629	150771	0.575146	0.628864	0.000893
512	9650	485	2476	159430	0.608177	0.661392	0.000702
512	9650	486	3041	141832	0.541046	0.616676	0.005562
512	9650	487	3602	106467	0.406139	0.557610	0.049843
512	9650	488	2342	162814	0.621086	0.672234	0.000771
512	9650	489	3459	127624	0.486847	0.569157	0.003799
512	9650	490	3243	132748	0.506393	0.576370	0.002865
512	9650	491	3138	135910	0.518456	0.588688	0.001003
512	9650	492	2847	139908	0.533707	0.609142	0.008343
512	9650	493	3396	123937	0.472782	0.558064	0.007782
512	9650	494	2641	149952	0.572021	0.629784	0.001007
512	9650	495	3575	123446	0.470909	0.548748	0.000603
512	9650	496	3076	135416	0.516571	0.603626	0.019039
512	9650	497	3581	124283	0.474102	0.554745	0.001507
512	9650	498	3375	127457	0.486210	0.559452	0.000542
512	9650	499	3627	114676	0.437454	0.533092	0.008202
512	9650	500	3330	120869	0.461079	0.556149	0.020687
512	9650	501	3293	126749	0.483509	0.561550	0.001217
512	9650	502	3589	81352	0.310333	0.544090	0.153023
512	9650	503	3081	139856	0.533508	0.612034	0.001953
512	9650	504	3755	108689	0.414616	0.534698	0.012260
512	9650	505	2834	147210	0.561562	0.620892	0.000420
512	9650	506	3084	135705	0.517673	0.589428	0.000992
512	9650	507	3174	138585	0.528660	0.602116	0.005451
512	9650	508	3358	132128	0.504028	0.594612	0.012123
512	9650	509	4420	49150	0.187492	0.467468	0.187492
512	9650	510	3123	141476	0.539688	0.614792	0.001640
512	9650	511	3953	105893	0.403950	0.512096	0.007164
512	9650	512	4297	96981	0.369953	0.469929	0.003445
512	9650	513	3589	122129	0.465885	0.558586	0.004986
512	9650	514	3277	123045	0.469379	0.562355	0.013920
512	9650	515	3517	119573	0.456135	0.541656	0.002365
512	9650	516	3240	129706	0.494789	0.570122	0.001934
512	9650	517	2766	143443	0.547192	0.606613	0.000530
512	9650	518	2875	143279	0.546566	0.606689	0.000580
512	9650	519	3687	121094	0.461937	0.548721	0.002636
512	9650	520	2944	141684	0.540482	0.612709	0.004784
512	9650	521	3358	112679	0.429836	0.561615	0.040226
512	9650	522	2994	131239	0.500637	0.583290	0.022007
512	9650	523	2674	152775	0.582790	0.646282	0.003773
512	9650	524	3612	122185	0.466099	0.550262	0.001781
512	9650	525	3314	131613	0.502064	0.573406	0.001289
512	9650	526	3214	133815	0.510464	0.577774	0.001110
512	9650	527	3823	95687	0.365017	0.526653	0.055962
512	9650	528	2756	144659	0.551830	0.612389	0.001228
512	9650	529	3447	124823	0.476162	0.569244	0.012497
512	9650	530	3555	119829	0.457111	0.551765	0.010761
512	9650	531	3511	127790	0.487480	0.564339	0.001247
512	9650	532	3266	131785	0.502720	0.572033	0.000484
512	9650	533	4086	106044	0.404526	0.523266	0.404526
512	9650	534	3776	109763	0.418713	0.549911	0.042271
512	9650	535	4047	103562	0.395058	0.525532	0.017853
512	9650	536	2472	152064	0.580078	0.639793	0.001743
512	9650	537	3565	116253	0.443470	0.524704	0.002552
512	9650	538	3700	110531	0.421642	0.547672	0.015327
512	9650	539	3269	118746	0.452980	0.563789	0.034412
512	9650	540	3174	134630	0.513573	0.586887	0.000862
512	9650	541	2451	152990	0.583611	0.639343	0.000904
512	9650	542	2399	158343	0.604031	0.654808	0.000908
512	9650	543	3520	127507	0.486401	0.582523	0.017906
512	9650	544	3628	115877	0.442036	0.557186	0.024174
512	9650	545	2608	147943	0.564358	0.617393	0.000572
512	9650	546	2639	150730	0.574989	0.639118	0.001163
512	9650	547	3452	123848	0.472443	0.559135	0.008739
512	9650	548	3193	135956	0.518631	0.594028	0.001904
512	9650	549	3486	122446	0.467094	0.552971	0.009819
512	9650	550	3337	106444	0.406052	0.568501	0.062309
512	9650	551	3070	135673	0.517551	0.598305	0.010178
512	9650	552	2938	141610	0.540199	0.605930	0.001915
512	9650	553	3332	121525	0.463581	0.564079	0.009384
512	9650	554	2868	136898	0.522224	0.594849	0.008423
512	9650	555	2791	146536	0.558990	0.620750	0.000713
512	9650	556	3993	112702	0.429924	0.530949	0.007469
512	9650	557	3305	131675	0.502300	0.575726	0.000893
512	9650	558	3310	129553	0.494205	0.568539	0.003662
512	9650	559	3859	105973	0.404255	0.509792	0.008492
512	9650	560	3408	124929	0.476566	0.570824	0.013527
512	9650	561	2833	141394	0.539375	0.631016	0.020931
512	9650	562	2701	144743	0.552151	0.613510	0.000927
512	9650	563	3722	119736	0.456757	0.540867	0.000904
512	9650	564	3370	125496	0.478729	0.562435	0.004890
512	9650	565	3483	72847	0.277889	0.566673	0.198746
512	9650	566	2853	142215	0.542507	0.606113	0.001328
512	9650	567	3197	133629	0.509754	0.585712	0.000893
512	9650	568	2544	150481	0.574039	0.629387	0.001522
512	9650	569	2895	138955	0.530071	0.591560	0.000500
512	9650	570	4081	89869	0.342823	0.504482	0.026642
512	9650	571	3053	133221	0.508198	0.575108	0.000546
512	9650	572	3174	133067	0.507610	0.577168	0.000652
512	9650	573	2494	155069	0.591541	0.645393	0.000652
512	9650	574	2699	146868	0.560257	0.625317	0.001122
512	9650	575	3522	121374	0.463005	0.553223	0.003315
512	9650	576	3245	132736	0.506348	0.588570	0.004986
512	9650	577	3157	138049	0.526615	0.602039	0.002121
512	9650	578	3467	123319	0.470425	0.564594	0.010853
512	9650	579	3734	116572	0.444687	0.543877	0.006821
512	9650	580	3736	113208	0.431854	0.547470	0.015583
512	9650	581	2998	138047	0.526608	0.592625	0.000805
512	9650	582	2656	148075	0.564861	0.623283	0.000866
512	9650	583	3847	100647	0.383938	0.541084	0.040222
512	9650	584	3284	130873	0.499241	0.588970	0.007778
512	9650	585	3925	104629	0.399128	0.550369	0.037270
512	9650	586	3709	119490	0.455818	0.540241	0.001568
512	9650	587	3414	127857	0.487736	0.569618	0.010681
512	9650	588	3203	135423	0.516598	0.581387	0.000645
512	9650	589	3563	119324	0.455185	0.532154	0.000858
512	9650	590	3733	104673	0.399296	0.494503	0.015911
512	9650	591	3441	127165	0.485096	0.569122	0.002541
512	9650	592	3284	135256	0.515961	0.589043	0.000942
512	9650	593	3657	118032	0.450256	0.528061	0.000721
512	9650	594	3171	129529	0.494114	0.578617	0.005539
512	9650	595	3152	138072	0.526703	0.597366	0.003006
512	9650	596	4026	106209	0.405155	0.509384	0.004940
512	9650	597	2986	143800	0.548553	0.621540	0.004627
512	9650	598	2232	164447	0.627316	0.675880	0.001087
512	9650	599	3196	135382	0.516441	0.586155	0.000816
512	9650	600	3674	63703	0.243008	0.527672	0.168694
512	9650	601	3646	126321	0.481876	0.561256	0.001003
512	9650	602	3520	125640	0.479279	0.555515	0.000740
512	9650	603	3860	54895	0.209408	0.517673	0.209408
512	9650	604	3443	126053	0.480854	0.558632	0.001030
512	9650	605	3258	126794	0.483681	0.570004	0.003311
512	9650	606	3243	133221	0.508198	0.594795	0.014736
512	9650	607	3715	116140	0.443039	0.545238	0.010574
512	9650	608	3061	139335	0.531521	0.601414	0.001179
512	9650	609	3199	136043	0.518963	0.588966	0.001114
512	9650	610	3327	130038	0.496056	0.581516	0.009113
512	9650	611	3225	134426	0.512794	0.584980	0.002419
512	9650	612	3568	125046	0.477013	0.560642	0.000988
512	9650	613	3706	115155	0.439281	0.523285	0.000786
512	9650	614	2802	145286	0.554222	0.611473	0.000408
512	9650	615	3405	131143	0.500271	0.572578	0.000542
512	9650	616	2924	139745	0.533085	0.596619	0.001774
512	9650	617	2665	148279	0.565639	0.643581	0.007908
512	9650	618	3396	129488	0.493958	0.568958	0.001392
512	9650	619	3912	120138	0.458290	0.557117	0.004807
512	9650	620	3231	130177	0.496586	0.577244	0.004185
512	9650	621	3560	95449	0.364109	0.540504	0.096664
512	9650	622	3798	121050	0.461769	0.560612	0.007038
512	9650	623	3107	140260	0.535049	0.604782	0.000702
512	9650	624	3240	131497	0.501621	0.571083	0.000706
512	9650	625	2923	141092	0.538223	0.601624	0.000759
512	9650	626	3272	137453	0.524342	0.600666	0.004116
512	9650	627	3371	126024	0.480743	0.565693	0.003128
512	9650	628	3739	118333	0.451405	0.543591	0.001411
512	9650	629	2637	148650	0.567055	0.634861	0.006470
512	9650	630	3453	130583	0.498135	0.592983	0.005959
512	9650	631	3958	108988	0.415756	0.529968	0.015785
512	9650	632	2640	152539	0.581890	0.638184	0.001045
512	9650	633	4159	106002	0.404366	0.522026	0.014954
512	9650	634	2889	143653	0.547993	0.613518	0.003193
512	9650	635	2499	154761	0.590366	0.655338	0.007164
512	9650	636	2485	151252	0.576981	0.632687	0.001308
512	9650	637	3372	127631	0.486874	0.569115	0.003193
512	9650	638	3858	100745	0.384312	0.493198	0.022587
512	9650	639	2882	139089	0.530582	0.599106	0.000755
512	9650	640	2710	144430	0.550957	0.607861	0.001186
512	9650	641	3483	107130	0.408669	0.560558	0.042877
512	9650	642	4007	96622	0.368584	0.519493	0.026211
512	9650	643	3156	119428	0.455582	0.569351	0.036686
512	9650	644	3230	131705	0.502415	0.575783	0.001080
512	9650	645	4389	69231	0.264095	0.475464	0.046951
512	9650	646	2647	149417	0.569981	0.637756	0.006405
512	9650	647	3714	118791	0.453152	0.547832	0.012966
512	9650	648	2951	142749	0.544544	0.608524	0.000580
512	9650	649	2517	158565	0.604877	0.660236	0.002529
512	9650	650	3555	123082	0.469521	0.553143	0.004959
512	9650	651	3602	121449	0.463291	0.549175	0.005844
512	9650	652	2921	140694	0.536705	0.603992	0.001236
512	9650	653	3043	129033	0.492222	0.577347	0.014557
512	9650	654	2943	145556	0.555252	0.621910	0.000732
512	9650	655	3218	129468	0.493881	0.573215	0.008175
512	9650	656	3455	127114	0.484901	0.569885	0.004440
512	9650	657	3420	120240	0.458679	0.560452	0.025185
512	9650	658	2565	161784	0.617157	0.674404	0.000961
512	9650	659	3798	114761	0.437778	0.535000	0.006252
512	9650	660	3155	137495	0.524502	0.591370	0.001259
512	9650	661	4211	101665	0.387821	0.507198	0.011391
512	9650	662	2988	138584	0.528656	0.596642	0.001961
512	9650	663	3271	132108	0.503952	0.574860	0.000553
512	9650	664	3215	132679	0.506130	0.575695	0.000584
512	9650	665	2596	153075	0.583935	0.643314	0.000938
512	9650	666	2893	137803	0.525677	0.585026	0.001369
512	9650	667	3482	128824	0.491425	0.565331	0.001003
512	9650	668	3357	125076	0.477127	0.557678	0.001076
512	9650	669	3037	136280	0.519867	0.594761	0.010078
512	9650	670	3220	136501	0.520710	0.596344	0.001331
512	9650	671	3147	136318	0.520012	0.592762	0.001183
512	9650	672	3443	115908	0.442154	0.553898	0.019855
512	9650	673	3300	132123	0.504009	0.582409	0.002728
512	9650	674	3636	98275	0.374889	0.542618	0.083012
512	9650	675	3236	134943	0.514767	0.585693	0.000755
512	9650	676	3518	121026	0.461678	0.563766	0.007984
512	9650	677	3323	133099	0.507732	0.594963	0.012856
512	9650	678	2859	145524	0.555130	0.616405	0.000671
512	9650	679	2742	148288	0.565674	0.631973	0.001537
512	9650	680	3157	130248	0.496857	0.566544	0.002117
512	9650	681	3386	108608	0.414307	0.567474	0.063400
512	9650	682	2680	143629	0.547901	0.606583	0.000717
512	9650	683	3404	125630	0.479240	0.553978	0.002258
512	9650	684	3157	131545	0.501804	0.579388	0.013302
512	9650	685	3679	122529	0.467411	0.556232	0.004734
512	9650	686	2734	143189	0.546223	0.608875	0.000999
512	9650	687	3442	118125	0.450611	0.533848	0.003307
512	9650	688	2334	163199	0.622555	0.674129	0.000603
512	9650	689	2770	148284	0.565659	0.626225	0.000858
512	9650	690	3112	138456	0.528168	0.597820	0.000977
512	9650	691	4107	65649	0.250431	0.501423	0.250431
512	9650	692	3593	114924	0.438400	0.553242	0.016430
512	9650	693	2147	165933	0.632984	0.675327	0.000317
512	9650	694	3442	82064	0.313049	0.541908	0.079014
512	9650	695	3446	120652	0.460251	0.547894	0.015530
512	9650	696	3220	134481	0.513004	0.582748	0.000866
512	9650	697	3179	134860	0.514450	0.590950	0.003487
512	9650	698	3025	136258	0.519783	0.599243	0.007164
512	9650	699	3377	129516	0.494064	0.575390	0.002056
512	9650	700	2340	160936	0.613922	0.659645	0.000488
512	9650	701	3009	141797	0.540913	0.605030	0.000759
512	9650	702	3065	140636	0.536484	0.604790	0.000500
512	9650	703	2776	140867	0.537365	0.609093	0.007580
512	9650	704	3812	112739	0.430065	0.545807	0.017200
512	9650	705	2303	164727	0.628384	0.676926	0.001198
512	9650	706	2440	149991	0.572170	0.644024	0.020100
512	9650	707	3076	136734	0.521599	0.589249	0.001720
512	9650	708	3088	131460	0.501480	0.572983	0.002087
512	9650	709	2889	138342	0.527733	0.596344	0.002079
512	9650	710	3653	114141	0.435413	0.544605	0.024033
512	9650	711	3172	128803	0.491344	0.587685	0.015255
512	9650	712	3491	126167	0.481289	0.560486	0.001247
512	9650	713	3125	141473	0.539677	0.612236	0.001667
512	9650	714	3093	136273	0.519840	0.588566	0.000687
512	9650	715	3107	134837	0.514362	0.584618	0.001137
512	9650	716	3095	136420	0.520401	0.592152	0.000900
512	9650	717	3176	129249	0.493046	0.563610	0.000668
512	9650	718	3079	140501	0.535969	0.598942	0.000538
512	9650	719	2713	151115	0.576458	0.639606	0.001080
512	9650	720	3742	119007	0.453976	0.552288	0.005596
512	9650	721	2706	146563	0.559093	0.619343	0.001259
512	9650	722	3423	128925	0.491810	0.571930	0.001724
512	9650	723	2831	130578	0.498116	0.591125	0.027740
512	9650	724	2621	146457	0.558689	0.623100	0.007339
512	9650	725	2823	147824	0.563904	0.630058	0.001820
512	9650	726	2708	148443	0.566265	0.624222	0.000675
512	9650	727	3210	139574	0.532433	0.604965	0.000572
512	9650	728	3778	102012	0.389145	0.517303	0.030437
512	9650	729	3486	125656	0.479340	0.554920	0.003986
512	9650	730	3011	141022	0.537956	0.617107	0.005390
512	9650	731	3389	123642	0.471657	0.570732	0.009140
512	9650	732	3478	124340	0.474319	0.570019	0.012932
512	9650	733	2971	144426	0.550941	0.627453	0.005245
512	9650	734	3683	123714	0.471931	0.558506	0.001965
512	9650	735	2055	167004	0.637070	0.682140	0.001453
512	9650	736	3279	131051	0.499920	0.580143	0.003628
512	9650	737	2924	142889	0.545078	0.608852	0.001179
512	9650	738	3465	121290	0.462685	0.557819	0.015427
512	9650	739	2556	152043	0.579998	0.645493	0.001949
512	9650	740	2833	150580	0.574417	0.636551	0.001392
512	9650	741	3831	113022	0.431145	0.517086	0.000927
512	9650	742	2466	157713	0.601627	0.653366	0.000557
512	9650	743	2915	145094	0.553490	0.615425	0.000603
512	9650	744	3049	134852	0.514420	0.591595	0.004242
512	9650	745	2634	151053	0.576221	0.634933	0.000965
512	9650	746	3547	120832	0.460938	0.548717	0.004551
512	9650	747	3188	135613	0.517323	0.595058	0.001305
512	9650	748	3457	119565	0.456104	0.564701	0.024311
512	9650	749	2739	146689	0.559574	0.647587	0.011860
512	9650	750	3501	131265	0.500736	0.589664	0.004005
512	9650	751	3620	119678	0.456535	0.538570	0.000889
512	9650	752	2524	153300	0.584793	0.640091	0.001625
512	9650	753	2921	137188	0.523331	0.593430	0.001091
512	9650	754	2883	142006	0.541710	0.603802	0.000469
512	9650	755	3650	123344	0.470520	0.548481	0.000797
512	9650	756	2917	145334	0.554405	0.618118	0.001133
512	9650	757	3149	136429	0.520435	0.595604	0.006149
512	9650	758	3519	120733	0.460560	0.535500	0.001038
512	9650	759	2755	146302	0.558098	0.622852	0.001205
512	9650	760	3502	134023	0.511257	0.592030	0.000999
512	9650	761	3802	112870	0.430565	0.544247	0.019569
512	9650	762	3219	126312	0.481842	0.570625	0.015045
512	9650	763	4116	98735	0.376644	0.497803	0.026283
512	9650	764	3326	129220	0.492935	0.574432	0.002419
512	9650	765	3436	120094	0.458122	0.537067	0.001335
512	9650	766	3055	140416	0.535645	0.603313	0.000992
512	9650	767	3203	128307	0.489452	0.575901	0.008160
512	9650	768	3485	102550	0.391197	0.543987	0.034546
512	9650	769	3499	125950	0.480461	0.559616	0.001163
512	9650	770	3518	82486	0.314659	0.561043	0.170296
512	9650	771	3255	129670	0.494652	0.584591	0.006889
512	9650	772	2955	140264	0.535065	0.599136	0.003540
512	9650	773	2592	151008	0.576050	0.627113	0.000618
512	9650	774	2803	141254	0.538841	0.603844	0.001312
512	9650	775	2463	161996	0.617966	0.669312	0.000534
512	9650	776	2360	158967	0.606411	0.656574	0.001545
512	9650	777	3086	135801	0.518040	0.586380	0.001663
512	9650	778	3528	118734	0.452934	0.566895	0.027321
512	9650	779	3879	90917	0.346821	0.526226	0.063324
512	9650	780	3965	62646	0.238976	0.517712	0.104866
512	9650	781	3037	141390	0.539360	0.607029	0.000408
512	9650	782	3425	130964	0.499588	0.577946	0.004864
512	9650	783	2264	164221	0.626453	0.675900	0.000626
512	9650	784	3507	126614	0.482994	0.567059	0.000843
512	9650	785	3802	107755	0.411053	0.527603	0.012520
512	9650	786	3274	130505	0.497837	0.567844	0.001118
512	9650	787	3440	127284	0.485550	0.568108	0.002274
512	9650	788	2422	161454	0.615898	0.668575	0.000572
512	9650	789	3599	124127	0.473507	0.556587	0.000813
512	9650	790	2900	139401	0.531773	0.603184	0.001499
512	9650	791	3373	129489	0.493961	0.572029	0.001484
512	9650	792	3175	136383	0.520260	0.608467	0.010670
512	9650	793	3767	114347	0.436199	0.525913	0.001118
512	9650	794	3203	129012	0.492142	0.571476	0.006409
512	9650	795	2984	141671	0.540432	0.606518	0.001350
512	9650	796	2543	153569	0.585819	0.644562	0.000782
512	9650	797	3267	131893	0.503132	0.573685	0.001514
512	9650	798	3763	116658	0.445015	0.532715	0.002930
512	9650	799	3618	98049	0.374027	0.533104	0.075130
512	9650	800	3048	136193	0.519535	0.588425	0.002167
512	9650	801	3226	134498	0.513069	0.592381	0.001610
512	9650	802	3729	118129	0.450626	0.542904	0.002293
512	9650	803	3476	123573	0.471394	0.560089	0.010433
512	9650	804	2630	146908	0.560410	0.614941	0.001286
512	9650	805	3747	109368	0.417206	0.522861	0.014523
512	9650	806	2448	153123	0.584118	0.647320	0.009754
512	9650	807	3254	131963	0.503399	0.582260	0.003056
512	9650	808	3670	114918	0.438377	0.521862	0.002506
512	9650	809	3013	145479	0.554958	0.628975	0.003189
512	9650	810	2832	144783	0.552303	0.614040	0.000988
512	9650	811	3148	134222	0.512016	0.584896	0.002800
512	9650	812	2760	150955	0.575848	0.643593	0.003269
512	9650	813	3402	133142	0.507896	0.586731	0.001694
512	9650	814	3543	93702	0.357445	0.561234	0.357445
512	9650	815	2435	156727	0.597866	0.652992	0.001225
512	9650	816	2542	151184	0.576721	0.633606	0.002125
512	9650	817	3224	128387	0.489758	0.567158	0.003159
512	9650	818	2782	144586	0.551552	0.633640	0.014122
512	9650	819	4092	104668	0.399277	0.503296	0.008545
512	9650	820	2989	139251	0.531200	0.597633	0.001511
512	9650	821	3082	137762	0.525520	0.592354	0.000401
512	9650	822	3201	126703	0.483334	0.560413	0.003040
512	9650	823	3391	129406	0.493645	0.567169	0.000805
512	9650	824	3049	137021	0.522694	0.601574	0.005711
512	9650	825	3342	137798	0.525658	0.603237	0.003181
512	9650	826	3364	124113	0.473454	0.551468	0.003689
512	9650	827	3340	133107	0.507763	0.592861	0.001892
512	9650	828	2659	145804	0.556198	0.619061	0.005470
512	9650	829	3966	86005	0.328083	0.507931	0.050209
512	9650	830	3420	112701	0.429920	0.536900	0.028519
512	9650	831	4066	108272	0.413025	0.537598	0.011131
512	9650	832	3022	138941	0.530018	0.599957	0.002987
512	9650	833	3460	120086	0.458092	0.549305	0.011715
512	9650	834	2707	148253	0.565540	0.627342	0.000736
512	9650	835	3284	132641	0.505985	0.585487	0.000786
512	9650	836	2826	146674	0.559517	0.620556	0.000938
512	9650	837	3960	104924	0.400253	0.530956	0.027683
512	9650	838	3790	111060	0.423660	0.546841	0.423660
512	9650	839	3688	88093	0.336048	0.532578	0.058422
512	9650	840	3487	116925	0.446033	0.529087	0.010128
512	9650	841	2896	139174	0.530907	0.593369	0.000786
512	9650	842	3137	134166	0.511803	0.584721	0.000633
512	9650	843	2478	153040	0.583801	0.633156	0.000759
512	9650	844	2932	140436	0.535721	0.600929	0.001274
512	9650	845	2634	152143	0.580379	0.639187	0.001347
512	9650	846	2586	149624	0.570770	0.627285	0.000648
512	9650	847	3115	137432	0.524261	0.600128	0.004173
512	9650	848	3197	129174	0.492760	0.587440	0.019234
512	9650	849	2863	142687	0.544308	0.618931	0.006363
512	9650	850	3681	88081	0.336002	0.531395	0.114491
512	9650	851	2197	157998	0.602715	0.664719	0.011562
512	9650	852	3597	98127	0.374325	0.559986	0.093414
512	9650	853	3009	141384	0.539337	0.601482	0.000515
512	9650	854	2922	144482	0.551155	0.615143	0.001514
512	9650	855	2641	154772	0.590408	0.656231	0.001373
512	9650	856	3737	119546	0.456032	0.545727	0.002426
512	9650	857	3680	112433	0.428898	0.535416	0.010906
512	9650	858	3590	113484	0.432907	0.522686	0.009666
512	9650	859	3809	99253	0.378620	0.534889	0.051899
512	9650	860	3710	119229	0.454823	0.544678	0.004303
512	9650	861	3031	138543	0.528500	0.595833	0.000805
512	9650	862	3178	122738	0.468208	0.576698	0.011757
512	9650	863	3794	113449	0.432774	0.535713	0.007214
512	9650	864	4206	91904	0.350586	0.483364	0.019978
512	9650	865	3378	128395	0.489788	0.573215	0.004257
512	9650	866	3414	123930	0.472755	0.559563	0.004421
512	9650	867	3387	129137	0.492619	0.576336	0.003384
512	9650	868	2746	150099	0.572582	0.633034	0.000633
512	9650	869	3391	115249	0.439640	0.549763	0.035431
512	9650	870	3096	137386	0.524086	0.597702	0.000790
512	9650	871	2566	154434	0.589119	0.648903	0.000767
512	9650	872	2699	149132	0.568893	0.631180	0.004242
512	9650	873	2927	140612	0.536392	0.607883	0.005562
512	9650	874	2955	125718	0.479576	0.597748	0.052876
512	9650	875	3097	134360	0.512543	0.585587	0.003677
512	9650	876	3078	134854	0.514427	0.587582	0.003693
512	9650	877	4020	107540	0.410233	0.509262	0.006519
512	9650	878	3176	134122	0.511635	0.581333	0.001751
512	9650	879	4013	100824	0.384613	0.502117	0.009861
512	9650	880	3564	114964	0.438553	0.518345	0.000824
512	9650	881	2746	151913	0.579502	0.644276	0.000931
512	9650	882	3192	127937	0.488041	0.558090	0.001148
512	9650	883	2879	147772	0.563705	0.631592	0.000729
512	9650	884	3222	131089	0.500065	0.576229	0.004166
512	9650	885	2877	141319	0.539089	0.622551	0.015606
512	9650	886	2826	141472	0.539673	0.607552	0.003967
512	9650	887	2481	153912	0.587128	0.642086	0.000553
512	9650	888	2772	149804	0.571457	0.625893	0.000927
512	9650	889	3495	116429	0.444141	0.542690	0.021851
512	9650	890	2715	150836	0.575394	0.637218	0.000561
512	9650	891	3905	115252	0.439651	0.542206	0.013180
512	9650	892	3102	141158	0.538475	0.605911	0.001293
512	9650	893	2314	158541	0.604786	0.660286	0.002369
512	9650	894	2700	145854	0.556389	0.622669	0.001869
512	9650	895	3297	118452	0.451859	0.581417	0.050945
512	9650	896	3288	130451	0.497631	0.579014	0.005753
512	9650	897	2807	144322	0.550545	0.610996	0.000645
512	9650	898	3109	134899	0.514599	0.584221	0.000443
512	9650	899	2635	150977	0.575932	0.632084	0.002354
512	9650	900	3652	66732	0.254562	0.563160	0.254562
512	9650	901	2055	171383	0.653774	0.703243	0.001232
512	9650	902	3191	133623	0.509731	0.596592	0.005741
512	9650	903	3002	140814	0.537163	0.600433	0.001072
512	9650	904	3050	139780	0.533218	0.599281	0.001186
512	9650	905	4308	104598	0.399010	0.518776	0.011986
512	9650	906	2974	129711	0.494808	0.582203	0.025253
512	9650	907	2645	155459	0.593029	0.650673	0.000881
512	9650	908	2635	149887	0.571774	0.639030	0.007599
512	9650	909	2290	162146	0.618538	0.669357	0.000931
512	9650	910	3686	117447	0.448025	0.531624	0.001118
512	9650	911	3713	115182	0.439384	0.528336	0.002953
512	9650	912	3241	130846	0.499138	0.571960	0.000984
512	9650	913	3534	121153	0.462162	0.574944	0.018135
512	9650	914	2867	143361	0.546879	0.606220	0.000866
512	9650	915	3509	121712	0.464294	0.557629	0.006603
512	9650	916	2719	146168	0.557587	0.614250	0.000645
512	9650	917	3105	136591	0.521053	0.591530	0.002968
512	9650	918	3380	131123	0.500195	0.576263	0.000935
512	9650	919	3610	122308	0.466568	0.569077	0.008659
512	9650	920	3115	120701	0.460438	0.584156	0.052803
512	9650	921	3116	136344	0.520111	0.588406	0.000774
512	9650	922	4051	105722	0.403297	0.504959	0.005947
512	9650	923	3955	55343	0.211117	0.512123	0.211117
512	9650	924	3039	138948	0.530045	0.611801	0.017345
512	9650	925	3457	116067	0.442760	0.562973	0.036919
512	9650	926	3551	129410	0.493660	0.572582	0.000633
512	9650	927	3208	126481	0.482487	0.575916	0.015793
512	9650	928	2648	149106	0.568794	0.627766	0.001240
512	9650	929	2811	147819	0.563885	0.634857	0.007877
512	9650	930	4180	99953	0.381290	0.494648	0.009041
512	9650	931	3039	135817	0.518101	0.585007	0.000610
512	9650	932	3275	122161	0.466007	0.564518	0.022732
512	9650	933	2418	157860	0.602188	0.652321	0.000492
512	9650	934	2711	149024	0.568481	0.623676	0.000675
512	9650	935	2601	152249	0.580784	0.637878	0.000607
512	9650	936	3668	117124	0.446793	0.528667	0.003674
512	9650	937	2975	142751	0.544552	0.608608	0.000969
512	9650	938	2528	155425	0.592899	0.659832	0.007481
512	9650	939	3659	124302	0.474174	0.559448	0.002701
512	9650	940	3053	138193	0.527164	0.592052	0.000542
512	9650	941	2789	146200	0.557709	0.624378	0.004105
512	9650	942	3009	137179	0.523296	0.587162	0.000835
512	9650	943	3299	126154	0.481239	0.555984	0.000717
512	9650	944	3268	127885	0.487843	0.561218	0.001339
512	9650	945	3232	130184	0.496613	0.566292	0.000713
512	9650	946	3058	138843	0.529644	0.598782	0.000679
512	9650	947	2823	141811	0.540966	0.610691	0.003761
512	9650	948	2740	150485	0.574055	0.633411	0.003548
512	9650	949	3822	96971	0.369915	0.521896	0.040386
512	9650	950	2941	136799	0.521847	0.601608	0.005383
512	9650	951	2913	138767	0.529354	0.599857	0.004658
512	9650	952	3190	134631	0.513577	0.577625	0.000618
512	9650	953	3739	106902	0.407799	0.547722	0.407799
512	9650	954	3684	121185	0.462284	0.549858	0.006889
512	9650	955	3740	118988	0.453903	0.549915	0.011070
512	9650	956	3328	130007	0.495937	0.569172	0.001965
512	9650	957	2820	149654	0.570885	0.638596	0.001804
512	9650	958	3110	136256	0.519775	0.586708	0.000549
512	9650	959	3437	128549	0.490376	0.579033	0.004726
512	9650	960	3955	101347	0.386608	0.513996	0.025684
512	9650	961	3146	138350	0.527763	0.594162	0.000725
512	9650	962	2307	165164	0.630051	0.679214	0.000786
512	9650	963	3439	129467	0.493877	0.581936	0.006104
512	9650	964	3459	126141	0.481190	0.573250	0.012959
512	9650	965	3489	124294	0.474144	0.545963	0.000439
512	9650	966	3272	134687	0.513790	0.592052	0.003975
512	9650	967	2426	156284	0.596176	0.646912	0.000950
512	9650	968	3013	133948	0.510971	0.579437	0.005825
512	9650	969	4426	94638	0.361015	0.499535	0.026447
512	9650	970	3161	132576	0.505737	0.579208	0.005703
512	9650	971	2963	142540	0.543747	0.614601	0.001217
512	9650	972	2478	155179	0.591961	0.655418	0.005966
512	9650	973	3069	138423	0.528042	0.598446	0.003944
512	9650	974	3162	123813	0.472309	0.597218	0.054535
512	9650	975	2582	149273	0.569431	0.631779	0.001289
512	9650	976	3795	115126	0.439171	0.528236	0.002899
512	9650	977	3330	129082	0.492409	0.567989	0.002464
512	9650	978	2568	152131	0.580334	0.639343	0.000893
512	9650	979	3822	98537	0.375889	0.543751	0.072849
512	9650	980	2590	151431	0.577663	0.630623	0.000710
512	9650	981	3197	135228	0.515854	0.592007	0.005241
512	9650	982	3675	115276	0.439743	0.555214	0.021961
512	9650	983	2556	152749	0.582691	0.635098	0.000675
512	9650	984	2887	143716	0.548233	0.605930	0.000576
512	9650	985	3813	118780	0.453110	0.555737	0.009380
512	9650	986	3281	130018	0.495979	0.574352	0.001316
512	9650	987	2568	154070	0.587730	0.648323	0.002182
512	9650	988	2507	153725	0.586414	0.656071	0.015163
512	9650	989	3676	119971	0.457653	0.556328	0.006531
512	9650	990	3283	122430	0.467033	0.570137	0.028141
512	9650	991	3271	131127	0.500210	0.574680	0.000980
512	9650	992	1622	183324	0.699326	0.732746	0.000977
512	9650	993	2699	147758	0.563652	0.624386	0.000641
512	9650	994	2555	151063	0.576260	0.631695	0.001312
512	9650	995	2922	139296	0.531372	0.613216	0.011761
512	9650	996	3418	124794	0.476051	0.565311	0.011505
512	9650	997	3303	130824	0.499054	0.573929	0.000816
512	9650	998	2818	146061	0.557178	0.617435	0.000946
512	9650	999	3681	94884	0.361954	0.549679	0.075562
512	9650	1000	3203	131987	0.503490	0.579803	0.006977
