512	10000	2	1	257766	0.983299	0.983299	0.000000
512	10000	3	1	257766	0.983299	0.983299	0.000000
512	10000	4	1	257766	0.983299	0.983299	0.000000
512	10000	5	1	257766	0.983299	0.983299	0.000000
512	10000	6	1	257766	0.983299	0.983299	0.000000
512	10000	7	1	257766	0.983299	0.983299	0.000000
512	10000	8	1	257766	0.983299	0.983299	0.000000
512	10000	9	1	257766	0.983299	0.983299	0.000000
512	10000	10	1	257766	0.983299	0.983299	0.000000
512	10000	11	1	257766	0.983299	0.983299	0.000000
512	10000	12	1	257766	0.983299	0.983299	0.000000
512	10000	13	1	257766	0.983299	0.983299	0.000000
512	10000	14	1	257766	0.983299	0.983299	0.000000
512	10000	15	1	257766	0.983299	0.983299	0.000000
512	10000	16	1	257766	0.983299	0.983299	0.000000
512	10000	17	1	257766	0.983299	0.983299	0.000000
512	10000	18	1	257766	0.983299	0.983299	0.000000
512	10000	19	1	257766	0.983299	0.983299	0.000000
512	10000	20	1	257766	0.983299	0.983299	0.000000
512	10000	21	1	257766	0.983299	0.983299	0.000000
512	10000	22	1	257766	0.983299	0.983299	0.000000
512	10000	23	1	257766	0.983299	0.983299	0.000000
512	10000	24	1	257766	0.983299	0.983299	0.000000
512	10000	25	1	257766	0.983299	0.983299	0.000000
512	10000	26	1	257766	0.983299	0.983299	0.000000
512	10000	27	1	257766	0.983299	0.983299	0.000000
512	10000	28	1	257766	0.983299	0.983299	0.000000
512	10000	29	1	257766	0.983299	0.983299	0.000000
512	10000	30	1	257766	0.983299	0.983299	0.000000
512	10000	31	1	257766	0.983299	0.983299	0.000000
512	10000	32	1	257766	0.983299	0.983299	0.000000
512	10000	33	1	257766	0.983299	0.983299	0.000000
512	10000	34	1	257766	0.983299	0.983299	0.000000
512	10000	35	1	257766	0.983299	0.983299	0.000000
512	10000	36	1	257766	0.983299	0.983299	0.000000
512	10000	37	1	257766	0.983299	0.983299	0.000000
512	10000	38	1	257766	0.983299	0.983299	0.000000
512	10000	39	1	257766	0.983299	0.983299	0.000000
512	10000	40	1	257766	0.983299	0.983299	0.000000
512	10000	41	1	257766	0.983299	0.983299	0.000000
512	10000	42	1	257766	0.983299	0.983299	0.000000
512	10000	43	1	257766	0.983299	0.983299	0.000000
512	10000	44	1	257766	0.983299	0.983299	0.000000
512	10000	45	1	257766	0.983299	0.983299	0.000000
512	10000	46	1	257766	0.983299	0.983299	0.000000
512	10000	47	1	257766	0.983299	0.983299	0.000000
512	10000	48	1	257766	0.983299	0.983299	0.000000
512	10000	49	1	257766	0.983299	0.983299	0.000000
512	10000	50	1	257766	0.983299	0.983299	0.000000
512	10000	51	1	257766	0.983299	0.983299	0.000000
512	10000	52	1	257766	0.983299	0.983299	0.000000
512	10000	53	1	257766	0.983299	0.983299	0.000000
512	10000	54	1	257766	0.983299	0.983299	0.000000
512	10000	55	1	257766	0.983299	0.983299	0.000000
512	10000	56	1	257766	0.983299	0.983299	0.000000
512	10000	57	1	257766	0.983299	0.983299	0.000000
512	10000	58	1	257766	0.983299	0.983299	0.000000
512	10000	59	1	257766	0.983299	0.983299	0.000000
512	10000	60	1	257766	0.983299	0.983299	0.000000
512	10000	61	1	257766	0.983299	0.983299	0.000000
512	10000	62	1	257766	0.983299	0.983299	0.000000
512	10000	63	1	257766	0.983299	0.983299	0.000000
512	10000	64	1	257766	0.983299	0.983299	0.000000
512	10000	65	1	257766	0.983299	0.983299	0.000000
512	10000	66	1	257766	0.983299	0.983299	0.000000
512	10000	67	1	257766	0.983299	0.983299	0.000000
512	10000	68	1	257766	0.983299	0.983299	0.000000
512	10000	69	1	257766	0.983299	0.983299	0.000000
512	10000	70	1	257766	0.983299	0.983299	0.000000
512	10000	71	1	257766	0.983299	0.983299	0.000000
512	10000	72	1	257766	0.983299	0.983299	0.000000
512	10000	73	1	257766	0.983299	0.983299	0.000000
512	10000	74	1	257766	0.983299	0.983299	0.000000
512	10000	75	1	257766	0.983299	0.983299	0.000000
512	10000	76	1	257766	0.983299	0.983299	0.000000
512	10000	77	1	257766	0.983299	0.983299	0.000000
512	10000	78	1	257766	0.983299	0.983299	0.000000
512	10000	79	1	257766	0.983299	0.983299	0.000000
512	10000	80	1	257766	0.983299	0.983299	0.000000
512	10000	81	1	257766	0.983299	0.983299	0.000000
512	10000	82	1	257766	0.983299	0.983299	0.000000
512	10000	83	1	257766	0.983299	0.983299	0.000000
512	10000	84	1	257766	0.983299	0.983299	0.000000
512	10000	85	1	257766	0.983299	0.983299	0.000000
512	10000	86	1	257766	0.983299	0.983299	0.000000
512	10000	87	1	257766	0.983299	0.983299	0.000000
512	10000	88	1	257766	0.983299	0.983299	0.000000
512	10000	89	1	257766	0.983299	0.983299	0.000000
512	10000	90	1	257766	0.983299	0.983299	0.000000
512	10000	91	1	257766	0.983299	0.983299	0.000000
512	10000	92	1	257766	0.983299	0.983299	0.000000
512	10000	93	1	257766	0.983299	0.983299	0.000000
512	10000	94	1	257766	0.983299	0.983299	0.000000
512	10000	95	1	257766	0.983299	0.983299	0.000000
512	10000	96	1	257766	0.983299	0.983299	0.000000
512	10000	97	1	257766	0.983299	0.983299	0.000000
512	10000	98	1	257766	0.983299	0.983299	0.000000
512	10000	99	1	257766	0.983299	0.983299	0.000000
512	10000	100	1	257766	0.983299	0.983299	0.000000
512	10000	101	1	257766	0.983299	0.983299	0.000000
512	10000	102	1	257766	0.983299	0.983299	0.000000
512	10000	103	1	257766	0.983299	0.983299	0.000000
512	10000	104	1	257766	0.983299	0.983299	0.000000
512	10000	105	1	257766	0.983299	0.983299	0.000000
512	10000	106	1	257766	0.983299	0.983299	0.000000
512	10000	107	1	257766	0.983299	0.983299	0.000000
512	10000	108	1	257766	0.983299	0.983299	0.000000
512	10000	109	1	257766	0.983299	0.983299	0.000000
512	10000	110	1	257766	0.983299	0.983299	0.000000
512	10000	111	1	257766	0.983299	0.983299	0.000000
512	10000	112	1	257766	0.983299	0.983299	0.000000
512	10000	113	1	257766	0.983299	0.983299	0.000000
512	10000	114	1	257766	0.983299	0.983299	0.000000
512	10000	115	1	257766	0.983299	0.983299	0.000000
512	10000	116	1	257766	0.983299	0.983299	0.000000
512	10000	117	1	257766	0.983299	0.983299	0.000000
512	10000	118	1	257766	0.983299	0.983299	0.000000
512	10000	119	1	257766	0.983299	0.983299	0.000000
512	10000	120	1	257766	0.983299	0.983299	0.000000
512	10000	121	1	257766	0.983299	0.983299	0.000000
512	10000	122	1	257766	0.983299	0.983299	0.000000
512	10000	123	1	257766	0.983299	0.983299	0.000000
512	10000	124	1	257766	0.983299	0.983299	0.000000
512	10000	125	1	257766	0.983299	0.983299	0.000000
512	10000	126	1	257766	0.983299	0.983299	0.000000
512	10000	127	1	257766	0.983299	0.983299	0.000000
512	10000	128	1	257766	0.983299	0.983299	0.000000
512	10000	129	1	257766	0.983299	0.983299	0.000000
512	10000	130	1	257766	0.983299	0.983299	0.000000
512	10000	131	1	257766	0.983299	0.983299	0.000000
512	10000	132	1	257766	0.983299	0.983299	0.000000
512	10000	133	1	257766	0.983299	0.983299	0.000000
512	10000	134	1	257766	0.983299	0.983299	0.000000
512	10000	135	1	257766	0.983299	0.983299	0.000000
512	10000	136	1	257766	0.983299	0.983299	0.000000
512	10000	137	1	257766	0.983299	0.983299	0.000000
512	10000	138	1	257766	0.983299	0.983299	0.000000
512	10000	139	1	257766	0.983299	0.983299	0.000000
512	10000	140	1	257766	0.983299	0.983299	0.000000
512	10000	141	1	257766	0.983299	0.983299	0.000000
512	10000	142	1	257766	0.983299	0.983299	0.000000
512	10000	143	1	257766	0.983299	0.983299	0.000000
512	10000	144	1	257766	0.983299	0.983299	0.000000
512	10000	145	1	257766	0.983299	0.983299	0.000000
512	10000	146	1	257766	0.983299	0.983299	0.000000
512	10000	147	1	257766	0.983299	0.983299	0.000000
512	10000	148	1	257766	0.983299	0.983299	0.000000
512	10000	149	1	257766	0.983299	0.983299	0.000000
512	10000	150	1	257766	0.983299	0.983299	0.000000
512	10000	151	1	257766	0.983299	0.983299	0.000000
512	10000	152	1	257766	0.983299	0.983299	0.000000
512	10000	153	1	257766	0.983299	0.983299	0.000000
512	10000	154	1	257766	0.983299	0.983299	0.000000
512	10000	155	1	257766	0.983299	0.983299	0.000000
512	10000	156	1	257766	0.983299	0.983299	0.000000
512	10000	157	1	257766	0.983299	0.983299	0.000000
512	10000	158	1	257766	0.983299	0.983299	0.000000
512	10000	159	1	257766	0.983299	0.983299	0.000000
512	10000	160	1	257766	0.983299	0.983299	0.000000
512	10000	161	1	257766	0.983299	0.983299	0.000000
512	10000	162	1	257766	0.983299	0.983299	0.000000
512	10000	163	1	257766	0.983299	0.983299	0.000000
512	10000	164	1	257766	0.983299	0.983299	0.000000
512	10000	165	1	257766	0.983299	0.983299	0.000000
512	10000	166	1	257766	0.983299	0.983299	0.000000
512	10000	167	1	257766	0.983299	0.983299	0.000000
512	10000	168	1	257766	0.983299	0.983299	0.000000
512	10000	169	1	257766	0.983299	0.983299	0.000000
512	10000	170	1	257766	0.983299	0.983299	0.000000
512	10000	171	1	257766	0.983299	0.983299	0.000000
512	10000	172	1	257766	0.983299	0.983299	0.000000
512	10000	173	1	257766	0.983299	0.983299	0.000000
512	10000	174	1	257766	0.983299	0.983299	0.000000
512	10000	175	1	257766	0.983299	0.983299	0.000000
512	10000	176	1	257766	0.983299	0.983299	0.000000
512	10000	177	1	257766	0.983299	0.983299	0.000000
512	10000	178	1	257766	0.983299	0.983299	0.000000
512	10000	179	1	257766	0.983299	0.983299	0.000000
512	10000	180	1	257766	0.983299	0.983299	0.000000
512	10000	181	1	257766	0.983299	0.983299	0.000000
512	10000	182	1	257766	0.983299	0.983299	0.000000
512	10000	183	1	257766	0.983299	0.983299	0.000000
512	10000	184	1	257766	0.983299	0.983299	0.000000
512	10000	185	1	257766	0.983299	0.983299	0.000000
512	10000	186	1	257766	0.983299	0.983299	0.000000
512	10000	187	1	257766	0.983299	0.983299	0.000000
512	10000	188	1	257766	0.983299	0.983299	0.000000
512	10000	189	1	257766	0.983299	0.983299	0.000000
512	10000	190	1	257766	0.983299	0.983299	0.000000
512	10000	191	1	257766	0.983299	0.983299	0.000000
512	10000	192	1	257766	0.983299	0.983299	0.000000
512	10000	193	1	257766	0.983299	0.983299	0.000000
512	10000	194	1	257766	0.983299	0.983299	0.000000
512	10000	195	1	257766	0.983299	0.983299	0.000000
512	10000	196	1	257766	0.983299	0.983299	0.000000
512	10000	197	1	257766	0.983299	0.983299	0.000000
512	10000	198	1	257766	0.983299	0.983299	0.000000
512	10000	199	1	257766	0.983299	0.983299	0.000000
512	10000	200	1	257766	0.983299	0.983299	0.000000
512	10000	201	1	257766	0.983299	0.983299	0.000000
512	10000	202	1	257766	0.983299	0.983299	0.000000
512	10000	203	1	257766	0.983299	0.983299	0.000000
512	10000	204	1	257766	0.983299	0.983299	0.000000
512	10000	205	1	257766	0.983299	0.983299	0.000000
512	10000	206	1	257766	0.983299	0.983299	0.000000
512	10000	207	1	257766	0.983299	0.983299	0.000000
512	10000	208	1	257766	0.983299	0.983299	0.000000
512	10000	209	1	257766	0.983299	0.983299	0.000000
512	10000	210	1	257766	0.983299	0.983299	0.000000
512	10000	211	1	257766	0.983299	0.983299	0.000000
512	10000	212	1	257766	0.983299	0.983299	0.000000
512	10000	213	1	257766	0.983299	0.983299	0.000000
512	10000	214	1	257766	0.983299	0.983299	0.000000
512	10000	215	1	257766	0.983299	0.983299	0.000000
512	10000	216	1	257766	0.983299	0.983299	0.000000
512	10000	217	1	257766	0.983299	0.983299	0.000000
512	10000	218	1	257766	0.983299	0.983299	0.000000
512	10000	219	1	257766	0.983299	0.983299	0.000000
512	10000	220	1	257766	0.983299	0.983299	0.000000
512	10000	221	1	257766	0.983299	0.983299	0.000000
512	10000	222	1	257766	0.983299	0.983299	0.000000
512	10000	223	1	257766	0.983299	0.983299	0.000000
512	10000	224	1	257766	0.983299	0.983299	0.000000
512	10000	225	1	257766	0.983299	0.983299	0.000000
512	10000	226	1	257766	0.983299	0.983299	0.000000
512	10000	227	1	257766	0.983299	0.983299	0.000000
512	10000	228	1	257766	0.983299	0.983299	0.000000
512	10000	229	1	257766	0.983299	0.983299	0.000000
512	10000	230	1	257766	0.983299	0.983299	0.000000
512	10000	231	1	257766	0.983299	0.983299	0.000000
512	10000	232	1	257766	0.983299	0.983299	0.000000
512	10000	233	1	257766	0.983299	0.983299	0.000000
512	10000	234	1	257766	0.983299	0.983299	0.000000
512	10000	235	1	257766	0.983299	0.983299	0.000000
512	10000	236	1	257766	0.983299	0.983299	0.000000
512	10000	237	1	257766	0.983299	0.983299	0.000000
512	10000	238	1	257766	0.983299	0.983299	0.000000
512	10000	239	1	257766	0.983299	0.983299	0.000000
512	10000	240	1	257766	0.983299	0.983299	0.000000
512	10000	241	1	257766	0.983299	0.983299	0.000000
512	10000	242	1	257766	0.983299	0.983299	0.000000
512	10000	243	1	257766	0.983299	0.983299	0.000000
512	10000	244	1	257766	0.983299	0.983299	0.000000
512	10000	245	1	257766	0.983299	0.983299	0.000000
512	10000	246	1	257766	0.983299	0.983299	0.000000
512	10000	247	1	257766	0.983299	0.983299	0.000000
512	10000	248	1	257766	0.983299	0.983299	0.000000
512	10000	249	1	257766	0.983299	0.983299	0.000000
512	10000	250	1	257766	0.983299	0.983299	0.000000
512	10000	251	1	257766	0.983299	0.983299	0.000000
512	10000	252	1	257766	0.983299	0.983299	0.000000
512	10000	253	1	257766	0.983299	0.983299	0.000000
512	10000	254	1	257766	0.983299	0.983299	0.000000
512	10000	255	1	257766	0.983299	0.983299	0.000000
512	10000	256	1	257766	0.983299	0.983299	0.000000
512	10000	257	1	257766	0.983299	0.983299	0.000000
512	10000	258	1	257766	0.983299	0.983299	0.000000
512	10000	259	1	257766	0.983299	0.983299	0.000000
512	10000	260	1	257766	0.983299	0.983299	0.000000
512	10000	261	1	257766	0.983299	0.983299	0.000000
512	10000	262	1	257766	0.983299	0.983299	0.000000
512	10000	263	1	257766	0.983299	0.983299	0.000000
512	10000	264	1	257766	0.983299	0.983299	0.000000
512	10000	265	1	257766	0.983299	0.983299	0.000000
512	10000	266	1	257766	0.983299	0.983299	0.000000
512	10000	267	1	257766	0.983299	0.983299	0.000000
512	10000	268	1	257766	0.983299	0.983299	0.000000
512	10000	269	1	257766	0.983299	0.983299	0.000000
512	10000	270	1	257766	0.983299	0.983299	0.000000
512	10000	271	1	257766	0.983299	0.983299	0.000000
512	10000	272	1	257766	0.983299	0.983299	0.000000
512	10000	273	1	257766	0.983299	0.983299	0.000000
512	10000	274	1	257766	0.983299	0.983299	0.000000
512	10000	275	1	257766	0.983299	0.983299	0.000000
512	10000	276	1	257766	0.983299	0.983299	0.000000
512	10000	277	1	257766	0.983299	0.983299	0.000000
512	10000	278	1	257766	0.983299	0.983299	0.000000
512	10000	279	1	257766	0.983299	0.983299	0.000000
512	10000	280	1	257766	0.983299	0.983299	0.000000
512	10000	281	1	257766	0.983299	0.983299	0.000000
512	10000	282	1	257766	0.983299	0.983299	0.000000
512	10000	283	1	257766	0.983299	0.983299	0.000000
512	10000	284	1	257766	0.983299	0.983299	0.000000
512	10000	285	1	257766	0.983299	0.983299	0.000000
512	10000	286	1	257766	0.983299	0.983299	0.000000
512	10000	287	1	257766	0.983299	0.983299	0.000000
512	10000	288	1	257766	0.983299	0.983299	0.000000
512	10000	289	1	257766	0.983299	0.983299	0.000000
512	10000	290	1	257766	0.983299	0.983299	0.000000
512	10000	291	1	257766	0.983299	0.983299	0.000000
512	10000	292	1	257766	0.983299	0.983299	0.000000
512	10000	293	1	257766	0.983299	0.983299	0.000000
512	10000	294	1	257766	0.983299	0.983299	0.000000
512	10000	295	1	257766	0.983299	0.983299	0.000000
512	10000	296	1	257766	0.983299	0.983299	0.000000
512	10000	297	1	257766	0.983299	0.983299	0.000000
512	10000	298	1	257766	0.983299	0.983299	0.000000
512	10000	299	1	257766	0.983299	0.983299	0.000000
512	10000	300	1	257766	0.983299	0.983299	0.000000
512	10000	301	1	257766	0.983299	0.983299	0.000000
512	10000	302	1	257766	0.983299	0.983299	0.000000
512	10000	303	1	257766	0.983299	0.983299	0.000000
512	10000	304	1	257766	0.983299	0.983299	0.000000
512	10000	305	1	257766	0.983299	0.983299	0.000000
512	10000	306	1	257766	0.983299	0.983299	0.000000
512	10000	307	1	257766	0.983299	0.983299	0.000000
512	10000	308	1	257766	0.983299	0.983299	0.000000
512	10000	309	1	257766	0.983299	0.983299	0.000000
512	10000	310	1	257766	0.983299	0.983299	0.000000
512	10000	311	1	257766	0.983299	0.983299	0.000000
512	10000	312	1	257766	0.983299	0.983299	0.000000
512	10000	313	1	257766	0.983299	0.983299	0.000000
512	10000	314	1	257766	0.983299	0.983299	0.000000
512	10000	315	1	257766	0.983299	0.983299	0.000000
512	10000	316	1	257766	0.983299	0.983299	0.000000
512	10000	317	1	257766	0.983299	0.983299	0.000000
512	10000	318	1	257766	0.983299	0.983299	0.000000
512	10000	319	1	257766	0.983299	0.983299	0.000000
512	10000	320	1	257766	0.983299	0.983299	0.000000
512	10000	321	1	257766	0.983299	0.983299	0.000000
512	10000	322	1	257766	0.983299	0.983299	0.000000
512	10000	323	1	257766	0.983299	0.983299	0.000000
512	10000	324	1	257766	0.983299	0.983299	0.000000
512	10000	325	1	257766	0.983299	0.983299	0.000000
512	10000	326	1	257766	0.983299	0.983299	0.000000
512	10000	327	1	257766	0.983299	0.983299	0.000000
512	10000	328	1	257766	0.983299	0.983299	0.000000
512	10000	329	1	257766	0.983299	0.983299	0.000000
512	10000	330	1	257766	0.983299	0.983299	0.000000
512	10000	331	1	257766	0.983299	0.983299	0.000000
512	10000	332	1	257766	0.983299	0.983299	0.000000
512	10000	333	1	257766	0.983299	0.983299	0.000000
512	10000	334	1	257766	0.983299	0.983299	0.000000
512	10000	335	1	257766	0.983299	0.983299	0.000000
512	10000	336	1	257766	0.983299	0.983299	0.000000
512	10000	337	1	257766	0.983299	0.983299	0.000000
512	10000	338	1	257766	0.983299	0.983299	0.000000
512	10000	339	1	257766	0.983299	0.983299	0.000000
512	10000	340	1	257766	0.983299	0.983299	0.000000
512	10000	341	1	257766	0.983299	0.983299	0.000000
512	10000	342	1	257766	0.983299	0.983299	0.000000
512	10000	343	1	257766	0.983299	0.983299	0.000000
512	10000	344	1	257766	0.983299	0.983299	0.000000
512	10000	345	1	257766	0.983299	0.983299	0.000000
512	10000	346	1	257766	0.983299	0.983299	0.000000
512	10000	347	1	257766	0.983299	0.983299	0.000000
512	10000	348	1	257766	0.983299	0.983299	0.000000
512	10000	349	1	257766	0.983299	0.983299	0.000000
512	10000	350	1	257766	0.983299	0.983299	0.000000
512	10000	351	1	257766	0.983299	0.983299	0.000000
512	10000	352	1	257766	0.983299	0.983299	0.000000
512	10000	353	1	257766	0.983299	0.983299	0.000000
512	10000	354	1	257766	0.983299	0.983299	0.000000
512	10000	355	1	257766	0.983299	0.983299	0.000000
512	10000	356	1	257766	0.983299	0.983299	0.000000
512	10000	357	1	257766	0.983299	0.983299	0.000000
512	10000	358	1	257766	0.983299	0.983299	0.000000
512	10000	359	1	257766	0.983299	0.983299	0.000000
512	10000	360	1	257766	0.983299	0.983299	0.000000
512	10000	361	1	257766	0.983299	0.983299	0.000000
512	10000	362	1	257766	0.983299	0.983299	0.000000
512	10000	363	1	257766	0.983299	0.983299	0.000000
512	10000	364	1	257766	0.983299	0.983299	0.000000
512	10000	365	1	257766	0.983299	0.983299	0.000000
512	10000	366	1	257766	0.983299	0.983299	0.000000
512	10000	367	1	257766	0.983299	0.983299	0.000000
512	10000	368	1	257766	0.983299	0.983299	0.000000
512	10000	369	1	257766	0.983299	0.983299	0.000000
512	10000	370	1	257766	0.983299	0.983299	0.000000
512	10000	371	1	257766	0.983299	0.983299	0.000000
512	10000	372	1	257766	0.983299	0.983299	0.000000
512	10000	373	1	257766	0.983299	0.983299	0.000000
512	10000	374	1	257766	0.983299	0.983299	0.000000
512	10000	375	1	257766	0.983299	0.983299	0.000000
512	10000	376	1	257766	0.983299	0.983299	0.000000
512	10000	377	1	257766	0.983299	0.983299	0.000000
512	10000	378	1	257766	0.983299	0.983299	0.000000
512	10000	379	1	257766	0.983299	0.983299	0.000000
512	10000	380	1	257766	0.983299	0.983299	0.000000
512	10000	381	1	257766	0.983299	0.983299	0.000000
512	10000	382	1	257766	0.983299	0.983299	0.000000
512	10000	383	1	257766	0.983299	0.983299	0.000000
512	10000	384	1	257766	0.983299	0.983299	0.000000
512	10000	385	1	257766	0.983299	0.983299	0.000000
512	10000	386	1	257766	0.983299	0.983299	0.000000
512	10000	387	1	257766	0.983299	0.983299	0.000000
512	10000	388	1	257766	0.983299	0.983299	0.000000
512	10000	389	1	257766	0.983299	0.983299	0.000000
512	10000	390	1	257766	0.983299	0.983299	0.000000
512	10000	391	1	257766	0.983299	0.983299	0.000000
512	10000	392	1	257766	0.983299	0.983299	0.000000
512	10000	393	1	257766	0.983299	0.983299	0.000000
512	10000	394	1	257766	0.983299	0.983299	0.000000
512	10000	395	1	257766	0.983299	0.983299	0.000000
512	10000	396	1	257766	0.983299	0.983299	0.000000
512	10000	397	1	257766	0.983299	0.983299	0.000000
512	10000	398	1	257766	0.983299	0.983299	0.000000
512	10000	399	1	257766	0.983299	0.983299	0.000000
512	10000	400	1	257766	0.983299	0.983299	0.000000
512	10000	401	1	257766	0.983299	0.983299	0.000000
512	10000	402	1	257766	0.983299	0.983299	0.000000
512	10000	403	1	257766	0.983299	0.983299	0.000000
512	10000	404	1	257766	0.983299	0.983299	0.000000
512	10000	405	1	257766	0.983299	0.983299	0.000000
512	10000	406	1	257766	0.983299	0.983299	0.000000
512	10000	407	1	257766	0.983299	0.983299	0.000000
512	10000	408	1	257766	0.983299	0.983299	0.000000
512	10000	409	1	257766	0.983299	0.983299	0.000000
512	10000	410	1	257766	0.983299	0.983299	0.000000
512	10000	411	1	257766	0.983299	0.983299	0.000000
512	10000	412	1	257766	0.983299	0.983299	0.000000
512	10000	413	1	257766	0.983299	0.983299	0.000000
512	10000	414	1	257766	0.983299	0.983299	0.000000
512	10000	415	1	257766	0.983299	0.983299	0.000000
512	10000	416	1	257766	0.983299	0.983299	0.000000
512	10000	417	1	257766	0.983299	0.983299	0.000000
512	10000	418	1	257766	0.983299	0.983299	0.000000
512	10000	419	1	257766	0.983299	0.983299	0.000000
512	10000	420	1	257766	0.983299	0.983299	0.000000
512	10000	421	1	257766	0.983299	0.983299	0.000000
512	10000	422	1	257766	0.983299	0.983299	0.000000
512	10000	423	1	257766	0.983299	0.983299	0.000000
512	10000	424	1	257766	0.983299	0.983299	0.000000
512	10000	425	1	257766	0.983299	0.983299	0.000000
512	10000	426	1	257766	0.983299	0.983299	0.000000
512	10000	427	1	257766	0.983299	0.983299	0.000000
512	10000	428	1	257766	0.983299	0.983299	0.000000
512	10000	429	1	257766	0.983299	0.983299	0.000000
512	10000	430	1	257766	0.983299	0.983299	0.000000
512	10000	431	1	257766	0.983299	0.983299	0.000000
512	10000	432	1	257766	0.983299	0.983299	0.000000
512	10000	433	1	257766	0.983299	0.983299	0.000000
512	10000	434	1	257766	0.983299	0.983299	0.000000
512	10000	435	1	257766	0.983299	0.983299	0.000000
512	10000	436	1	257766	0.983299	0.983299	0.000000
512	10000	437	1	257766	0.983299	0.983299	0.000000
512	10000	438	1	257766	0.983299	0.983299	0.000000
512	10000	439	1	257766	0.983299	0.983299	0.000000
512	10000	440	1	257766	0.983299	0.983299	0.000000
512	10000	441	1	257766	0.983299	0.983299	0.000000
512	10000	442	1	257766	0.983299	0.983299	0.000000
512	10000	443	1	257766	0.983299	0.983299	0.000000
512	10000	444	1	257766	0.983299	0.983299	0.000000
512	10000	445	1	257766	0.983299	0.983299	0.000000
512	10000	446	1	257766	0.983299	0.983299	0.000000
512	10000	447	1	257766	0.983299	0.983299	0.000000
512	10000	448	1	257766	0.983299	0.983299	0.000000
512	10000	449	1	257766	0.983299	0.983299	0.000000
512	10000	450	1	257766	0.983299	0.983299	0.000000
512	10000	451	1	257766	0.983299	0.983299	0.000000
512	10000	452	1	257766	0.983299	0.983299	0.000000
512	10000	453	1	257766	0.983299	0.983299	0.000000
512	10000	454	1	257766	0.983299	0.983299	0.000000
512	10000	455	1	257766	0.983299	0.983299	0.000000
512	10000	456	1	257766	0.983299	0.983299	0.000000
512	10000	457	1	257766	0.983299	0.983299	0.000000
512	10000	458	1	257766	0.983299	0.983299	0.000000
512	10000	459	1	257766	0.983299	0.983299	0.000000
512	10000	460	1	257766	0.983299	0.983299	0.000000
512	10000	461	1	257766	0.983299	0.983299	0.000000
512	10000	462	1	257766	0.983299	0.983299	0.000000
512	10000	463	1	257766	0.983299	0.983299	0.000000
512	10000	464	1	257766	0.983299	0.983299	0.000000
512	10000	465	1	257766	0.983299	0.983299	0.000000
512	10000	466	1	257766	0.983299	0.983299	0.000000
512	10000	467	1	257766	0.983299	0.983299	0.000000
512	10000	468	1	257766	0.983299	0.983299	0.000000
512	10000	469	1	257766	0.983299	0.983299	0.000000
512	10000	470	1	257766	0.983299	0.983299	0.000000
512	10000	471	1	257766	0.983299	0.983299	0.000000
512	10000	472	1	257766	0.983299	0.983299	0.000000
512	10000	473	1	257766	0.983299	0.983299	0.000000
512	10000	474	1	257766	0.983299	0.983299	0.000000
512	10000	475	1	257766	0.983299	0.983299	0.000000
512	10000	476	1	257766	0.983299	0.983299	0.000000
512	10000	477	1	257766	0.983299	0.983299	0.000000
512	10000	478	1	257766	0.983299	0.983299	0.000000
512	10000	479	1	257766	0.983299	0.983299	0.000000
512	10000	480	1	257766	0.983299	0.983299	0.000000
512	10000	481	1	257766	0.983299	0.983299	0.000000
512	10000	482	1	257766	0.983299	0.983299	0.000000
512	10000	483	1	257766	0.983299	0.983299	0.000000
512	10000	484	1	257766	0.983299	0.983299	0.000000
512	10000	485	1	257766	0.983299	0.983299	0.000000
512	10000	486	1	257766	0.983299	0.983299	0.000000
512	10000	487	1	257766	0.983299	0.983299	0.000000
512	10000	488	1	257766	0.983299	0.983299	0.000000
512	10000	489	1	257766	0.983299	0.983299	0.000000
512	10000	490	1	257766	0.983299	0.983299	0.000000
512	10000	491	1	257766	0.983299	0.983299	0.000000
512	10000	492	1	257766	0.983299	0.983299	0.000000
512	10000	493	1	257766	0.983299	0.983299	0.000000
512	10000	494	1	257766	0.983299	0.983299	0.000000
512	10000	495	1	257766	0.983299	0.983299	0.000000
512	10000	496	1	257766	0.983299	0.983299	0.000000
512	10000	497	1	257766	0.983299	0.983299	0.000000
512	10000	498	1	257766	0.983299	0.983299	0.000000
512	10000	499	1	257766	0.983299	0.983299	0.000000
512	10000	500	1	257766	0.983299	0.983299	0.000000
512	10000	501	1	257766	0.983299	0.983299	0.000000
512	10000	502	1	257766	0.983299	0.983299	0.000000
512	10000	503	1	257766	0.983299	0.983299	0.000000
512	10000	504	1	257766	0.983299	0.983299	0.000000
512	10000	505	1	257766	0.983299	0.983299	0.000000
512	10000	506	1	257766	0.983299	0.983299	0.000000
512	10000	507	1	257766	0.983299	0.983299	0.000000
512	10000	508	1	257766	0.983299	0.983299	0.000000
512	10000	509	1	257766	0.983299	0.983299	0.000000
512	10000	510	1	257766	0.983299	0.983299	0.000000
512	10000	511	1	257766	0.983299	0.983299	0.000000
512	10000	512	1	257766	0.983299	0.983299	0.000000
512	10000	513	1	257766	0.983299	0.983299	0.000000
512	10000	514	1	257766	0.983299	0.983299	0.000000
512	10000	515	1	257766	0.983299	0.983299	0.000000
512	10000	516	1	257766	0.983299	0.983299	0.000000
512	10000	517	1	257766	0.983299	0.983299	0.000000
512	10000	518	1	257766	0.983299	0.983299	0.000000
512	10000	519	1	257766	0.983299	0.983299	0.000000
512	10000	520	1	257766	0.983299	0.983299	0.000000
512	10000	521	1	257766	0.983299	0.983299	0.000000
512	10000	522	1	257766	0.983299	0.983299	0.000000
512	10000	523	1	257766	0.983299	0.983299	0.000000
512	10000	524	1	257766	0.983299	0.983299	0.000000
512	10000	525	1	257766	0.983299	0.983299	0.000000
512	10000	526	1	257766	0.983299	0.983299	0.000000
512	10000	527	1	257766	0.983299	0.983299	0.000000
512	10000	528	1	257766	0.983299	0.983299	0.000000
512	10000	529	1	257766	0.983299	0.983299	0.000000
512	10000	530	1	257766	0.983299	0.983299	0.000000
512	10000	531	1	257766	0.983299	0.983299	0.000000
512	10000	532	1	257766	0.983299	0.983299	0.000000
512	10000	533	1	257766	0.983299	0.983299	0.000000
512	10000	534	1	257766	0.983299	0.983299	0.000000
512	10000	535	1	257766	0.983299	0.983299	0.000000
512	10000	536	1	257766	0.983299	0.983299	0.000000
512	10000	537	1	257766	0.983299	0.983299	0.000000
512	10000	538	1	257766	0.983299	0.983299	0.000000
512	10000	539	1	257766	0.983299	0.983299	0.000000
512	10000	540	1	257766	0.983299	0.983299	0.000000
512	10000	541	1	257766	0.983299	0.983299	0.000000
512	10000	542	1	257766	0.983299	0.983299	0.000000
512	10000	543	1	257766	0.983299	0.983299	0.000000
512	10000	544	1	257766	0.983299	0.983299	0.000000
512	10000	545	1	257766	0.983299	0.983299	0.000000
512	10000	546	1	257766	0.983299	0.983299	0.000000
512	10000	547	1	257766	0.983299	0.983299	0.000000
512	10000	548	1	257766	0.983299	0.983299	0.000000
512	10000	549	1	257766	0.983299	0.983299	0.000000
512	10000	550	1	257766	0.983299	0.983299	0.000000
512	10000	551	1	257766	0.983299	0.983299	0.000000
512	10000	552	1	257766	0.983299	0.983299	0.000000
512	10000	553	1	257766	0.983299	0.983299	0.000000
512	10000	554	1	257766	0.983299	0.983299	0.000000
512	10000	555	1	257766	0.983299	0.983299	0.000000
512	10000	556	1	257766	0.983299	0.983299	0.000000
512	10000	557	1	257766	0.983299	0.983299	0.000000
512	10000	558	1	257766	0.983299	0.983299	0.000000
512	10000	559	1	257766	0.983299	0.983299	0.000000
512	10000	560	1	257766	0.983299	0.983299	0.000000
512	10000	561	1	257766	0.983299	0.983299	0.000000
512	10000	562	1	257766	0.983299	0.983299	0.000000
512	10000	563	1	257766	0.983299	0.983299	0.000000
512	10000	564	1	257766	0.983299	0.983299	0.000000
512	10000	565	1	257766	0.983299	0.983299	0.000000
512	10000	566	1	257766	0.983299	0.983299	0.000000
512	10000	567	1	257766	0.983299	0.983299	0.000000
512	10000	568	1	257766	0.983299	0.983299	0.000000
512	10000	569	1	257766	0.983299	0.983299	0.000000
512	10000	570	1	257766	0.983299	0.983299	0.000000
512	10000	571	1	257766	0.983299	0.983299	0.000000
512	10000	572	1	257766	0.983299	0.983299	0.000000
512	10000	573	1	257766	0.983299	0.983299	0.000000
512	10000	574	1	257766	0.983299	0.983299	0.000000
512	10000	575	1	257766	0.983299	0.983299	0.000000
512	10000	576	1	257766	0.983299	0.983299	0.000000
512	10000	577	1	257766	0.983299	0.983299	0.000000
512	10000	578	1	257766	0.983299	0.983299	0.000000
512	10000	579	1	257766	0.983299	0.983299	0.000000
512	10000	580	1	257766	0.983299	0.983299	0.000000
512	10000	581	1	257766	0.983299	0.983299	0.000000
512	10000	582	1	257766	0.983299	0.983299	0.000000
512	10000	583	1	257766	0.983299	0.983299	0.000000
512	10000	584	1	257766	0.983299	0.983299	0.000000
512	10000	585	1	257766	0.983299	0.983299	0.000000
512	10000	586	1	257766	0.983299	0.983299	0.000000
512	10000	587	1	257766	0.983299	0.983299	0.000000
512	10000	588	1	257766	0.983299	0.983299	0.000000
512	10000	589	1	257766	0.983299	0.983299	0.000000
512	10000	590	1	257766	0.983299	0.983299	0.000000
512	10000	591	1	257766	0.983299	0.983299	0.000000
512	10000	592	1	257766	0.983299	0.983299	0.000000
512	10000	593	1	257766	0.983299	0.983299	0.000000
512	10000	594	1	257766	0.983299	0.983299	0.000000
512	10000	595	1	257766	0.983299	0.983299	0.000000
512	10000	596	1	257766	0.983299	0.983299	0.000000
512	10000	597	1	257766	0.983299	0.983299	0.000000
512	10000	598	1	257766	0.983299	0.983299	0.000000
512	10000	599	1	257766	0.983299	0.983299	0.000000
512	10000	600	1	257766	0.983299	0.983299	0.000000
512	10000	601	1	257766	0.983299	0.983299	0.000000
512	10000	602	1	257766	0.983299	0.983299	0.000000
512	10000	603	1	257766	0.983299	0.983299	0.000000
512	10000	604	1	257766	0.983299	0.983299	0.000000
512	10000	605	1	257766	0.983299	0.983299	0.000000
512	10000	606	1	257766	0.983299	0.983299	0.000000
512	10000	607	1	257766	0.983299	0.983299	0.000000
512	10000	608	1	257766	0.983299	0.983299	0.000000
512	10000	609	1	257766	0.983299	0.983299	0.000000
512	10000	610	1	257766	0.983299	0.983299	0.000000
512	10000	611	1	257766	0.983299	0.983299	0.000000
512	10000	612	1	257766	0.983299	0.983299	0.000000
512	10000	613	1	257766	0.983299	0.983299	0.000000
512	10000	614	1	257766	0.983299	0.983299	0.000000
512	10000	615	1	257766	0.983299	0.983299	0.000000
512	10000	616	1	257766	0.983299	0.983299	0.000000
512	10000	617	1	257766	0.983299	0.983299	0.000000
512	10000	618	1	257766	0.983299	0.983299	0.000000
512	10000	619	1	257766	0.983299	0.983299	0.000000
512	10000	620	1	257766	0.983299	0.983299	0.000000
512	10000	621	1	257766	0.983299	0.983299	0.000000
512	10000	622	1	257766	0.983299	0.983299	0.000000
512	10000	623	1	257766	0.983299	0.983299	0.000000
512	10000	624	1	257766	0.983299	0.983299	0.000000
512	10000	625	1	257766	0.983299	0.983299	0.000000
512	10000	626	1	257766	0.983299	0.983299	0.000000
512	10000	627	1	257766	0.983299	0.983299	0.000000
512	10000	628	1	257766	0.983299	0.983299	0.000000
512	10000	629	1	257766	0.983299	0.983299	0.000000
512	10000	630	1	257766	0.983299	0.983299	0.000000
512	10000	631	1	257766	0.983299	0.983299	0.000000
512	10000	632	1	257766	0.983299	0.983299	0.000000
512	10000	633	1	257766	0.983299	0.983299	0.000000
512	10000	634	1	257766	0.983299	0.983299	0.000000
512	10000	635	1	257766	0.983299	0.983299	0.000000
512	10000	636	1	257766	0.983299	0.983299	0.000000
512	10000	637	1	257766	0.983299	0.983299	0.000000
512	10000	638	1	257766	0.983299	0.983299	0.000000
512	10000	639	1	257766	0.983299	0.983299	0.000000
512	10000	640	1	257766	0.983299	0.983299	0.000000
512	10000	641	1	257766	0.983299	0.983299	0.000000
512	10000	642	1	257766	0.983299	0.983299	0.000000
512	10000	643	1	257766	0.983299	0.983299	0.000000
512	10000	644	1	257766	0.983299	0.983299	0.000000
512	10000	645	1	257766	0.983299	0.983299	0.000000
512	10000	646	1	257766	0.983299	0.983299	0.000000
512	10000	647	1	257766	0.983299	0.983299	0.000000
512	10000	648	1	257766	0.983299	0.983299	0.000000
512	10000	649	1	257766	0.983299	0.983299	0.000000
512	10000	650	1	257766	0.983299	0.983299	0.000000
512	10000	651	1	257766	0.983299	0.983299	0.000000
512	10000	652	1	257766	0.983299	0.983299	0.000000
512	10000	653	1	257766	0.983299	0.983299	0.000000
512	10000	654	1	257766	0.983299	0.983299	0.000000
512	10000	655	1	257766	0.983299	0.983299	0.000000
512	10000	656	1	257766	0.983299	0.983299	0.000000
512	10000	657	1	257766	0.983299	0.983299	0.000000
512	10000	658	1	257766	0.983299	0.983299	0.000000
512	10000	659	1	257766	0.983299	0.983299	0.000000
512	10000	660	1	257766	0.983299	0.983299	0.000000
512	10000	661	1	257766	0.983299	0.983299	0.000000
512	10000	662	1	257766	0.983299	0.983299	0.000000
512	10000	663	1	257766	0.983299	0.983299	0.000000
512	10000	664	1	257766	0.983299	0.983299	0.000000
512	10000	665	1	257766	0.983299	0.983299	0.000000
512	10000	666	1	257766	0.983299	0.983299	0.000000
512	10000	667	1	257766	0.983299	0.983299	0.000000
512	10000	668	1	257766	0.983299	0.983299	0.000000
512	10000	669	1	257766	0.983299	0.983299	0.000000
512	10000	670	1	257766	0.983299	0.983299	0.000000
512	10000	671	1	257766	0.983299	0.983299	0.000000
512	10000	672	1	257766	0.983299	0.983299	0.000000
512	10000	673	1	257766	0.983299	0.983299	0.000000
512	10000	674	1	257766	0.983299	0.983299	0.000000
512	10000	675	1	257766	0.983299	0.983299	0.000000
512	10000	676	1	257766	0.983299	0.983299	0.000000
512	10000	677	1	257766	0.983299	0.983299	0.000000
512	10000	678	1	257766	0.983299	0.983299	0.000000
512	10000	679	1	257766	0.983299	0.983299	0.000000
512	10000	680	1	257766	0.983299	0.983299	0.000000
512	10000	681	1	257766	0.983299	0.983299	0.000000
512	10000	682	1	257766	0.983299	0.983299	0.000000
512	10000	683	1	257766	0.983299	0.983299	0.000000
512	10000	684	1	257766	0.983299	0.983299	0.000000
512	10000	685	1	257766	0.983299	0.983299	0.000000
512	10000	686	1	257766	0.983299	0.983299	0.000000
512	10000	687	1	257766	0.983299	0.983299	0.000000
512	10000	688	1	257766	0.983299	0.983299	0.000000
512	10000	689	1	257766	0.983299	0.983299	0.000000
512	10000	690	1	257766	0.983299	0.983299	0.000000
512	10000	691	1	257766	0.983299	0.983299	0.000000
512	10000	692	1	257766	0.983299	0.983299	0.000000
512	10000	693	1	257766	0.983299	0.983299	0.000000
512	10000	694	1	257766	0.983299	0.983299	0.000000
512	10000	695	1	257766	0.983299	0.983299	0.000000
512	10000	696	1	257766	0.983299	0.983299	0.000000
512	10000	697	1	257766	0.983299	0.983299	0.000000
512	10000	698	1	257766	0.983299	0.983299	0.000000
512	10000	699	1	257766	0.983299	0.983299	0.000000
512	10000	700	1	257766	0.983299	0.983299	0.000000
512	10000	701	1	257766	0.983299	0.983299	0.000000
512	10000	702	1	257766	0.983299	0.983299	0.000000
512	10000	703	1	257766	0.983299	0.983299	0.000000
512	10000	704	1	257766	0.983299	0.983299	0.000000
512	10000	705	1	257766	0.983299	0.983299	0.000000
512	10000	706	1	257766	0.983299	0.983299	0.000000
512	10000	707	1	257766	0.983299	0.983299	0.000000
512	10000	708	1	257766	0.983299	0.983299	0.000000
512	10000	709	1	257766	0.983299	0.983299	0.000000
512	10000	710	1	257766	0.983299	0.983299	0.000000
512	10000	711	1	257766	0.983299	0.983299	0.000000
512	10000	712	1	257766	0.983299	0.983299	0.000000
512	10000	713	1	257766	0.983299	0.983299	0.000000
512	10000	714	1	257766	0.983299	0.983299	0.000000
512	10000	715	1	257766	0.983299	0.983299	0.000000
512	10000	716	1	257766	0.983299	0.983299	0.000000
512	10000	717	1	257766	0.983299	0.983299	0.000000
512	10000	718	1	257766	0.983299	0.983299	0.000000
512	10000	719	1	257766	0.983299	0.983299	0.000000
512	10000	720	1	257766	0.983299	0.983299	0.000000
512	10000	721	1	257766	0.983299	0.983299	0.000000
512	10000	722	1	257766	0.983299	0.983299	0.000000
512	10000	723	1	257766	0.983299	0.983299	0.000000
512	10000	724	1	257766	0.983299	0.983299	0.000000
512	10000	725	1	257766	0.983299	0.983299	0.000000
512	10000	726	1	257766	0.983299	0.983299	0.000000
512	10000	727	1	257766	0.983299	0.983299	0.000000
512	10000	728	1	257766	0.983299	0.983299	0.000000
512	10000	729	1	257766	0.983299	0.983299	0.000000
512	10000	730	1	257766	0.983299	0.983299	0.000000
512	10000	731	1	257766	0.983299	0.983299	0.000000
512	10000	732	1	257766	0.983299	0.983299	0.000000
512	10000	733	1	257766	0.983299	0.983299	0.000000
512	10000	734	1	257766	0.983299	0.983299	0.000000
512	10000	735	1	257766	0.983299	0.983299	0.000000
512	10000	736	1	257766	0.983299	0.983299	0.000000
512	10000	737	1	257766	0.983299	0.983299	0.000000
512	10000	738	1	257766	0.983299	0.983299	0.000000
512	10000	739	1	257766	0.983299	0.983299	0.000000
512	10000	740	1	257766	0.983299	0.983299	0.000000
512	10000	741	1	257766	0.983299	0.983299	0.000000
512	10000	742	1	257766	0.983299	0.983299	0.000000
512	10000	743	1	257766	0.983299	0.983299	0.000000
512	10000	744	1	257766	0.983299	0.983299	0.000000
512	10000	745	1	257766	0.983299	0.983299	0.000000
512	10000	746	1	257766	0.983299	0.983299	0.000000
512	10000	747	1	257766	0.983299	0.983299	0.000000
512	10000	748	1	257766	0.983299	0.983299	0.000000
512	10000	749	1	257766	0.983299	0.983299	0.000000
512	10000	750	1	257766	0.983299	0.983299	0.000000
512	10000	751	1	257766	0.983299	0.983299	0.000000
512	10000	752	1	257766	0.983299	0.983299	0.000000
512	10000	753	1	257766	0.983299	0.983299	0.000000
512	10000	754	1	257766	0.983299	0.983299	0.000000
512	10000	755	1	257766	0.983299	0.983299	0.000000
512	10000	756	1	257766	0.983299	0.983299	0.000000
512	10000	757	1	257766	0.983299	0.983299	0.000000
512	10000	758	1	257766	0.983299	0.983299	0.000000
512	10000	759	1	257766	0.983299	0.983299	0.000000
512	10000	760	1	257766	0.983299	0.983299	0.000000
512	10000	761	1	257766	0.983299	0.983299	0.000000
512	10000	762	1	257766	0.983299	0.983299	0.000000
512	10000	763	1	257766	0.983299	0.983299	0.000000
512	10000	764	1	257766	0.983299	0.983299	0.000000
512	10000	765	1	257766	0.983299	0.983299	0.000000
512	10000	766	1	257766	0.983299	0.983299	0.000000
512	10000	767	1	257766	0.983299	0.983299	0.000000
512	10000	768	1	257766	0.983299	0.983299	0.000000
512	10000	769	1	257766	0.983299	0.983299	0.000000
512	10000	770	1	257766	0.983299	0.983299	0.000000
512	10000	771	1	257766	0.983299	0.983299	0.000000
512	10000	772	1	257766	0.983299	0.983299	0.000000
512	10000	773	1	257766	0.983299	0.983299	0.000000
512	10000	774	1	257766	0.983299	0.983299	0.000000
512	10000	775	1	257766	0.983299	0.983299	0.000000
512	10000	776	1	257766	0.983299	0.983299	0.000000
512	10000	777	1	257766	0.983299	0.983299	0.000000
512	10000	778	1	257766	0.983299	0.983299	0.000000
512	10000	779	1	257766	0.983299	0.983299	0.000000
512	10000	780	1	257766	0.983299	0.983299	0.000000
512	10000	781	1	257766	0.983299	0.983299	0.000000
512	10000	782	1	257766	0.983299	0.983299	0.000000
512	10000	783	1	257766	0.983299	0.983299	0.000000
512	10000	784	1	257766	0.983299	0.983299	0.000000
512	10000	785	1	257766	0.983299	0.983299	0.000000
512	10000	786	1	257766	0.983299	0.983299	0.000000
512	10000	787	1	257766	0.983299	0.983299	0.000000
512	10000	788	1	257766	0.983299	0.983299	0.000000
512	10000	789	1	257766	0.983299	0.983299	0.000000
512	10000	790	1	257766	0.983299	0.983299	0.000000
512	10000	791	1	257766	0.983299	0.983299	0.000000
512	10000	792	1	257766	0.983299	0.983299	0.000000
512	10000	793	1	257766	0.983299	0.983299	0.000000
512	10000	794	1	257766	0.983299	0.983299	0.000000
512	10000	795	1	257766	0.983299	0.983299	0.000000
512	10000	796	1	257766	0.983299	0.983299	0.000000
512	10000	797	1	257766	0.983299	0.983299	0.000000
512	10000	798	1	257766	0.983299	0.983299	0.000000
512	10000	799	1	257766	0.983299	0.983299	0.000000
512	10000	800	1	257766	0.983299	0.983299	0.000000
512	10000	801	1	257766	0.983299	0.983299	0.000000
512	10000	802	1	257766	0.983299	0.983299	0.000000
512	10000	803	1	257766	0.983299	0.983299	0.000000
512	10000	804	1	257766	0.983299	0.983299	0.000000
512	10000	805	1	257766	0.983299	0.983299	0.000000
512	10000	806	1	257766	0.983299	0.983299	0.000000
512	10000	807	1	257766	0.983299	0.983299	0.000000
512	10000	808	1	257766	0.983299	0.983299	0.000000
512	10000	809	1	257766	0.983299	0.983299	0.000000
512	10000	810	1	257766	0.983299	0.983299	0.000000
512	10000	811	1	257766	0.983299	0.983299	0.000000
512	10000	812	1	257766	0.983299	0.983299	0.000000
512	10000	813	1	257766	0.983299	0.983299	0.000000
512	10000	814	1	257766	0.983299	0.983299	0.000000
512	10000	815	1	257766	0.983299	0.983299	0.000000
512	10000	816	1	257766	0.983299	0.983299	0.000000
512	10000	817	1	257766	0.983299	0.983299	0.000000
512	10000	818	1	257766	0.983299	0.983299	0.000000
512	10000	819	1	257766	0.983299	0.983299	0.000000
512	10000	820	1	257766	0.983299	0.983299	0.000000
512	10000	821	1	257766	0.983299	0.983299	0.000000
512	10000	822	1	257766	0.983299	0.983299	0.000000
512	10000	823	1	257766	0.983299	0.983299	0.000000
512	10000	824	1	257766	0.983299	0.983299	0.000000
512	10000	825	1	257766	0.983299	0.983299	0.000000
512	10000	826	1	257766	0.983299	0.983299	0.000000
512	10000	827	1	257766	0.983299	0.983299	0.000000
512	10000	828	1	257766	0.983299	0.983299	0.000000
512	10000	829	1	257766	0.983299	0.983299	0.000000
512	10000	830	1	257766	0.983299	0.983299	0.000000
512	10000	831	1	257766	0.983299	0.983299	0.000000
512	10000	832	1	257766	0.983299	0.983299	0.000000
512	10000	833	1	257766	0.983299	0.983299	0.000000
512	10000	834	1	257766	0.983299	0.983299	0.000000
512	10000	835	1	257766	0.983299	0.983299	0.000000
512	10000	836	1	257766	0.983299	0.983299	0.000000
512	10000	837	1	257766	0.983299	0.983299	0.000000
512	10000	838	1	257766	0.983299	0.983299	0.000000
512	10000	839	1	257766	0.983299	0.983299	0.000000
512	10000	840	1	257766	0.983299	0.983299	0.000000
512	10000	841	1	257766	0.983299	0.983299	0.000000
512	10000	842	1	257766	0.983299	0.983299	0.000000
512	10000	843	1	257766	0.983299	0.983299	0.000000
512	10000	844	1	257766	0.983299	0.983299	0.000000
512	10000	845	1	257766	0.983299	0.983299	0.000000
512	10000	846	1	257766	0.983299	0.983299	0.000000
512	10000	847	1	257766	0.983299	0.983299	0.000000
512	10000	848	1	257766	0.983299	0.983299	0.000000
512	10000	849	1	257766	0.983299	0.983299	0.000000
512	10000	850	1	257766	0.983299	0.983299	0.000000
512	10000	851	1	257766	0.983299	0.983299	0.000000
512	10000	852	1	257766	0.983299	0.983299	0.000000
512	10000	853	1	257766	0.983299	0.983299	0.000000
512	10000	854	1	257766	0.983299	0.983299	0.000000
512	10000	855	1	257766	0.983299	0.983299	0.000000
512	10000	856	1	257766	0.983299	0.983299	0.000000
512	10000	857	1	257766	0.983299	0.983299	0.000000
512	10000	858	1	257766	0.983299	0.983299	0.000000
512	10000	859	1	257766	0.983299	0.983299	0.000000
512	10000	860	1	257766	0.983299	0.983299	0.000000
512	10000	861	1	257766	0.983299	0.983299	0.000000
512	10000	862	1	257766	0.983299	0.983299	0.000000
512	10000	863	1	257766	0.983299	0.983299	0.000000
512	10000	864	1	257766	0.983299	0.983299	0.000000
512	10000	865	1	257766	0.983299	0.983299	0.000000
512	10000	866	1	257766	0.983299	0.983299	0.000000
512	10000	867	1	257766	0.983299	0.983299	0.000000
512	10000	868	1	257766	0.983299	0.983299	0.000000
512	10000	869	1	257766	0.983299	0.983299	0.000000
512	10000	870	1	257766	0.983299	0.983299	0.000000
512	10000	871	1	257766	0.983299	0.983299	0.000000
512	10000	872	1	257766	0.983299	0.983299	0.000000
512	10000	873	1	257766	0.983299	0.983299	0.000000
512	10000	874	1	257766	0.983299	0.983299	0.000000
512	10000	875	1	257766	0.983299	0.983299	0.000000
512	10000	876	1	257766	0.983299	0.983299	0.000000
512	10000	877	1	257766	0.983299	0.983299	0.000000
512	10000	878	1	257766	0.983299	0.983299	0.000000
512	10000	879	1	257766	0.983299	0.983299	0.000000
512	10000	880	1	257766	0.983299	0.983299	0.000000
512	10000	881	1	257766	0.983299	0.983299	0.000000
512	10000	882	1	257766	0.983299	0.983299	0.000000
512	10000	883	1	257766	0.983299	0.983299	0.000000
512	10000	884	1	257766	0.983299	0.983299	0.000000
512	10000	885	1	257766	0.983299	0.983299	0.000000
512	10000	886	1	257766	0.983299	0.983299	0.000000
512	10000	887	1	257766	0.983299	0.983299	0.000000
512	10000	888	1	257766	0.983299	0.983299	0.000000
512	10000	889	1	257766	0.983299	0.983299	0.000000
512	10000	890	1	257766	0.983299	0.983299	0.000000
512	10000	891	1	257766	0.983299	0.983299	0.000000
512	10000	892	1	257766	0.983299	0.983299	0.000000
512	10000	893	1	257766	0.983299	0.983299	0.000000
512	10000	894	1	257766	0.983299	0.983299	0.000000
512	10000	895	1	257766	0.983299	0.983299	0.000000
512	10000	896	1	257766	0.983299	0.983299	0.000000
512	10000	897	1	257766	0.983299	0.983299	0.000000
512	10000	898	1	257766	0.983299	0.983299	0.000000
512	10000	899	1	257766	0.983299	0.983299	0.000000
512	10000	900	1	257766	0.983299	0.983299	0.000000
