512	10500	2	1	258764	0.987106	0.987106	0.000000
512	10500	3	1	258764	0.987106	0.987106	0.000000
512	10500	4	1	258764	0.987106	0.987106	0.000000
512	10500	5	1	258765	0.987110	0.987110	0.000000
512	10500	6	1	258764	0.987106	0.987106	0.000000
512	10500	7	1	258764	0.987106	0.987106	0.000000
512	10500	8	1	258764	0.987106	0.987106	0.000000
512	10500	9	1	258764	0.987106	0.987106	0.000000
512	10500	10	1	258765	0.987110	0.987110	0.000000
512	10500	11	1	258764	0.987106	0.987106	0.000000
512	10500	12	1	258764	0.987106	0.987106	0.000000
512	10500	13	1	258764	0.987106	0.987106	0.000000
512	10500	14	1	258764	0.987106	0.987106	0.000000
512	10500	15	1	258764	0.987106	0.987106	0.000000
512	10500	16	1	258764	0.987106	0.987106	0.000000
512	10500	17	1	258765	0.987110	0.987110	0.000000
512	10500	18	1	258765	0.987110	0.987110	0.000000
512	10500	19	1	258764	0.987106	0.987106	0.000000
512	10500	20	1	258764	0.987106	0.987106	0.000000
512	10500	21	1	258764	0.987106	0.987106	0.000000
512	10500	22	1	258764	0.987106	0.987106	0.000000
512	10500	23	1	258765	0.987110	0.987110	0.000000
512	10500	24	1	258764	0.987106	0.987106	0.000000
512	10500	25	1	258765	0.987110	0.987110	0.000000
512	10500	26	1	258764	0.987106	0.987106	0.000000
512	10500	27	1	258764	0.987106	0.987106	0.000000
512	10500	28	1	258764	0.987106	0.987106	0.000000
512	10500	29	1	258764	0.987106	0.987106	0.000000
512	10500	30	1	258764	0.987106	0.987106	0.000000
512	10500	31	1	258764	0.987106	0.987106	0.000000
512	10500	32	1	258764	0.987106	0.987106	0.000000
512	10500	33	1	258764	0.987106	0.987106	0.000000
512	10500	34	1	258764	0.987106	0.987106	0.000000
512	10500	35	1	258764	0.987106	0.987106	0.000000
512	10500	36	1	258764	0.987106	0.987106	0.000000
512	10500	37	1	258764	0.987106	0.987106	0.000000
512	10500	38	1	258764	0.987106	0.987106	0.000000
512	10500	39	1	258764	0.987106	0.987106	0.000000
512	10500	40	1	258764	0.987106	0.987106	0.000000
512	10500	41	1	258764	0.987106	0.987106	0.000000
512	10500	42	1	258764	0.987106	0.987106	0.000000
512	10500	43	1	258764	0.987106	0.987106	0.000000
512	10500	44	1	258764	0.987106	0.987106	0.000000
512	10500	45	1	258764	0.987106	0.987106	0.000000
512	10500	46	1	258764	0.987106	0.987106	0.000000
512	10500	47	1	258764	0.987106	0.987106	0.000000
512	10500	48	1	258764	0.987106	0.987106	0.000000
512	10500	49	1	258764	0.987106	0.987106	0.000000
512	10500	50	1	258764	0.987106	0.987106	0.000000
512	10500	51	1	258764	0.987106	0.987106	0.000000
512	10500	52	1	258764	0.987106	0.987106	0.000000
512	10500	53	1	258764	0.987106	0.987106	0.000000
512	10500	54	1	258764	0.987106	0.987106	0.000000
512	10500	55	1	258764	0.987106	0.987106	0.000000
512	10500	56	1	258764	0.987106	0.987106	0.000000
512	10500	57	1	258764	0.987106	0.987106	0.000000
512	10500	58	1	258764	0.987106	0.987106	0.000000
512	10500	59	1	258765	0.987110	0.987110	0.000000
512	10500	60	1	258764	0.987106	0.987106	0.000000
512	10500	61	1	258764	0.987106	0.987106	0.000000
512	10500	62	1	258764	0.987106	0.987106	0.000000
512	10500	63	1	258764	0.987106	0.987106	0.000000
512	10500	64	1	258764	0.987106	0.987106	0.000000
512	10500	65	1	258764	0.987106	0.987106	0.000000
512	10500	66	1	258764	0.987106	0.987106	0.000000
512	10500	67	1	258764	0.987106	0.987106	0.000000
512	10500	68	1	258764	0.987106	0.987106	0.000000
512	10500	69	1	258764	0.987106	0.987106	0.000000
512	10500	70	1	258764	0.987106	0.987106	0.000000
512	10500	71	1	258764	0.987106	0.987106	0.000000
512	10500	72	1	258764	0.987106	0.987106	0.000000
512	10500	73	1	258764	0.987106	0.987106	0.000000
512	10500	74	1	258764	0.987106	0.987106	0.000000
512	10500	75	1	258764	0.987106	0.987106	0.000000
512	10500	76	1	258764	0.987106	0.987106	0.000000
512	10500	77	1	258764	0.987106	0.987106	0.000000
512	10500	78	1	258764	0.987106	0.987106	0.000000
512	10500	79	1	258764	0.987106	0.987106	0.000000
512	10500	80	1	258764	0.987106	0.987106	0.000000
512	10500	81	1	258764	0.987106	0.987106	0.000000
512	10500	82	1	258764	0.987106	0.987106	0.000000
512	10500	83	1	258764	0.987106	0.987106	0.000000
512	10500	84	1	258764	0.987106	0.987106	0.000000
512	10500	85	1	258764	0.987106	0.987106	0.000000
512	10500	86	1	258764	0.987106	0.987106	0.000000
512	10500	87	1	258764	0.987106	0.987106	0.000000
512	10500	88	1	258764	0.987106	0.987106	0.000000
512	10500	89	1	258764	0.987106	0.987106	0.000000
512	10500	90	1	258764	0.987106	0.987106	0.000000
512	10500	91	1	258764	0.987106	0.987106	0.000000
512	10500	92	1	258764	0.987106	0.987106	0.000000
512	10500	93	1	258764	0.987106	0.987106	0.000000
512	10500	94	1	258764	0.987106	0.987106	0.000000
512	10500	95	1	258764	0.987106	0.987106	0.000000
512	10500	96	1	258765	0.987110	0.987110	0.000000
512	10500	97	1	258764	0.987106	0.987106	0.000000
512	10500	98	1	258764	0.987106	0.987106	0.000000
512	10500	99	1	258764	0.987106	0.987106	0.000000
512	10500	100	1	258764	0.987106	0.987106	0.000000
512	10500	101	1	258764	0.987106	0.987106	0.000000
512	10500	102	1	258764	0.987106	0.987106	0.000000
512	10500	103	1	258764	0.987106	0.987106	0.000000
512	10500	104	1	258764	0.987106	0.987106	0.000000
512	10500	105	1	258764	0.987106	0.987106	0.000000
512	10500	106	1	258764	0.987106	0.987106	0.000000
512	10500	107	1	258764	0.987106	0.987106	0.000000
512	10500	108	1	258764	0.987106	0.987106	0.000000
512	10500	109	1	258764	0.987106	0.987106	0.000000
512	10500	110	1	258764	0.987106	0.987106	0.000000
512	10500	111	1	258764	0.987106	0.987106	0.000000
512	10500	112	1	258764	0.987106	0.987106	0.000000
512	10500	113	1	258764	0.987106	0.987106	0.000000
512	10500	114	1	258764	0.987106	0.987106	0.000000
512	10500	115	1	258764	0.987106	0.987106	0.000000
512	10500	116	1	258764	0.987106	0.987106	0.000000
512	10500	117	1	258765	0.987110	0.987110	0.000000
512	10500	118	1	258764	0.987106	0.987106	0.000000
512	10500	119	1	258764	0.987106	0.987106	0.000000
512	10500	120	1	258765	0.987110	0.987110	0.000000
512	10500	121	1	258764	0.987106	0.987106	0.000000
512	10500	122	1	258764	0.987106	0.987106	0.000000
512	10500	123	1	258764	0.987106	0.987106	0.000000
512	10500	124	1	258765	0.987110	0.987110	0.000000
512	10500	125	1	258765	0.987110	0.987110	0.000000
512	10500	126	1	258764	0.987106	0.987106	0.000000
512	10500	127	1	258764	0.987106	0.987106	0.000000
512	10500	128	1	258764	0.987106	0.987106	0.000000
512	10500	129	1	258764	0.987106	0.987106	0.000000
512	10500	130	1	258764	0.987106	0.987106	0.000000
512	10500	131	1	258764	0.987106	0.987106	0.000000
512	10500	132	1	258764	0.987106	0.987106	0.000000
512	10500	133	1	258765	0.987110	0.987110	0.000000
512	10500	134	1	258764	0.987106	0.987106	0.000000
512	10500	135	1	258764	0.987106	0.987106	0.000000
512	10500	136	1	258764	0.987106	0.987106	0.000000
512	10500	137	1	258764	0.987106	0.987106	0.000000
512	10500	138	1	258764	0.987106	0.987106	0.000000
512	10500	139	1	258764	0.987106	0.987106	0.000000
512	10500	140	1	258764	0.987106	0.987106	0.000000
512	10500	141	1	258764	0.987106	0.987106	0.000000
512	10500	142	1	258764	0.987106	0.987106	0.000000
512	10500	143	1	258764	0.987106	0.987106	0.000000
512	10500	144	1	258764	0.987106	0.987106	0.000000
512	10500	145	1	258764	0.987106	0.987106	0.000000
512	10500	146	1	258764	0.987106	0.987106	0.000000
512	10500	147	1	258764	0.987106	0.987106	0.000000
512	10500	148	1	258764	0.987106	0.987106	0.000000
512	10500	149	1	258765	0.987110	0.987110	0.000000
512	10500	150	1	258764	0.987106	0.987106	0.000000
512	10500	151	1	258764	0.987106	0.987106	0.000000
512	10500	152	1	258764	0.987106	0.987106	0.000000
512	10500	153	1	258764	0.987106	0.987106	0.000000
512	10500	154	1	258765	0.987110	0.987110	0.000000
512	10500	155	1	258764	0.987106	0.987106	0.000000
512	10500	156	1	258765	0.987110	0.987110	0.000000
512	10500	157	1	258764	0.987106	0.987106	0.000000
512	10500	158	1	258765	0.987110	0.987110	0.000000
512	10500	159	1	258764	0.987106	0.987106	0.000000
512	10500	160	1	258765	0.987110	0.987110	0.000000
512	10500	161	1	258764	0.987106	0.987106	0.000000
512	10500	162	1	258764	0.987106	0.987106	0.000000
512	10500	163	1	258764	0.987106	0.987106	0.000000
512	10500	164	1	258764	0.987106	0.987106	0.000000
512	10500	165	1	258764	0.987106	0.987106	0.000000
512	10500	166	1	258764	0.987106	0.987106	0.000000
512	10500	167	1	258764	0.987106	0.987106	0.000000
512	10500	168	1	258764	0.987106	0.987106	0.000000
512	10500	169	1	258764	0.987106	0.987106	0.000000
512	10500	170	1	258764	0.987106	0.987106	0.000000
512	10500	171	1	258764	0.987106	0.987106	0.000000
512	10500	172	1	258764	0.987106	0.987106	0.000000
512	10500	173	1	258764	0.987106	0.987106	0.000000
512	10500	174	1	258764	0.987106	0.987106	0.000000
512	10500	175	1	258764	0.987106	0.987106	0.000000
512	10500	176	1	258764	0.987106	0.987106	0.000000
512	10500	177	1	258764	0.987106	0.987106	0.000000
512	10500	178	1	258764	0.987106	0.987106	0.000000
512	10500	179	1	258764	0.987106	0.987106	0.000000
512	10500	180	1	258764	0.987106	0.987106	0.000000
512	10500	181	1	258764	0.987106	0.987106	0.000000
512	10500	182	1	258765	0.987110	0.987110	0.000000
512	10500	183	1	258764	0.987106	0.987106	0.000000
512	10500	184	1	258764	0.987106	0.987106	0.000000
512	10500	185	1	258765	0.987110	0.987110	0.000000
512	10500	186	1	258764	0.987106	0.987106	0.000000
512	10500	187	1	258764	0.987106	0.987106	0.000000
512	10500	188	1	258765	0.987110	0.987110	0.000000
512	10500	189	1	258764	0.987106	0.987106	0.000000
512	10500	190	1	258764	0.987106	0.987106	0.000000
512	10500	191	1	258764	0.987106	0.987106	0.000000
512	10500	192	1	258764	0.987106	0.987106	0.000000
512	10500	193	1	258764	0.987106	0.987106	0.000000
512	10500	194	1	258764	0.987106	0.987106	0.000000
512	10500	195	1	258764	0.987106	0.987106	0.000000
512	10500	196	1	258764	0.987106	0.987106	0.000000
512	10500	197	1	258764	0.987106	0.987106	0.000000
512	10500	198	1	258764	0.987106	0.987106	0.000000
512	10500	199	1	258764	0.987106	0.987106	0.000000
512	10500	200	1	258765	0.987110	0.987110	0.000000
512	10500	201	1	258765	0.987110	0.987110	0.000000
512	10500	202	1	258764	0.987106	0.987106	0.000000
512	10500	203	1	258764	0.987106	0.987106	0.000000
512	10500	204	1	258764	0.987106	0.987106	0.000000
512	10500	205	1	258764	0.987106	0.987106	0.000000
512	10500	206	1	258764	0.987106	0.987106	0.000000
512	10500	207	1	258764	0.987106	0.987106	0.000000
512	10500	208	1	258764	0.987106	0.987106	0.000000
512	10500	209	1	258764	0.987106	0.987106	0.000000
512	10500	210	1	258764	0.987106	0.987106	0.000000
512	10500	211	1	258764	0.987106	0.987106	0.000000
512	10500	212	1	258765	0.987110	0.987110	0.000000
512	10500	213	1	258764	0.987106	0.987106	0.000000
512	10500	214	1	258764	0.987106	0.987106	0.000000
512	10500	215	1	258764	0.987106	0.987106	0.000000
512	10500	216	1	258764	0.987106	0.987106	0.000000
512	10500	217	1	258764	0.987106	0.987106	0.000000
512	10500	218	1	258764	0.987106	0.987106	0.000000
512	10500	219	1	258765	0.987110	0.987110	0.000000
512	10500	220	1	258764	0.987106	0.987106	0.000000
512	10500	221	1	258764	0.987106	0.987106	0.000000
512	10500	222	1	258764	0.987106	0.987106	0.000000
512	10500	223	1	258764	0.987106	0.987106	0.000000
512	10500	224	1	258764	0.987106	0.987106	0.000000
512	10500	225	1	258764	0.987106	0.987106	0.000000
512	10500	226	1	258764	0.987106	0.987106	0.000000
512	10500	227	1	258764	0.987106	0.987106	0.000000
512	10500	228	1	258764	0.987106	0.987106	0.000000
512	10500	229	1	258764	0.987106	0.987106	0.000000
512	10500	230	1	258765	0.987110	0.987110	0.000000
512	10500	231	1	258764	0.987106	0.987106	0.000000
512	10500	232	1	258764	0.987106	0.987106	0.000000
512	10500	233	1	258764	0.987106	0.987106	0.000000
512	10500	234	1	258764	0.987106	0.987106	0.000000
512	10500	235	1	258764	0.987106	0.987106	0.000000
512	10500	236	1	258764	0.987106	0.987106	0.000000
512	10500	237	1	258764	0.987106	0.987106	0.000000
512	10500	238	1	258764	0.987106	0.987106	0.000000
512	10500	239	1	258764	0.987106	0.987106	0.000000
512	10500	240	1	258764	0.987106	0.987106	0.000000
512	10500	241	1	258764	0.987106	0.987106	0.000000
512	10500	242	1	258764	0.987106	0.987106	0.000000
512	10500	243	1	258764	0.987106	0.987106	0.000000
512	10500	244	1	258764	0.987106	0.987106	0.000000
512	10500	245	1	258765	0.987110	0.987110	0.000000
512	10500	246	1	258764	0.987106	0.987106	0.000000
512	10500	247	1	258764	0.987106	0.987106	0.000000
512	10500	248	1	258764	0.987106	0.987106	0.000000
512	10500	249	1	258764	0.987106	0.987106	0.000000
512	10500	250	1	258764	0.987106	0.987106	0.000000
512	10500	251	1	258764	0.987106	0.987106	0.000000
512	10500	252	1	258764	0.987106	0.987106	0.000000
512	10500	253	1	258764	0.987106	0.987106	0.000000
512	10500	254	1	258764	0.987106	0.987106	0.000000
512	10500	255	1	258764	0.987106	0.987106	0.000000
512	10500	256	1	258764	0.987106	0.987106	0.000000
512	10500	257	1	258764	0.987106	0.987106	0.000000
512	10500	258	1	258764	0.987106	0.987106	0.000000
512	10500	259	1	258765	0.987110	0.987110	0.000000
512	10500	260	1	258764	0.987106	0.987106	0.000000
512	10500	261	1	258764	0.987106	0.987106	0.000000
512	10500	262	1	258764	0.987106	0.987106	0.000000
512	10500	263	1	258764	0.987106	0.987106	0.000000
512	10500	264	1	258764	0.987106	0.987106	0.000000
512	10500	265	1	258764	0.987106	0.987106	0.000000
512	10500	266	1	258765	0.987110	0.987110	0.000000
512	10500	267	1	258764	0.987106	0.987106	0.000000
512	10500	268	1	258764	0.987106	0.987106	0.000000
512	10500	269	1	258764	0.987106	0.987106	0.000000
512	10500	270	1	258764	0.987106	0.987106	0.000000
512	10500	271	1	258764	0.987106	0.987106	0.000000
512	10500	272	1	258764	0.987106	0.987106	0.000000
512	10500	273	1	258764	0.987106	0.987106	0.000000
512	10500	274	1	258764	0.987106	0.987106	0.000000
512	10500	275	1	258765	0.987110	0.987110	0.000000
512	10500	276	1	258764	0.987106	0.987106	0.000000
512	10500	277	1	258764	0.987106	0.987106	0.000000
512	10500	278	1	258764	0.987106	0.987106	0.000000
512	10500	279	1	258764	0.987106	0.987106	0.000000
512	10500	280	1	258765	0.987110	0.987110	0.000000
512	10500	281	1	258764	0.987106	0.987106	0.000000
512	10500	282	1	258765	0.987110	0.987110	0.000000
512	10500	283	1	258764	0.987106	0.987106	0.000000
512	10500	284	1	258764	0.987106	0.987106	0.000000
512	10500	285	1	258764	0.987106	0.987106	0.000000
512	10500	286	1	258764	0.987106	0.987106	0.000000
512	10500	287	1	258764	0.987106	0.987106	0.000000
512	10500	288	1	258764	0.987106	0.987106	0.000000
512	10500	289	1	258764	0.987106	0.987106	0.000000
512	10500	290	1	258764	0.987106	0.987106	0.000000
512	10500	291	1	258764	0.987106	0.987106	0.000000
512	10500	292	1	258764	0.987106	0.987106	0.000000
512	10500	293	1	258764	0.987106	0.987106	0.000000
512	10500	294	1	258765	0.987110	0.987110	0.000000
512	10500	295	1	258764	0.987106	0.987106	0.000000
512	10500	296	1	258764	0.987106	0.987106	0.000000
512	10500	297	1	258765	0.987110	0.987110	0.000000
512	10500	298	1	258764	0.987106	0.987106	0.000000
512	10500	299	1	258764	0.987106	0.987106	0.000000
512	10500	300	1	258764	0.987106	0.987106	0.000000
512	10500	301	1	258764	0.987106	0.987106	0.000000
512	10500	302	1	258764	0.987106	0.987106	0.000000
512	10500	303	1	258764	0.987106	0.987106	0.000000
512	10500	304	1	258764	0.987106	0.987106	0.000000
512	10500	305	1	258764	0.987106	0.987106	0.000000
512	10500	306	1	258764	0.987106	0.987106	0.000000
512	10500	307	1	258764	0.987106	0.987106	0.000000
512	10500	308	1	258764	0.987106	0.987106	0.000000
512	10500	309	1	258764	0.987106	0.987106	0.000000
512	10500	310	1	258764	0.987106	0.987106	0.000000
512	10500	311	1	258764	0.987106	0.987106	0.000000
512	10500	312	1	258764	0.987106	0.987106	0.000000
512	10500	313	1	258764	0.987106	0.987106	0.000000
512	10500	314	1	258764	0.987106	0.987106	0.000000
512	10500	315	1	258764	0.987106	0.987106	0.000000
512	10500	316	1	258764	0.987106	0.987106	0.000000
512	10500	317	1	258764	0.987106	0.987106	0.000000
512	10500	318	1	258764	0.987106	0.987106	0.000000
512	10500	319	1	258764	0.987106	0.987106	0.000000
512	10500	320	1	258764	0.987106	0.987106	0.000000
512	10500	321	1	258764	0.987106	0.987106	0.000000
512	10500	322	1	258764	0.987106	0.987106	0.000000
512	10500	323	1	258764	0.987106	0.987106	0.000000
512	10500	324	1	258764	0.987106	0.987106	0.000000
512	10500	325	1	258764	0.987106	0.987106	0.000000
512	10500	326	1	258764	0.987106	0.987106	0.000000
512	10500	327	1	258764	0.987106	0.987106	0.000000
512	10500	328	1	258764	0.987106	0.987106	0.000000
512	10500	329	1	258765	0.987110	0.987110	0.000000
512	10500	330	1	258764	0.987106	0.987106	0.000000
512	10500	331	1	258764	0.987106	0.987106	0.000000
512	10500	332	1	258764	0.987106	0.987106	0.000000
512	10500	333	1	258764	0.987106	0.987106	0.000000
512	10500	334	1	258764	0.987106	0.987106	0.000000
512	10500	335	1	258764	0.987106	0.987106	0.000000
512	10500	336	1	258764	0.987106	0.987106	0.000000
512	10500	337	1	258764	0.987106	0.987106	0.000000
512	10500	338	1	258764	0.987106	0.987106	0.000000
512	10500	339	1	258764	0.987106	0.987106	0.000000
512	10500	340	1	258764	0.987106	0.987106	0.000000
512	10500	341	1	258764	0.987106	0.987106	0.000000
512	10500	342	1	258764	0.987106	0.987106	0.000000
512	10500	343	1	258764	0.987106	0.987106	0.000000
512	10500	344	1	258764	0.987106	0.987106	0.000000
512	10500	345	1	258764	0.987106	0.987106	0.000000
512	10500	346	1	258764	0.987106	0.987106	0.000000
512	10500	347	1	258764	0.987106	0.987106	0.000000
512	10500	348	1	258764	0.987106	0.987106	0.000000
512	10500	349	1	258764	0.987106	0.987106	0.000000
512	10500	350	1	258764	0.987106	0.987106	0.000000
512	10500	351	1	258765	0.987110	0.987110	0.000000
512	10500	352	1	258764	0.987106	0.987106	0.000000
512	10500	353	1	258764	0.987106	0.987106	0.000000
512	10500	354	1	258764	0.987106	0.987106	0.000000
512	10500	355	1	258764	0.987106	0.987106	0.000000
512	10500	356	1	258765	0.987110	0.987110	0.000000
512	10500	357	1	258764	0.987106	0.987106	0.000000
512	10500	358	1	258765	0.987110	0.987110	0.000000
512	10500	359	1	258764	0.987106	0.987106	0.000000
512	10500	360	1	258764	0.987106	0.987106	0.000000
512	10500	361	1	258764	0.987106	0.987106	0.000000
512	10500	362	1	258764	0.987106	0.987106	0.000000
512	10500	363	1	258764	0.987106	0.987106	0.000000
512	10500	364	1	258764	0.987106	0.987106	0.000000
512	10500	365	1	258764	0.987106	0.987106	0.000000
512	10500	366	1	258764	0.987106	0.987106	0.000000
512	10500	367	1	258764	0.987106	0.987106	0.000000
512	10500	368	1	258764	0.987106	0.987106	0.000000
512	10500	369	1	258764	0.987106	0.987106	0.000000
512	10500	370	1	258764	0.987106	0.987106	0.000000
512	10500	371	1	258764	0.987106	0.987106	0.000000
512	10500	372	1	258764	0.987106	0.987106	0.000000
512	10500	373	1	258764	0.987106	0.987106	0.000000
512	10500	374	1	258764	0.987106	0.987106	0.000000
512	10500	375	1	258764	0.987106	0.987106	0.000000
512	10500	376	1	258764	0.987106	0.987106	0.000000
512	10500	377	1	258764	0.987106	0.987106	0.000000
512	10500	378	1	258764	0.987106	0.987106	0.000000
512	10500	379	1	258764	0.987106	0.987106	0.000000
512	10500	380	1	258764	0.987106	0.987106	0.000000
512	10500	381	1	258764	0.987106	0.987106	0.000000
512	10500	382	1	258764	0.987106	0.987106	0.000000
512	10500	383	1	258764	0.987106	0.987106	0.000000
512	10500	384	1	258764	0.987106	0.987106	0.000000
512	10500	385	1	258764	0.987106	0.987106	0.000000
512	10500	386	1	258764	0.987106	0.987106	0.000000
512	10500	387	1	258764	0.987106	0.987106	0.000000
512	10500	388	1	258764	0.987106	0.987106	0.000000
512	10500	389	1	258764	0.987106	0.987106	0.000000
512	10500	390	1	258764	0.987106	0.987106	0.000000
512	10500	391	1	258764	0.987106	0.987106	0.000000
512	10500	392	1	258764	0.987106	0.987106	0.000000
512	10500	393	1	258764	0.987106	0.987106	0.000000
512	10500	394	1	258764	0.987106	0.987106	0.000000
512	10500	395	1	258764	0.987106	0.987106	0.000000
512	10500	396	1	258764	0.987106	0.987106	0.000000
512	10500	397	1	258764	0.987106	0.987106	0.000000
512	10500	398	1	258764	0.987106	0.987106	0.000000
512	10500	399	1	258764	0.987106	0.987106	0.000000
512	10500	400	1	258764	0.987106	0.987106	0.000000
512	10500	401	1	258764	0.987106	0.987106	0.000000
512	10500	402	1	258765	0.987110	0.987110	0.000000
512	10500	403	1	258764	0.987106	0.987106	0.000000
512	10500	404	1	258764	0.987106	0.987106	0.000000
512	10500	405	1	258765	0.987110	0.987110	0.000000
512	10500	406	1	258764	0.987106	0.987106	0.000000
512	10500	407	1	258764	0.987106	0.987106	0.000000
512	10500	408	1	258764	0.987106	0.987106	0.000000
512	10500	409	1	258764	0.987106	0.987106	0.000000
512	10500	410	1	258764	0.987106	0.987106	0.000000
512	10500	411	1	258764	0.987106	0.987106	0.000000
512	10500	412	1	258764	0.987106	0.987106	0.000000
512	10500	413	1	258764	0.987106	0.987106	0.000000
512	10500	414	1	258764	0.987106	0.987106	0.000000
512	10500	415	1	258764	0.987106	0.987106	0.000000
512	10500	416	1	258764	0.987106	0.987106	0.000000
512	10500	417	1	258764	0.987106	0.987106	0.000000
512	10500	418	1	258764	0.987106	0.987106	0.000000
512	10500	419	1	258764	0.987106	0.987106	0.000000
512	10500	420	1	258764	0.987106	0.987106	0.000000
512	10500	421	1	258764	0.987106	0.987106	0.000000
512	10500	422	1	258764	0.987106	0.987106	0.000000
512	10500	423	1	258764	0.987106	0.987106	0.000000
512	10500	424	1	258764	0.987106	0.987106	0.000000
512	10500	425	1	258764	0.987106	0.987106	0.000000
512	10500	426	1	258765	0.987110	0.987110	0.000000
512	10500	427	1	258765	0.987110	0.987110	0.000000
512	10500	428	1	258764	0.987106	0.987106	0.000000
512	10500	429	1	258764	0.987106	0.987106	0.000000
512	10500	430	1	258764	0.987106	0.987106	0.000000
512	10500	431	1	258764	0.987106	0.987106	0.000000
512	10500	432	1	258764	0.987106	0.987106	0.000000
512	10500	433	1	258764	0.987106	0.987106	0.000000
512	10500	434	1	258764	0.987106	0.987106	0.000000
512	10500	435	1	258764	0.987106	0.987106	0.000000
512	10500	436	1	258764	0.987106	0.987106	0.000000
512	10500	437	1	258764	0.987106	0.987106	0.000000
512	10500	438	1	258764	0.987106	0.987106	0.000000
512	10500	439	1	258765	0.987110	0.987110	0.000000
512	10500	440	1	258764	0.987106	0.987106	0.000000
512	10500	441	1	258764	0.987106	0.987106	0.000000
512	10500	442	1	258764	0.987106	0.987106	0.000000
512	10500	443	1	258764	0.987106	0.987106	0.000000
512	10500	444	1	258764	0.987106	0.987106	0.000000
512	10500	445	1	258764	0.987106	0.987106	0.000000
512	10500	446	1	258764	0.987106	0.987106	0.000000
512	10500	447	1	258764	0.987106	0.987106	0.000000
512	10500	448	1	258764	0.987106	0.987106	0.000000
512	10500	449	1	258764	0.987106	0.987106	0.000000
512	10500	450	1	258764	0.987106	0.987106	0.000000
512	10500	451	1	258764	0.987106	0.987106	0.000000
512	10500	452	1	258764	0.987106	0.987106	0.000000
512	10500	453	1	258764	0.987106	0.987106	0.000000
512	10500	454	1	258764	0.987106	0.987106	0.000000
512	10500	455	1	258764	0.987106	0.987106	0.000000
512	10500	456	1	258764	0.987106	0.987106	0.000000
512	10500	457	1	258764	0.987106	0.987106	0.000000
512	10500	458	1	258764	0.987106	0.987106	0.000000
512	10500	459	1	258764	0.987106	0.987106	0.000000
512	10500	460	1	258764	0.987106	0.987106	0.000000
512	10500	461	1	258764	0.987106	0.987106	0.000000
512	10500	462	1	258764	0.987106	0.987106	0.000000
512	10500	463	1	258764	0.987106	0.987106	0.000000
512	10500	464	1	258764	0.987106	0.987106	0.000000
512	10500	465	1	258764	0.987106	0.987106	0.000000
512	10500	466	1	258764	0.987106	0.987106	0.000000
512	10500	467	1	258764	0.987106	0.987106	0.000000
512	10500	468	1	258764	0.987106	0.987106	0.000000
512	10500	469	1	258764	0.987106	0.987106	0.000000
512	10500	470	1	258764	0.987106	0.987106	0.000000
512	10500	471	1	258764	0.987106	0.987106	0.000000
512	10500	472	1	258765	0.987110	0.987110	0.000000
512	10500	473	1	258764	0.987106	0.987106	0.000000
512	10500	474	1	258764	0.987106	0.987106	0.000000
512	10500	475	1	258764	0.987106	0.987106	0.000000
512	10500	476	1	258764	0.987106	0.987106	0.000000
512	10500	477	1	258764	0.987106	0.987106	0.000000
512	10500	478	1	258764	0.987106	0.987106	0.000000
512	10500	479	1	258764	0.987106	0.987106	0.000000
512	10500	480	1	258764	0.987106	0.987106	0.000000
512	10500	481	1	258764	0.987106	0.987106	0.000000
512	10500	482	1	258764	0.987106	0.987106	0.000000
512	10500	483	1	258764	0.987106	0.987106	0.000000
512	10500	484	1	258764	0.987106	0.987106	0.000000
512	10500	485	1	258764	0.987106	0.987106	0.000000
512	10500	486	1	258764	0.987106	0.987106	0.000000
512	10500	487	1	258764	0.987106	0.987106	0.000000
512	10500	488	1	258764	0.987106	0.987106	0.000000
512	10500	489	1	258764	0.987106	0.987106	0.000000
512	10500	490	1	258765	0.987110	0.987110	0.000000
512	10500	491	1	258764	0.987106	0.987106	0.000000
512	10500	492	1	258765	0.987110	0.987110	0.000000
512	10500	493	1	258764	0.987106	0.987106	0.000000
512	10500	494	1	258765	0.987110	0.987110	0.000000
512	10500	495	1	258764	0.987106	0.987106	0.000000
512	10500	496	1	258764	0.987106	0.987106	0.000000
512	10500	497	1	258764	0.987106	0.987106	0.000000
512	10500	498	1	258764	0.987106	0.987106	0.000000
512	10500	499	1	258764	0.987106	0.987106	0.000000
512	10500	500	1	258765	0.987110	0.987110	0.000000
512	10500	501	1	258764	0.987106	0.987106	0.000000
512	10500	502	1	258764	0.987106	0.987106	0.000000
512	10500	503	1	258764	0.987106	0.987106	0.000000
512	10500	504	1	258764	0.987106	0.987106	0.000000
512	10500	505	1	258765	0.987110	0.987110	0.000000
512	10500	506	1	258764	0.987106	0.987106	0.000000
512	10500	507	1	258764	0.987106	0.987106	0.000000
512	10500	508	1	258764	0.987106	0.987106	0.000000
512	10500	509	1	258764	0.987106	0.987106	0.000000
512	10500	510	1	258764	0.987106	0.987106	0.000000
512	10500	511	1	258764	0.987106	0.987106	0.000000
512	10500	512	1	258764	0.987106	0.987106	0.000000
512	10500	513	1	258764	0.987106	0.987106	0.000000
512	10500	514	1	258764	0.987106	0.987106	0.000000
512	10500	515	1	258764	0.987106	0.987106	0.000000
512	10500	516	1	258764	0.987106	0.987106	0.000000
512	10500	517	1	258764	0.987106	0.987106	0.000000
512	10500	518	1	258765	0.987110	0.987110	0.000000
512	10500	519	1	258764	0.987106	0.987106	0.000000
512	10500	520	1	258764	0.987106	0.987106	0.000000
512	10500	521	1	258764	0.987106	0.987106	0.000000
512	10500	522	1	258764	0.987106	0.987106	0.000000
512	10500	523	1	258764	0.987106	0.987106	0.000000
512	10500	524	1	258764	0.987106	0.987106	0.000000
512	10500	525	1	258764	0.987106	0.987106	0.000000
512	10500	526	1	258764	0.987106	0.987106	0.000000
512	10500	527	1	258764	0.987106	0.987106	0.000000
512	10500	528	1	258764	0.987106	0.987106	0.000000
512	10500	529	1	258764	0.987106	0.987106	0.000000
512	10500	530	1	258764	0.987106	0.987106	0.000000
512	10500	531	1	258764	0.987106	0.987106	0.000000
512	10500	532	1	258764	0.987106	0.987106	0.000000
512	10500	533	1	258764	0.987106	0.987106	0.000000
512	10500	534	1	258764	0.987106	0.987106	0.000000
512	10500	535	1	258764	0.987106	0.987106	0.000000
512	10500	536	1	258765	0.987110	0.987110	0.000000
512	10500	537	1	258764	0.987106	0.987106	0.000000
512	10500	538	1	258764	0.987106	0.987106	0.000000
512	10500	539	1	258764	0.987106	0.987106	0.000000
512	10500	540	1	258764	0.987106	0.987106	0.000000
512	10500	541	1	258764	0.987106	0.987106	0.000000
512	10500	542	1	258764	0.987106	0.987106	0.000000
512	10500	543	1	258765	0.987110	0.987110	0.000000
512	10500	544	1	258764	0.987106	0.987106	0.000000
512	10500	545	1	258764	0.987106	0.987106	0.000000
512	10500	546	1	258764	0.987106	0.987106	0.000000
512	10500	547	1	258764	0.987106	0.987106	0.000000
512	10500	548	1	258764	0.987106	0.987106	0.000000
512	10500	549	1	258764	0.987106	0.987106	0.000000
512	10500	550	1	258764	0.987106	0.987106	0.000000
512	10500	551	1	258764	0.987106	0.987106	0.000000
512	10500	552	1	258765	0.987110	0.987110	0.000000
512	10500	553	1	258764	0.987106	0.987106	0.000000
512	10500	554	1	258764	0.987106	0.987106	0.000000
512	10500	555	1	258764	0.987106	0.987106	0.000000
512	10500	556	1	258764	0.987106	0.987106	0.000000
512	10500	557	1	258764	0.987106	0.987106	0.000000
512	10500	558	1	258764	0.987106	0.987106	0.000000
512	10500	559	1	258764	0.987106	0.987106	0.000000
512	10500	560	1	258765	0.987110	0.987110	0.000000
512	10500	561	1	258764	0.987106	0.987106	0.000000
512	10500	562	1	258764	0.987106	0.987106	0.000000
512	10500	563	1	258764	0.987106	0.987106	0.000000
512	10500	564	1	258764	0.987106	0.987106	0.000000
512	10500	565	1	258764	0.987106	0.987106	0.000000
512	10500	566	1	258764	0.987106	0.987106	0.000000
512	10500	567	1	258764	0.987106	0.987106	0.000000
512	10500	568	1	258764	0.987106	0.987106	0.000000
512	10500	569	1	258764	0.987106	0.987106	0.000000
512	10500	570	1	258764	0.987106	0.987106	0.000000
512	10500	571	1	258764	0.987106	0.987106	0.000000
512	10500	572	1	258764	0.987106	0.987106	0.000000
512	10500	573	1	258764	0.987106	0.987106	0.000000
512	10500	574	1	258764	0.987106	0.987106	0.000000
512	10500	575	1	258764	0.987106	0.987106	0.000000
512	10500	576	1	258764	0.987106	0.987106	0.000000
512	10500	577	1	258764	0.987106	0.987106	0.000000
512	10500	578	1	258764	0.987106	0.987106	0.000000
512	10500	579	1	258764	0.987106	0.987106	0.000000
512	10500	580	1	258764	0.987106	0.987106	0.000000
512	10500	581	1	258764	0.987106	0.987106	0.000000
512	10500	582	1	258764	0.987106	0.987106	0.000000
512	10500	583	1	258764	0.987106	0.987106	0.000000
512	10500	584	1	258764	0.987106	0.987106	0.000000
512	10500	585	1	258764	0.987106	0.987106	0.000000
512	10500	586	1	258764	0.987106	0.987106	0.000000
512	10500	587	1	258765	0.987110	0.987110	0.000000
512	10500	588	1	258764	0.987106	0.987106	0.000000
512	10500	589	1	258764	0.987106	0.987106	0.000000
512	10500	590	1	258764	0.987106	0.987106	0.000000
512	10500	591	1	258764	0.987106	0.987106	0.000000
512	10500	592	1	258764	0.987106	0.987106	0.000000
512	10500	593	1	258764	0.987106	0.987106	0.000000
512	10500	594	1	258764	0.987106	0.987106	0.000000
512	10500	595	1	258764	0.987106	0.987106	0.000000
512	10500	596	1	258764	0.987106	0.987106	0.000000
512	10500	597	1	258764	0.987106	0.987106	0.000000
512	10500	598	1	258764	0.987106	0.987106	0.000000
512	10500	599	1	258765	0.987110	0.987110	0.000000
512	10500	600	1	258764	0.987106	0.987106	0.000000
512	10500	601	1	258764	0.987106	0.987106	0.000000
512	10500	602	1	258764	0.987106	0.987106	0.000000
512	10500	603	1	258764	0.987106	0.987106	0.000000
512	10500	604	1	258764	0.987106	0.987106	0.000000
512	10500	605	1	258765	0.987110	0.987110	0.000000
512	10500	606	1	258764	0.987106	0.987106	0.000000
512	10500	607	1	258764	0.987106	0.987106	0.000000
512	10500	608	1	258765	0.987110	0.987110	0.000000
512	10500	609	1	258764	0.987106	0.987106	0.000000
512	10500	610	1	258765	0.987110	0.987110	0.000000
512	10500	611	1	258764	0.987106	0.987106	0.000000
512	10500	612	1	258764	0.987106	0.987106	0.000000
512	10500	613	1	258764	0.987106	0.987106	0.000000
512	10500	614	1	258764	0.987106	0.987106	0.000000
512	10500	615	1	258764	0.987106	0.987106	0.000000
512	10500	616	1	258765	0.987110	0.987110	0.000000
512	10500	617	1	258764	0.987106	0.987106	0.000000
512	10500	618	1	258764	0.987106	0.987106	0.000000
512	10500	619	1	258764	0.987106	0.987106	0.000000
512	10500	620	1	258764	0.987106	0.987106	0.000000
512	10500	621	1	258764	0.987106	0.987106	0.000000
512	10500	622	1	258764	0.987106	0.987106	0.000000
512	10500	623	1	258764	0.987106	0.987106	0.000000
512	10500	624	1	258764	0.987106	0.987106	0.000000
512	10500	625	1	258764	0.987106	0.987106	0.000000
512	10500	626	1	258764	0.987106	0.987106	0.000000
512	10500	627	1	258764	0.987106	0.987106	0.000000
512	10500	628	1	258764	0.987106	0.987106	0.000000
512	10500	629	1	258764	0.987106	0.987106	0.000000
512	10500	630	1	258764	0.987106	0.987106	0.000000
512	10500	631	1	258764	0.987106	0.987106	0.000000
512	10500	632	1	258764	0.987106	0.987106	0.000000
512	10500	633	1	258764	0.987106	0.987106	0.000000
512	10500	634	1	258764	0.987106	0.987106	0.000000
512	10500	635	1	258764	0.987106	0.987106	0.000000
512	10500	636	1	258764	0.987106	0.987106	0.000000
512	10500	637	1	258764	0.987106	0.987106	0.000000
512	10500	638	1	258764	0.987106	0.987106	0.000000
512	10500	639	1	258764	0.987106	0.987106	0.000000
512	10500	640	1	258764	0.987106	0.987106	0.000000
512	10500	641	1	258765	0.987110	0.987110	0.000000
512	10500	642	1	258764	0.987106	0.987106	0.000000
512	10500	643	1	258765	0.987110	0.987110	0.000000
512	10500	644	1	258764	0.987106	0.987106	0.000000
512	10500	645	1	258764	0.987106	0.987106	0.000000
512	10500	646	1	258764	0.987106	0.987106	0.000000
512	10500	647	1	258764	0.987106	0.987106	0.000000
512	10500	648	1	258764	0.987106	0.987106	0.000000
512	10500	649	1	258764	0.987106	0.987106	0.000000
512	10500	650	1	258764	0.987106	0.987106	0.000000
512	10500	651	1	258764	0.987106	0.987106	0.000000
512	10500	652	1	258764	0.987106	0.987106	0.000000
512	10500	653	1	258764	0.987106	0.987106	0.000000
512	10500	654	1	258764	0.987106	0.987106	0.000000
512	10500	655	1	258764	0.987106	0.987106	0.000000
512	10500	656	1	258764	0.987106	0.987106	0.000000
512	10500	657	1	258764	0.987106	0.987106	0.000000
512	10500	658	1	258764	0.987106	0.987106	0.000000
512	10500	659	1	258764	0.987106	0.987106	0.000000
512	10500	660	1	258764	0.987106	0.987106	0.000000
512	10500	661	1	258764	0.987106	0.987106	0.000000
512	10500	662	1	258764	0.987106	0.987106	0.000000
512	10500	663	1	258764	0.987106	0.987106	0.000000
512	10500	664	1	258764	0.987106	0.987106	0.000000
512	10500	665	1	258765	0.987110	0.987110	0.000000
512	10500	666	1	258764	0.987106	0.987106	0.000000
512	10500	667	1	258764	0.987106	0.987106	0.000000
512	10500	668	1	258764	0.987106	0.987106	0.000000
512	10500	669	1	258764	0.987106	0.987106	0.000000
512	10500	670	1	258764	0.987106	0.987106	0.000000
512	10500	671	1	258764	0.987106	0.987106	0.000000
512	10500	672	1	258765	0.987110	0.987110	0.000000
512	10500	673	1	258764	0.987106	0.987106	0.000000
512	10500	674	1	258764	0.987106	0.987106	0.000000
512	10500	675	1	258764	0.987106	0.987106	0.000000
512	10500	676	1	258765	0.987110	0.987110	0.000000
512	10500	677	1	258764	0.987106	0.987106	0.000000
512	10500	678	1	258764	0.987106	0.987106	0.000000
512	10500	679	1	258764	0.987106	0.987106	0.000000
512	10500	680	1	258764	0.987106	0.987106	0.000000
512	10500	681	1	258764	0.987106	0.987106	0.000000
512	10500	682	1	258764	0.987106	0.987106	0.000000
512	10500	683	1	258764	0.987106	0.987106	0.000000
512	10500	684	1	258764	0.987106	0.987106	0.000000
512	10500	685	1	258764	0.987106	0.987106	0.000000
512	10500	686	1	258764	0.987106	0.987106	0.000000
512	10500	687	1	258764	0.987106	0.987106	0.000000
512	10500	688	1	258764	0.987106	0.987106	0.000000
512	10500	689	1	258764	0.987106	0.987106	0.000000
512	10500	690	1	258764	0.987106	0.987106	0.000000
512	10500	691	1	258764	0.987106	0.987106	0.000000
512	10500	692	1	258764	0.987106	0.987106	0.000000
512	10500	693	1	258764	0.987106	0.987106	0.000000
512	10500	694	1	258764	0.987106	0.987106	0.000000
512	10500	695	1	258764	0.987106	0.987106	0.000000
512	10500	696	1	258764	0.987106	0.987106	0.000000
512	10500	697	1	258764	0.987106	0.987106	0.000000
512	10500	698	1	258764	0.987106	0.987106	0.000000
512	10500	699	1	258764	0.987106	0.987106	0.000000
512	10500	700	1	258764	0.987106	0.987106	0.000000
512	10500	701	1	258764	0.987106	0.987106	0.000000
512	10500	702	1	258764	0.987106	0.987106	0.000000
512	10500	703	1	258764	0.987106	0.987106	0.000000
512	10500	704	1	258764	0.987106	0.987106	0.000000
512	10500	705	1	258764	0.987106	0.987106	0.000000
512	10500	706	1	258764	0.987106	0.987106	0.000000
512	10500	707	1	258764	0.987106	0.987106	0.000000
512	10500	708	1	258764	0.987106	0.987106	0.000000
512	10500	709	1	258764	0.987106	0.987106	0.000000
512	10500	710	1	258764	0.987106	0.987106	0.000000
512	10500	711	1	258764	0.987106	0.987106	0.000000
512	10500	712	1	258764	0.987106	0.987106	0.000000
512	10500	713	1	258764	0.987106	0.987106	0.000000
512	10500	714	1	258764	0.987106	0.987106	0.000000
512	10500	715	1	258764	0.987106	0.987106	0.000000
512	10500	716	1	258764	0.987106	0.987106	0.000000
512	10500	717	1	258764	0.987106	0.987106	0.000000
512	10500	718	1	258764	0.987106	0.987106	0.000000
512	10500	719	1	258764	0.987106	0.987106	0.000000
512	10500	720	1	258764	0.987106	0.987106	0.000000
512	10500	721	1	258764	0.987106	0.987106	0.000000
512	10500	722	1	258764	0.987106	0.987106	0.000000
512	10500	723	1	258764	0.987106	0.987106	0.000000
512	10500	724	1	258764	0.987106	0.987106	0.000000
512	10500	725	1	258764	0.987106	0.987106	0.000000
512	10500	726	1	258764	0.987106	0.987106	0.000000
512	10500	727	1	258764	0.987106	0.987106	0.000000
512	10500	728	1	258764	0.987106	0.987106	0.000000
512	10500	729	1	258764	0.987106	0.987106	0.000000
512	10500	730	1	258764	0.987106	0.987106	0.000000
512	10500	731	1	258764	0.987106	0.987106	0.000000
512	10500	732	1	258764	0.987106	0.987106	0.000000
512	10500	733	1	258764	0.987106	0.987106	0.000000
512	10500	734	1	258764	0.987106	0.987106	0.000000
512	10500	735	1	258764	0.987106	0.987106	0.000000
512	10500	736	1	258764	0.987106	0.987106	0.000000
512	10500	737	1	258764	0.987106	0.987106	0.000000
512	10500	738	1	258764	0.987106	0.987106	0.000000
512	10500	739	1	258764	0.987106	0.987106	0.000000
512	10500	740	1	258764	0.987106	0.987106	0.000000
512	10500	741	1	258764	0.987106	0.987106	0.000000
512	10500	742	1	258764	0.987106	0.987106	0.000000
512	10500	743	1	258764	0.987106	0.987106	0.000000
512	10500	744	1	258764	0.987106	0.987106	0.000000
512	10500	745	1	258765	0.987110	0.987110	0.000000
512	10500	746	1	258764	0.987106	0.987106	0.000000
512	10500	747	1	258764	0.987106	0.987106	0.000000
512	10500	748	1	258764	0.987106	0.987106	0.000000
512	10500	749	1	258764	0.987106	0.987106	0.000000
512	10500	750	1	258764	0.987106	0.987106	0.000000
512	10500	751	1	258764	0.987106	0.987106	0.000000
512	10500	752	1	258764	0.987106	0.987106	0.000000
512	10500	753	1	258764	0.987106	0.987106	0.000000
512	10500	754	1	258764	0.987106	0.987106	0.000000
512	10500	755	1	258764	0.987106	0.987106	0.000000
512	10500	756	1	258764	0.987106	0.987106	0.000000
512	10500	757	1	258764	0.987106	0.987106	0.000000
512	10500	758	1	258764	0.987106	0.987106	0.000000
512	10500	759	1	258765	0.987110	0.987110	0.000000
512	10500	760	1	258764	0.987106	0.987106	0.000000
512	10500	761	1	258764	0.987106	0.987106	0.000000
512	10500	762	1	258764	0.987106	0.987106	0.000000
512	10500	763	1	258764	0.987106	0.987106	0.000000
512	10500	764	1	258764	0.987106	0.987106	0.000000
512	10500	765	1	258764	0.987106	0.987106	0.000000
512	10500	766	1	258764	0.987106	0.987106	0.000000
512	10500	767	1	258764	0.987106	0.987106	0.000000
512	10500	768	1	258764	0.987106	0.987106	0.000000
512	10500	769	1	258764	0.987106	0.987106	0.000000
512	10500	770	1	258764	0.987106	0.987106	0.000000
512	10500	771	1	258764	0.987106	0.987106	0.000000
512	10500	772	1	258764	0.987106	0.987106	0.000000
512	10500	773	1	258764	0.987106	0.987106	0.000000
512	10500	774	1	258764	0.987106	0.987106	0.000000
512	10500	775	1	258764	0.987106	0.987106	0.000000
512	10500	776	1	258764	0.987106	0.987106	0.000000
512	10500	777	1	258764	0.987106	0.987106	0.000000
512	10500	778	1	258764	0.987106	0.987106	0.000000
512	10500	779	1	258764	0.987106	0.987106	0.000000
512	10500	780	1	258764	0.987106	0.987106	0.000000
512	10500	781	1	258764	0.987106	0.987106	0.000000
512	10500	782	1	258764	0.987106	0.987106	0.000000
512	10500	783	1	258764	0.987106	0.987106	0.000000
512	10500	784	1	258764	0.987106	0.987106	0.000000
512	10500	785	1	258764	0.987106	0.987106	0.000000
512	10500	786	1	258764	0.987106	0.987106	0.000000
512	10500	787	1	258764	0.987106	0.987106	0.000000
512	10500	788	1	258764	0.987106	0.987106	0.000000
512	10500	789	1	258764	0.987106	0.987106	0.000000
512	10500	790	1	258764	0.987106	0.987106	0.000000
512	10500	791	1	258764	0.987106	0.987106	0.000000
512	10500	792	1	258764	0.987106	0.987106	0.000000
512	10500	793	1	258764	0.987106	0.987106	0.000000
512	10500	794	1	258764	0.987106	0.987106	0.000000
512	10500	795	1	258764	0.987106	0.987106	0.000000
512	10500	796	1	258764	0.987106	0.987106	0.000000
512	10500	797	1	258764	0.987106	0.987106	0.000000
512	10500	798	1	258764	0.987106	0.987106	0.000000
512	10500	799	1	258764	0.987106	0.987106	0.000000
512	10500	800	1	258764	0.987106	0.987106	0.000000
512	10500	801	1	258764	0.987106	0.987106	0.000000
512	10500	802	1	258764	0.987106	0.987106	0.000000
512	10500	803	1	258764	0.987106	0.987106	0.000000
512	10500	804	1	258764	0.987106	0.987106	0.000000
512	10500	805	1	258764	0.987106	0.987106	0.000000
512	10500	806	1	258764	0.987106	0.987106	0.000000
512	10500	807	1	258764	0.987106	0.987106	0.000000
512	10500	808	1	258764	0.987106	0.987106	0.000000
512	10500	809	1	258764	0.987106	0.987106	0.000000
512	10500	810	1	258764	0.987106	0.987106	0.000000
512	10500	811	1	258764	0.987106	0.987106	0.000000
512	10500	812	1	258764	0.987106	0.987106	0.000000
512	10500	813	1	258764	0.987106	0.987106	0.000000
512	10500	814	1	258764	0.987106	0.987106	0.000000
512	10500	815	1	258764	0.987106	0.987106	0.000000
512	10500	816	1	258764	0.987106	0.987106	0.000000
512	10500	817	1	258764	0.987106	0.987106	0.000000
512	10500	818	1	258765	0.987110	0.987110	0.000000
512	10500	819	1	258764	0.987106	0.987106	0.000000
512	10500	820	1	258764	0.987106	0.987106	0.000000
512	10500	821	1	258764	0.987106	0.987106	0.000000
512	10500	822	1	258764	0.987106	0.987106	0.000000
512	10500	823	1	258764	0.987106	0.987106	0.000000
512	10500	824	1	258764	0.987106	0.987106	0.000000
512	10500	825	1	258764	0.987106	0.987106	0.000000
512	10500	826	1	258764	0.987106	0.987106	0.000000
512	10500	827	1	258764	0.987106	0.987106	0.000000
512	10500	828	1	258764	0.987106	0.987106	0.000000
512	10500	829	1	258764	0.987106	0.987106	0.000000
512	10500	830	1	258764	0.987106	0.987106	0.000000
512	10500	831	1	258764	0.987106	0.987106	0.000000
512	10500	832	1	258764	0.987106	0.987106	0.000000
512	10500	833	1	258764	0.987106	0.987106	0.000000
512	10500	834	1	258764	0.987106	0.987106	0.000000
512	10500	835	1	258764	0.987106	0.987106	0.000000
512	10500	836	1	258764	0.987106	0.987106	0.000000
512	10500	837	1	258764	0.987106	0.987106	0.000000
512	10500	838	1	258764	0.987106	0.987106	0.000000
512	10500	839	1	258764	0.987106	0.987106	0.000000
512	10500	840	1	258764	0.987106	0.987106	0.000000
512	10500	841	1	258764	0.987106	0.987106	0.000000
512	10500	842	1	258764	0.987106	0.987106	0.000000
512	10500	843	1	258764	0.987106	0.987106	0.000000
512	10500	844	1	258764	0.987106	0.987106	0.000000
512	10500	845	1	258764	0.987106	0.987106	0.000000
512	10500	846	1	258764	0.987106	0.987106	0.000000
512	10500	847	1	258765	0.987110	0.987110	0.000000
512	10500	848	1	258764	0.987106	0.987106	0.000000
512	10500	849	1	258764	0.987106	0.987106	0.000000
512	10500	850	1	258764	0.987106	0.987106	0.000000
512	10500	851	1	258764	0.987106	0.987106	0.000000
512	10500	852	1	258764	0.987106	0.987106	0.000000
512	10500	853	1	258764	0.987106	0.987106	0.000000
512	10500	854	1	258764	0.987106	0.987106	0.000000
512	10500	855	1	258764	0.987106	0.987106	0.000000
512	10500	856	1	258764	0.987106	0.987106	0.000000
512	10500	857	1	258764	0.987106	0.987106	0.000000
512	10500	858	1	258764	0.987106	0.987106	0.000000
512	10500	859	1	258764	0.987106	0.987106	0.000000
512	10500	860	1	258764	0.987106	0.987106	0.000000
512	10500	861	1	258764	0.987106	0.987106	0.000000
512	10500	862	1	258764	0.987106	0.987106	0.000000
512	10500	863	1	258764	0.987106	0.987106	0.000000
512	10500	864	1	258764	0.987106	0.987106	0.000000
512	10500	865	1	258764	0.987106	0.987106	0.000000
512	10500	866	1	258764	0.987106	0.987106	0.000000
512	10500	867	1	258764	0.987106	0.987106	0.000000
512	10500	868	1	258764	0.987106	0.987106	0.000000
512	10500	869	1	258764	0.987106	0.987106	0.000000
512	10500	870	1	258764	0.987106	0.987106	0.000000
512	10500	871	1	258764	0.987106	0.987106	0.000000
512	10500	872	1	258764	0.987106	0.987106	0.000000
512	10500	873	1	258764	0.987106	0.987106	0.000000
512	10500	874	1	258765	0.987110	0.987110	0.000000
512	10500	875	1	258764	0.987106	0.987106	0.000000
512	10500	876	1	258764	0.987106	0.987106	0.000000
512	10500	877	1	258764	0.987106	0.987106	0.000000
512	10500	878	1	258765	0.987110	0.987110	0.000000
512	10500	879	1	258764	0.987106	0.987106	0.000000
512	10500	880	1	258764	0.987106	0.987106	0.000000
512	10500	881	1	258764	0.987106	0.987106	0.000000
512	10500	882	1	258764	0.987106	0.987106	0.000000
512	10500	883	1	258764	0.987106	0.987106	0.000000
512	10500	884	1	258764	0.987106	0.987106	0.000000
512	10500	885	1	258764	0.987106	0.987106	0.000000
512	10500	886	1	258764	0.987106	0.987106	0.000000
512	10500	887	1	258765	0.987110	0.987110	0.000000
512	10500	888	1	258764	0.987106	0.987106	0.000000
512	10500	889	1	258765	0.987110	0.987110	0.000000
512	10500	890	1	258764	0.987106	0.987106	0.000000
512	10500	891	1	258764	0.987106	0.987106	0.000000
512	10500	892	1	258764	0.987106	0.987106	0.000000
512	10500	893	1	258764	0.987106	0.987106	0.000000
512	10500	894	1	258764	0.987106	0.987106	0.000000
512	10500	895	1	258764	0.987106	0.987106	0.000000
512	10500	896	1	258764	0.987106	0.987106	0.000000
512	10500	897	1	258764	0.987106	0.987106	0.000000
512	10500	898	1	258764	0.987106	0.987106	0.000000
512	10500	899	1	258764	0.987106	0.987106	0.000000
512	10500	900	1	258764	0.987106	0.987106	0.000000
512	10500	901	1	258764	0.987106	0.987106	0.000000
512	10500	902	1	258764	0.987106	0.987106	0.000000
512	10500	903	1	258765	0.987110	0.987110	0.000000
512	10500	904	1	258764	0.987106	0.987106	0.000000
512	10500	905	1	258765	0.987110	0.987110	0.000000
512	10500	906	1	258764	0.987106	0.987106	0.000000
512	10500	907	1	258764	0.987106	0.987106	0.000000
512	10500	908	1	258764	0.987106	0.987106	0.000000
512	10500	909	1	258764	0.987106	0.987106	0.000000
512	10500	910	1	258764	0.987106	0.987106	0.000000
512	10500	911	1	258764	0.987106	0.987106	0.000000
512	10500	912	1	258764	0.987106	0.987106	0.000000
512	10500	913	1	258764	0.987106	0.987106	0.000000
512	10500	914	1	258764	0.987106	0.987106	0.000000
512	10500	915	1	258764	0.987106	0.987106	0.000000
512	10500	916	1	258764	0.987106	0.987106	0.000000
512	10500	917	1	258764	0.987106	0.987106	0.000000
512	10500	918	1	258764	0.987106	0.987106	0.000000
512	10500	919	1	258764	0.987106	0.987106	0.000000
512	10500	920	1	258764	0.987106	0.987106	0.000000
512	10500	921	1	258764	0.987106	0.987106	0.000000
512	10500	922	1	258764	0.987106	0.987106	0.000000
512	10500	923	1	258764	0.987106	0.987106	0.000000
512	10500	924	1	258764	0.987106	0.987106	0.000000
512	10500	925	1	258764	0.987106	0.987106	0.000000
512	10500	926	1	258765	0.987110	0.987110	0.000000
512	10500	927	1	258764	0.987106	0.987106	0.000000
512	10500	928	1	258764	0.987106	0.987106	0.000000
512	10500	929	1	258764	0.987106	0.987106	0.000000
512	10500	930	1	258764	0.987106	0.987106	0.000000
512	10500	931	1	258764	0.987106	0.987106	0.000000
512	10500	932	1	258764	0.987106	0.987106	0.000000
512	10500	933	1	258764	0.987106	0.987106	0.000000
512	10500	934	1	258764	0.987106	0.987106	0.000000
512	10500	935	1	258764	0.987106	0.987106	0.000000
512	10500	936	1	258764	0.987106	0.987106	0.000000
512	10500	937	1	258764	0.987106	0.987106	0.000000
512	10500	938	1	258765	0.987110	0.987110	0.000000
512	10500	939	1	258764	0.987106	0.987106	0.000000
512	10500	940	1	258764	0.987106	0.987106	0.000000
512	10500	941	1	258764	0.987106	0.987106	0.000000
512	10500	942	1	258764	0.987106	0.987106	0.000000
512	10500	943	1	258764	0.987106	0.987106	0.000000
512	10500	944	1	258764	0.987106	0.987106	0.000000
512	10500	945	1	258765	0.987110	0.987110	0.000000
512	10500	946	1	258764	0.987106	0.987106	0.000000
512	10500	947	1	258764	0.987106	0.987106	0.000000
512	10500	948	1	258764	0.987106	0.987106	0.000000
512	10500	949	1	258765	0.987110	0.987110	0.000000
512	10500	950	1	258764	0.987106	0.987106	0.000000
512	10500	951	1	258764	0.987106	0.987106	0.000000
512	10500	952	1	258764	0.987106	0.987106	0.000000
512	10500	953	1	258764	0.987106	0.987106	0.000000
512	10500	954	1	258764	0.987106	0.987106	0.000000
512	10500	955	1	258764	0.987106	0.987106	0.000000
512	10500	956	1	258764	0.987106	0.987106	0.000000
512	10500	957	1	258764	0.987106	0.987106	0.000000
512	10500	958	1	258764	0.987106	0.987106	0.000000
512	10500	959	1	258764	0.987106	0.987106	0.000000
512	10500	960	1	258764	0.987106	0.987106	0.000000
512	10500	961	1	258764	0.987106	0.987106	0.000000
512	10500	962	1	258764	0.987106	0.987106	0.000000
512	10500	963	1	258764	0.987106	0.987106	0.000000
512	10500	964	1	258764	0.987106	0.987106	0.000000
512	10500	965	1	258764	0.987106	0.987106	0.000000
512	10500	966	1	258764	0.987106	0.987106	0.000000
512	10500	967	1	258764	0.987106	0.987106	0.000000
512	10500	968	1	258764	0.987106	0.987106	0.000000
512	10500	969	1	258764	0.987106	0.987106	0.000000
512	10500	970	1	258764	0.987106	0.987106	0.000000
512	10500	971	1	258764	0.987106	0.987106	0.000000
512	10500	972	1	258764	0.987106	0.987106	0.000000
512	10500	973	1	258764	0.987106	0.987106	0.000000
512	10500	974	1	258764	0.987106	0.987106	0.000000
512	10500	975	1	258764	0.987106	0.987106	0.000000
512	10500	976	1	258765	0.987110	0.987110	0.000000
512	10500	977	1	258764	0.987106	0.987106	0.000000
512	10500	978	1	258764	0.987106	0.987106	0.000000
512	10500	979	1	258764	0.987106	0.987106	0.000000
512	10500	980	1	258764	0.987106	0.987106	0.000000
512	10500	981	1	258764	0.987106	0.987106	0.000000
512	10500	982	1	258764	0.987106	0.987106	0.000000
512	10500	983	1	258764	0.987106	0.987106	0.000000
512	10500	984	1	258764	0.987106	0.987106	0.000000
512	10500	985	1	258764	0.987106	0.987106	0.000000
512	10500	986	1	258764	0.987106	0.987106	0.000000
512	10500	987	1	258764	0.987106	0.987106	0.000000
512	10500	988	1	258764	0.987106	0.987106	0.000000
512	10500	989	1	258764	0.987106	0.987106	0.000000
512	10500	990	1	258764	0.987106	0.987106	0.000000
512	10500	991	1	258764	0.987106	0.987106	0.000000
512	10500	992	1	258764	0.987106	0.987106	0.000000
512	10500	993	1	258764	0.987106	0.987106	0.000000
512	10500	994	1	258764	0.987106	0.987106	0.000000
512	10500	995	1	258764	0.987106	0.987106	0.000000
512	10500	996	1	258764	0.987106	0.987106	0.000000
512	10500	997	1	258764	0.987106	0.987106	0.000000
512	10500	998	1	258765	0.987110	0.987110	0.000000
512	10500	999	1	258764	0.987106	0.987106	0.000000
512	10500	1000	1	258764	0.987106	0.987106	0.000000
