512	9300	2	8568	91	0.000347	0.139828	0.000347
512	9300	3	8524	54	0.000206	0.143669	0.000206
512	9300	4	8286	47	0.000179	0.136810	0.000179
512	9300	5	8607	74	0.000282	0.138523	0.000282
512	9300	6	8585	67	0.000256	0.142086	0.000256
512	9300	7	8594	63	0.000240	0.139469	0.000240
512	9300	8	8370	78	0.000298	0.137775	0.000298
512	9300	9	8426	70	0.000267	0.137699	0.000267
512	9300	10	8382	57	0.000217	0.136005	0.000217
512	9300	11	8484	67	0.000256	0.139061	0.000256
512	9300	12	8578	72	0.000275	0.139771	0.000275
512	9300	13	8550	68	0.000259	0.139427	0.000259
512	9300	14	8631	85	0.000324	0.146748	0.000324
512	9300	15	8574	65	0.000248	0.140816	0.000248
512	9300	16	8734	80	0.000305	0.142590	0.000305
512	9300	17	8671	53	0.000202	0.141579	0.000202
512	9300	18	8527	74	0.000282	0.142605	0.000282
512	9300	19	8578	59	0.000225	0.137619	0.000225
512	9300	20	8607	73	0.000278	0.142689	0.000278
512	9300	21	8573	64	0.000244	0.139637	0.000244
512	9300	22	8578	68	0.000259	0.141060	0.000259
512	9300	23	8520	70	0.000267	0.140690	0.000267
512	9300	24	8621	65	0.000248	0.141598	0.000248
512	9300	25	8329	70	0.000267	0.134285	0.000267
512	9300	26	8408	54	0.000206	0.135128	0.000206
512	9300	27	8416	105	0.000401	0.140114	0.000401
512	9300	28	8765	66	0.000252	0.144470	0.000252
512	9300	29	8519	57	0.000217	0.138206	0.000217
512	9300	30	8591	74	0.000282	0.143368	0.000282
512	9300	31	8667	73	0.000278	0.144318	0.000278
512	9300	32	8537	55	0.000210	0.141071	0.000210
512	9300	33	8454	83	0.000317	0.138359	0.000317
512	9300	34	8596	83	0.000317	0.139824	0.000317
512	9300	35	8747	67	0.000256	0.142128	0.000256
512	9300	36	8432	89	0.000340	0.139088	0.000340
512	9300	37	8467	64	0.000244	0.139378	0.000244
512	9300	38	8496	75	0.000286	0.139610	0.000286
512	9300	39	8634	90	0.000343	0.141884	0.000343
512	9300	40	8358	60	0.000229	0.138306	0.000229
512	9300	41	8509	65	0.000248	0.138527	0.000248
512	9300	42	8607	65	0.000248	0.140701	0.000248
512	9300	43	8614	65	0.000248	0.140202	0.000248
512	9300	44	8528	72	0.000275	0.140823	0.000275
512	9300	45	8582	62	0.000237	0.140678	0.000237
512	9300	46	8534	53	0.000202	0.139515	0.000202
512	9300	47	8529	83	0.000317	0.139507	0.000317
512	9300	48	8458	80	0.000305	0.139046	0.000305
512	9300	49	8376	59	0.000225	0.138454	0.000225
512	9300	50	8841	60	0.000229	0.143635	0.000229
512	9300	51	8530	53	0.000202	0.139050	0.000202
512	9300	52	8546	72	0.000275	0.139572	0.000275
512	9300	53	8681	104	0.000397	0.142578	0.000397
512	9300	54	8618	52	0.000198	0.143230	0.000198
512	9300	55	8498	56	0.000214	0.137741	0.000214
512	9300	56	8547	73	0.000278	0.141411	0.000278
512	9300	57	8533	100	0.000381	0.140335	0.000381
512	9300	58	8485	87	0.000332	0.140907	0.000332
512	9300	59	8598	119	0.000454	0.140381	0.000454
512	9300	60	8571	58	0.000221	0.141945	0.000221
512	9300	61	8541	74	0.000282	0.141834	0.000282
512	9300	62	8642	71	0.000271	0.140144	0.000271
512	9300	63	8716	61	0.000233	0.141815	0.000233
512	9300	64	8639	81	0.000309	0.142056	0.000309
512	9300	65	8424	102	0.000389	0.137947	0.000389
512	9300	66	8521	120	0.000458	0.140141	0.000458
512	9300	67	8467	64	0.000244	0.138744	0.000244
512	9300	68	8463	85	0.000324	0.138527	0.000324
512	9300	69	8665	53	0.000202	0.143368	0.000202
512	9300	70	8709	66	0.000252	0.142879	0.000252
512	9300	71	8398	95	0.000362	0.135815	0.000362
512	9300	72	8517	63	0.000240	0.141483	0.000240
512	9300	73	8408	79	0.000301	0.139435	0.000301
512	9300	74	8628	59	0.000225	0.140862	0.000225
512	9300	75	8571	86	0.000328	0.139835	0.000328
512	9300	76	8343	72	0.000275	0.137661	0.000275
512	9300	77	8614	73	0.000278	0.142143	0.000278
512	9300	78	8562	91	0.000347	0.146461	0.000347
512	9300	79	8378	70	0.000267	0.136852	0.000267
512	9300	80	8938	66	0.000252	0.146126	0.000252
512	9300	81	8648	71	0.000271	0.145580	0.000271
512	9300	82	8723	68	0.000259	0.144985	0.000259
512	9300	83	8708	68	0.000259	0.143250	0.000259
512	9300	84	8471	66	0.000252	0.138485	0.000252
512	9300	85	8557	89	0.000340	0.142109	0.000340
512	9300	86	8520	68	0.000259	0.141678	0.000259
512	9300	87	8441	62	0.000237	0.142635	0.000237
512	9300	88	8571	58	0.000221	0.139095	0.000221
512	9300	89	8390	83	0.000317	0.139366	0.000317
512	9300	90	8606	99	0.000378	0.143715	0.000378
512	9300	91	8445	101	0.000385	0.138050	0.000385
512	9300	92	8606	67	0.000256	0.145451	0.000256
512	9300	93	8733	70	0.000267	0.143772	0.000267
512	9300	94	8575	60	0.000229	0.141708	0.000229
512	9300	95	8399	66	0.000252	0.137463	0.000252
512	9300	96	8564	54	0.000206	0.136597	0.000206
512	9300	97	8587	63	0.000240	0.139507	0.000240
512	9300	98	8573	64	0.000244	0.140343	0.000244
512	9300	99	8276	66	0.000252	0.136337	0.000252
512	9300	100	8355	68	0.000259	0.140106	0.000259
512	9300	101	8789	104	0.000397	0.144131	0.000397
512	9300	102	8776	66	0.000252	0.144901	0.000252
512	9300	103	8416	110	0.000420	0.140106	0.000420
512	9300	104	8674	62	0.000237	0.140259	0.000237
512	9300	105	8402	77	0.000294	0.139992	0.000294
512	9300	106	8394	87	0.000332	0.139595	0.000332
512	9300	107	8614	77	0.000294	0.143024	0.000294
512	9300	108	8517	73	0.000278	0.136837	0.000278
512	9300	109	8562	68	0.000259	0.138470	0.000259
512	9300	110	8506	78	0.000298	0.138882	0.000298
512	9300	111	8566	63	0.000240	0.142643	0.000240
512	9300	112	8629	70	0.000267	0.143688	0.000267
512	9300	113	8518	75	0.000286	0.139729	0.000286
512	9300	114	8424	68	0.000259	0.142796	0.000259
512	9300	115	8663	83	0.000317	0.145157	0.000317
512	9300	116	8586	98	0.000374	0.141258	0.000374
512	9300	117	8554	69	0.000263	0.143116	0.000263
512	9300	118	8672	82	0.000313	0.146263	0.000313
512	9300	119	8599	57	0.000217	0.142818	0.000217
512	9300	120	8604	71	0.000271	0.142574	0.000271
512	9300	121	8424	82	0.000313	0.134315	0.000313
512	9300	122	8641	73	0.000278	0.140999	0.000278
512	9300	123	8587	82	0.000313	0.144798	0.000313
512	9300	124	8468	53	0.000202	0.137142	0.000202
512	9300	125	8619	89	0.000340	0.140125	0.000340
512	9300	126	8556	78	0.000298	0.143185	0.000298
512	9300	127	8783	51	0.000195	0.140415	0.000195
512	9300	128	8501	75	0.000286	0.141125	0.000286
512	9300	129	8474	89	0.000340	0.139847	0.000340
512	9300	130	8324	90	0.000343	0.139709	0.000343
512	9300	131	8514	71	0.000271	0.141693	0.000271
512	9300	132	8742	87	0.000332	0.145321	0.000332
512	9300	133	8315	79	0.000301	0.136452	0.000301
512	9300	134	8565	83	0.000317	0.139385	0.000317
512	9300	135	8236	71	0.000271	0.133091	0.000271
512	9300	136	8478	120	0.000458	0.143093	0.000458
512	9300	137	8722	72	0.000275	0.146801	0.000275
512	9300	138	8574	101	0.000385	0.136986	0.000385
512	9300	139	8456	103	0.000393	0.142059	0.000393
512	9300	140	8274	50	0.000191	0.136616	0.000191
512	9300	141	8469	61	0.000233	0.137188	0.000233
512	9300	142	8474	96	0.000366	0.141102	0.000366
512	9300	143	8493	93	0.000355	0.141029	0.000355
512	9300	144	8682	53	0.000202	0.142773	0.000202
512	9300	145	8710	68	0.000259	0.140938	0.000259
512	9300	146	8549	71	0.000271	0.137516	0.000271
512	9300	147	8582	60	0.000229	0.139416	0.000229
512	9300	148	8562	95	0.000362	0.142021	0.000362
512	9300	149	8424	63	0.000240	0.140900	0.000240
512	9300	150	8580	79	0.000301	0.141464	0.000301
512	9300	151	8528	78	0.000298	0.141891	0.000298
512	9300	152	8678	95	0.000362	0.144032	0.000362
512	9300	153	8744	65	0.000248	0.143242	0.000248
512	9300	154	8620	99	0.000378	0.144402	0.000378
512	9300	155	8512	82	0.000313	0.140686	0.000313
512	9300	156	8327	60	0.000229	0.138550	0.000229
512	9300	157	8503	59	0.000225	0.139679	0.000225
512	9300	158	8779	58	0.000221	0.143753	0.000221
512	9300	159	8423	53	0.000202	0.133808	0.000202
512	9300	160	8421	76	0.000290	0.141117	0.000290
512	9300	161	8752	92	0.000351	0.144230	0.000351
512	9300	162	8382	65	0.000248	0.137836	0.000248
512	9300	163	8513	100	0.000381	0.142719	0.000381
512	9300	164	8493	61	0.000233	0.138874	0.000233
512	9300	165	8446	86	0.000328	0.136158	0.000328
512	9300	166	8792	73	0.000278	0.146675	0.000278
512	9300	167	8299	58	0.000221	0.136894	0.000221
512	9300	168	8601	76	0.000290	0.142017	0.000290
512	9300	169	8660	89	0.000340	0.144039	0.000340
512	9300	170	8433	60	0.000229	0.137856	0.000229
512	9300	171	8461	69	0.000263	0.139027	0.000263
512	9300	172	8598	79	0.000301	0.142212	0.000301
512	9300	173	8587	73	0.000278	0.143158	0.000278
512	9300	174	8357	63	0.000240	0.136860	0.000240
512	9300	175	8399	81	0.000309	0.140030	0.000309
512	9300	176	8520	88	0.000336	0.142342	0.000336
512	9300	177	8742	66	0.000252	0.144333	0.000252
512	9300	178	8612	68	0.000259	0.141861	0.000259
512	9300	179	8487	72	0.000275	0.142048	0.000275
512	9300	180	8508	59	0.000225	0.142151	0.000225
512	9300	181	8387	88	0.000336	0.140568	0.000336
512	9300	182	8589	74	0.000282	0.142704	0.000282
512	9300	183	8463	56	0.000214	0.138504	0.000214
512	9300	184	8560	74	0.000282	0.139606	0.000282
512	9300	185	8499	77	0.000294	0.138008	0.000294
512	9300	186	8700	87	0.000332	0.146160	0.000332
512	9300	187	8605	65	0.000248	0.140709	0.000248
512	9300	188	8577	84	0.000320	0.139236	0.000320
512	9300	189	8618	107	0.000408	0.144836	0.000408
512	9300	190	8541	113	0.000431	0.139633	0.000431
512	9300	191	8636	52	0.000198	0.139557	0.000198
512	9300	192	8859	64	0.000244	0.145428	0.000244
512	9300	193	8642	86	0.000328	0.143509	0.000328
512	9300	194	8555	109	0.000416	0.139294	0.000416
512	9300	195	8501	76	0.000290	0.139801	0.000290
512	9300	196	8618	77	0.000294	0.141861	0.000294
512	9300	197	8582	48	0.000183	0.140472	0.000183
512	9300	198	8768	77	0.000294	0.143333	0.000294
512	9300	199	8632	65	0.000248	0.143562	0.000248
512	9300	200	8567	78	0.000298	0.143353	0.000298
512	9300	201	8526	56	0.000214	0.140465	0.000214
512	9300	202	8510	76	0.000290	0.142826	0.000290
512	9300	203	8540	107	0.000408	0.142868	0.000408
512	9300	204	8750	69	0.000263	0.141537	0.000263
512	9300	205	8570	62	0.000237	0.141747	0.000237
512	9300	206	8489	105	0.000401	0.139713	0.000401
512	9300	207	8556	70	0.000267	0.142460	0.000267
512	9300	208	8490	61	0.000233	0.141384	0.000233
512	9300	209	8587	62	0.000237	0.141407	0.000237
512	9300	210	8748	67	0.000256	0.143299	0.000256
512	9300	211	8525	92	0.000351	0.143372	0.000351
512	9300	212	8588	53	0.000202	0.140179	0.000202
512	9300	213	8512	67	0.000256	0.139591	0.000256
512	9300	214	8522	106	0.000404	0.140671	0.000404
512	9300	215	8596	95	0.000362	0.142582	0.000362
512	9300	216	8458	55	0.000210	0.138371	0.000210
512	9300	217	8560	71	0.000271	0.141792	0.000271
512	9300	218	8371	95	0.000362	0.137123	0.000362
512	9300	219	8468	49	0.000187	0.136765	0.000187
512	9300	220	8383	84	0.000320	0.136032	0.000320
512	9300	221	8681	70	0.000267	0.142128	0.000267
512	9300	222	8801	70	0.000267	0.142754	0.000267
512	9300	223	8538	64	0.000244	0.139946	0.000244
512	9300	224	8632	58	0.000221	0.139225	0.000221
512	9300	225	8587	56	0.000214	0.139809	0.000214
512	9300	226	8672	61	0.000233	0.143032	0.000233
512	9300	227	8619	76	0.000290	0.143166	0.000290
512	9300	228	8369	76	0.000290	0.136890	0.000290
512	9300	229	8680	74	0.000282	0.139996	0.000282
512	9300	230	8558	66	0.000252	0.140770	0.000252
512	9300	231	8650	70	0.000267	0.141785	0.000267
512	9300	232	8467	66	0.000252	0.138973	0.000252
512	9300	233	8658	103	0.000393	0.143536	0.000393
512	9300	234	8668	54	0.000206	0.140446	0.000206
512	9300	235	8492	61	0.000233	0.135487	0.000233
512	9300	236	8363	69	0.000263	0.136982	0.000263
512	9300	237	8459	68	0.000259	0.138687	0.000259
512	9300	238	8508	82	0.000313	0.136116	0.000313
512	9300	239	8527	68	0.000259	0.143890	0.000259
512	9300	240	8630	124	0.000473	0.138851	0.000473
512	9300	241	8544	128	0.000488	0.141056	0.000488
512	9300	242	8539	64	0.000244	0.139637	0.000244
512	9300	243	8581	78	0.000298	0.141907	0.000298
512	9300	244	8636	61	0.000233	0.141346	0.000233
512	9300	245	8671	65	0.000248	0.141415	0.000248
512	9300	246	8560	63	0.000240	0.141232	0.000240
512	9300	247	8543	71	0.000271	0.141937	0.000271
512	9300	248	8469	55	0.000210	0.142117	0.000210
512	9300	249	8313	66	0.000252	0.139805	0.000252
512	9300	250	8534	73	0.000278	0.139145	0.000278
512	9300	251	8579	77	0.000294	0.140659	0.000294
512	9300	252	8713	68	0.000259	0.142841	0.000259
512	9300	253	8492	73	0.000278	0.137352	0.000278
512	9300	254	8518	66	0.000252	0.139057	0.000252
512	9300	255	8593	67	0.000256	0.136692	0.000256
512	9300	256	8624	83	0.000317	0.144974	0.000317
512	9300	257	8537	51	0.000195	0.135391	0.000195
512	9300	258	8594	87	0.000332	0.142654	0.000332
512	9300	259	8570	61	0.000233	0.136536	0.000233
512	9300	260	8350	69	0.000263	0.142616	0.000263
512	9300	261	8559	62	0.000237	0.139320	0.000237
512	9300	262	8618	79	0.000301	0.143471	0.000301
512	9300	263	8616	77	0.000294	0.144623	0.000294
512	9300	264	8419	71	0.000271	0.140602	0.000271
512	9300	265	8604	68	0.000259	0.141674	0.000259
512	9300	266	8633	78	0.000298	0.144463	0.000298
512	9300	267	8604	60	0.000229	0.140961	0.000229
512	9300	268	8647	60	0.000229	0.140884	0.000229
512	9300	269	8527	81	0.000309	0.141113	0.000309
512	9300	270	8669	57	0.000217	0.143459	0.000217
512	9300	271	8558	64	0.000244	0.139614	0.000244
512	9300	272	8542	86	0.000328	0.142281	0.000328
512	9300	273	8761	59	0.000225	0.142006	0.000225
512	9300	274	8504	64	0.000244	0.137833	0.000244
512	9300	275	8376	62	0.000237	0.137997	0.000237
512	9300	276	8397	96	0.000366	0.137501	0.000366
512	9300	277	8710	60	0.000229	0.142242	0.000229
512	9300	278	8562	59	0.000225	0.139870	0.000225
512	9300	279	8336	75	0.000286	0.135330	0.000286
512	9300	280	8401	72	0.000275	0.138130	0.000275
512	9300	281	8485	87	0.000332	0.140560	0.000332
512	9300	282	8659	77	0.000294	0.141544	0.000294
512	9300	283	8582	67	0.000256	0.140293	0.000256
512	9300	284	8544	70	0.000267	0.139866	0.000267
512	9300	285	8281	73	0.000278	0.134274	0.000278
512	9300	286	8475	74	0.000282	0.139874	0.000282
512	9300	287	8568	66	0.000252	0.139526	0.000252
512	9300	288	8604	74	0.000282	0.144218	0.000282
512	9300	289	8514	90	0.000343	0.137585	0.000343
512	9300	290	8698	63	0.000240	0.142151	0.000240
512	9300	291	8576	76	0.000290	0.144093	0.000290
512	9300	292	8452	103	0.000393	0.138809	0.000393
512	9300	293	8463	58	0.000221	0.143005	0.000221
512	9300	294	8465	71	0.000271	0.139347	0.000271
512	9300	295	8472	59	0.000225	0.138550	0.000225
512	9300	296	8600	62	0.000237	0.140865	0.000237
512	9300	297	8585	64	0.000244	0.137749	0.000244
512	9300	298	8339	69	0.000263	0.137287	0.000263
512	9300	299	8706	72	0.000275	0.140926	0.000275
512	9300	300	8649	56	0.000214	0.141209	0.000214
512	9300	301	8498	90	0.000343	0.141197	0.000343
512	9300	302	8621	85	0.000324	0.140575	0.000324
512	9300	303	8669	96	0.000366	0.144489	0.000366
512	9300	304	8425	91	0.000347	0.136780	0.000347
512	9300	305	8590	71	0.000271	0.137817	0.000271
512	9300	306	8629	64	0.000244	0.142159	0.000244
512	9300	307	8479	109	0.000416	0.140305	0.000416
512	9300	308	8622	61	0.000233	0.141499	0.000233
512	9300	309	8662	81	0.000309	0.139904	0.000309
512	9300	310	8527	85	0.000324	0.140385	0.000324
512	9300	311	8632	81	0.000309	0.138081	0.000309
512	9300	312	8701	83	0.000317	0.141090	0.000317
512	9300	313	8500	75	0.000286	0.141472	0.000286
512	9300	314	8291	105	0.000401	0.136124	0.000401
512	9300	315	8526	74	0.000282	0.140961	0.000282
512	9300	316	8549	77	0.000294	0.139866	0.000294
512	9300	317	8588	64	0.000244	0.142014	0.000244
512	9300	318	8469	84	0.000320	0.140533	0.000320
512	9300	319	8656	68	0.000259	0.141380	0.000259
512	9300	320	8583	79	0.000301	0.143642	0.000301
512	9300	321	8497	123	0.000469	0.140129	0.000469
512	9300	322	8629	65	0.000248	0.140648	0.000248
512	9300	323	8535	91	0.000347	0.142609	0.000347
512	9300	324	8674	67	0.000256	0.141525	0.000256
512	9300	325	8593	68	0.000259	0.140533	0.000259
512	9300	326	8682	52	0.000198	0.141788	0.000198
512	9300	327	8440	69	0.000263	0.142487	0.000263
512	9300	328	8582	66	0.000252	0.141060	0.000252
512	9300	329	8451	89	0.000340	0.138477	0.000340
512	9300	330	8725	87	0.000332	0.142506	0.000332
512	9300	331	8483	68	0.000259	0.144474	0.000259
512	9300	332	8515	90	0.000343	0.143730	0.000343
512	9300	333	8576	62	0.000237	0.141323	0.000237
512	9300	334	8623	75	0.000286	0.140148	0.000286
512	9300	335	8812	63	0.000240	0.144707	0.000240
512	9300	336	8416	112	0.000427	0.142712	0.000427
512	9300	337	8523	80	0.000305	0.136513	0.000305
512	9300	338	8580	109	0.000416	0.141266	0.000416
512	9300	339	8506	54	0.000206	0.134090	0.000206
512	9300	340	8600	64	0.000244	0.143375	0.000244
512	9300	341	8482	66	0.000252	0.138939	0.000252
512	9300	342	8508	70	0.000267	0.142536	0.000267
512	9300	343	8620	59	0.000225	0.143433	0.000225
512	9300	344	8391	69	0.000263	0.141190	0.000263
512	9300	345	8361	61	0.000233	0.141449	0.000233
512	9300	346	8437	64	0.000244	0.137764	0.000244
512	9300	347	8724	87	0.000332	0.145847	0.000332
512	9300	348	8640	54	0.000206	0.141327	0.000206
512	9300	349	8548	63	0.000240	0.140652	0.000240
512	9300	350	8394	70	0.000267	0.137146	0.000267
512	9300	351	8380	89	0.000340	0.136253	0.000340
512	9300	352	8596	66	0.000252	0.142601	0.000252
512	9300	353	8402	74	0.000282	0.135479	0.000282
512	9300	354	8649	83	0.000317	0.144592	0.000317
512	9300	355	8539	58	0.000221	0.141155	0.000221
512	9300	356	8864	66	0.000252	0.148426	0.000252
512	9300	357	8665	50	0.000191	0.138996	0.000191
512	9300	358	8577	107	0.000408	0.141285	0.000408
512	9300	359	8428	70	0.000267	0.140232	0.000267
512	9300	360	8604	56	0.000214	0.141216	0.000214
512	9300	361	8285	98	0.000374	0.138493	0.000374
512	9300	362	8464	56	0.000214	0.139156	0.000214
512	9300	363	8526	107	0.000408	0.137970	0.000408
512	9300	364	8615	66	0.000252	0.140694	0.000252
512	9300	365	8458	68	0.000259	0.141521	0.000259
512	9300	366	8616	71	0.000271	0.144215	0.000271
512	9300	367	8368	62	0.000237	0.138069	0.000237
512	9300	368	8520	78	0.000298	0.143490	0.000298
512	9300	369	8404	78	0.000298	0.135899	0.000298
512	9300	370	8421	73	0.000278	0.142513	0.000278
512	9300	371	8723	59	0.000225	0.144573	0.000225
512	9300	372	8455	72	0.000275	0.139656	0.000275
512	9300	373	8453	92	0.000351	0.141979	0.000351
512	9300	374	8576	66	0.000252	0.141102	0.000252
512	9300	375	8389	95	0.000362	0.136883	0.000362
512	9300	376	8351	79	0.000301	0.138237	0.000301
512	9300	377	8689	67	0.000256	0.140774	0.000256
512	9300	378	8438	58	0.000221	0.140007	0.000221
512	9300	379	8535	64	0.000244	0.138412	0.000244
512	9300	380	8481	62	0.000237	0.140556	0.000237
512	9300	381	8558	79	0.000301	0.140327	0.000301
512	9300	382	8520	61	0.000233	0.142612	0.000233
512	9300	383	8512	65	0.000248	0.137966	0.000248
512	9300	384	8546	65	0.000248	0.136993	0.000248
512	9300	385	8453	68	0.000259	0.137245	0.000259
512	9300	386	8462	86	0.000328	0.138760	0.000328
512	9300	387	8666	71	0.000271	0.143177	0.000271
512	9300	388	8565	68	0.000259	0.142822	0.000259
512	9300	389	8456	73	0.000278	0.138294	0.000278
512	9300	390	8412	49	0.000187	0.139256	0.000187
512	9300	391	8683	80	0.000305	0.144466	0.000305
512	9300	392	8384	64	0.000244	0.137966	0.000244
512	9300	393	8428	66	0.000252	0.138741	0.000252
512	9300	394	8483	71	0.000271	0.139343	0.000271
512	9300	395	8580	81	0.000309	0.146122	0.000309
512	9300	396	8574	61	0.000233	0.135841	0.000233
512	9300	397	8426	60	0.000229	0.141335	0.000229
512	9300	398	8682	63	0.000240	0.141857	0.000240
512	9300	399	8654	133	0.000507	0.143978	0.000507
512	9300	400	8658	92	0.000351	0.143044	0.000351
512	9300	401	8509	62	0.000237	0.139458	0.000237
512	9300	402	8437	63	0.000240	0.137379	0.000240
512	9300	403	8452	86	0.000328	0.134277	0.000328
512	9300	404	8442	61	0.000233	0.138702	0.000233
512	9300	405	8501	55	0.000210	0.140781	0.000210
512	9300	406	8467	86	0.000328	0.140102	0.000328
512	9300	407	8507	96	0.000366	0.142384	0.000366
512	9300	408	8366	58	0.000221	0.135410	0.000221
512	9300	409	8535	77	0.000294	0.141926	0.000294
512	9300	410	8502	66	0.000252	0.140881	0.000252
512	9300	411	8390	80	0.000305	0.137943	0.000305
512	9300	412	8543	65	0.000248	0.142097	0.000248
512	9300	413	8407	61	0.000233	0.143616	0.000233
512	9300	414	8461	63	0.000240	0.135414	0.000240
512	9300	415	8214	62	0.000237	0.135902	0.000237
512	9300	416	8526	112	0.000427	0.140965	0.000427
512	9300	417	8407	66	0.000252	0.135792	0.000252
512	9300	418	8299	63	0.000240	0.136204	0.000240
512	9300	419	8655	69	0.000263	0.142391	0.000263
512	9300	420	8762	63	0.000240	0.145279	0.000240
512	9300	421	8384	66	0.000252	0.135273	0.000252
512	9300	422	8721	72	0.000275	0.144810	0.000275
512	9300	423	8507	63	0.000240	0.138973	0.000240
512	9300	424	8624	67	0.000256	0.142784	0.000256
512	9300	425	8349	78	0.000298	0.135586	0.000298
512	9300	426	8621	62	0.000237	0.142868	0.000237
512	9300	427	8555	69	0.000263	0.138489	0.000263
512	9300	428	8522	76	0.000290	0.140388	0.000290
512	9300	429	8585	65	0.000248	0.141857	0.000248
512	9300	430	8563	68	0.000259	0.140923	0.000259
512	9300	431	8561	65	0.000248	0.138584	0.000248
512	9300	432	8783	70	0.000267	0.146450	0.000267
512	9300	433	8429	88	0.000336	0.139549	0.000336
512	9300	434	8713	71	0.000271	0.143940	0.000271
512	9300	435	8589	85	0.000324	0.140675	0.000324
512	9300	436	8619	87	0.000332	0.143520	0.000332
512	9300	437	8364	100	0.000381	0.138664	0.000381
512	9300	438	8449	76	0.000290	0.140053	0.000290
512	9300	439	8478	82	0.000313	0.142826	0.000313
512	9300	440	8564	59	0.000225	0.142284	0.000225
512	9300	441	8509	82	0.000313	0.136318	0.000313
512	9300	442	8383	83	0.000317	0.137398	0.000317
512	9300	443	8456	73	0.000278	0.139610	0.000278
512	9300	444	8422	62	0.000237	0.139450	0.000237
512	9300	445	8640	61	0.000233	0.142010	0.000233
512	9300	446	8633	64	0.000244	0.140224	0.000244
512	9300	447	8548	65	0.000248	0.140182	0.000248
512	9300	448	8536	103	0.000393	0.139698	0.000393
512	9300	449	8731	72	0.000275	0.144939	0.000275
512	9300	450	8696	76	0.000290	0.143124	0.000290
512	9300	451	8673	59	0.000225	0.136372	0.000225
512	9300	452	8595	55	0.000210	0.138824	0.000210
512	9300	453	8564	93	0.000355	0.140759	0.000355
512	9300	454	8596	63	0.000240	0.142189	0.000240
512	9300	455	8661	74	0.000282	0.144772	0.000282
512	9300	456	8425	63	0.000240	0.139084	0.000240
512	9300	457	8756	62	0.000237	0.142258	0.000237
512	9300	458	8663	59	0.000225	0.142269	0.000225
512	9300	459	8579	60	0.000229	0.140301	0.000229
512	9300	460	8301	70	0.000267	0.132656	0.000267
512	9300	461	8425	90	0.000343	0.137585	0.000343
512	9300	462	8402	55	0.000210	0.140717	0.000210
512	9300	463	8620	73	0.000278	0.141888	0.000278
512	9300	464	8744	105	0.000401	0.141727	0.000401
512	9300	465	8490	73	0.000278	0.140625	0.000278
512	9300	466	8429	61	0.000233	0.139713	0.000233
512	9300	467	8484	75	0.000286	0.140686	0.000286
512	9300	468	8552	83	0.000317	0.145164	0.000317
512	9300	469	8543	65	0.000248	0.141651	0.000248
512	9300	470	8540	53	0.000202	0.136845	0.000202
512	9300	471	8438	59	0.000225	0.141960	0.000225
512	9300	472	8497	67	0.000256	0.137138	0.000256
512	9300	473	8408	79	0.000301	0.135445	0.000301
512	9300	474	8628	77	0.000294	0.142895	0.000294
512	9300	475	8660	67	0.000256	0.142242	0.000256
512	9300	476	8261	59	0.000225	0.135437	0.000225
512	9300	477	8576	94	0.000359	0.144421	0.000359
512	9300	478	8686	121	0.000462	0.144592	0.000462
512	9300	479	8725	82	0.000313	0.146000	0.000313
512	9300	480	8529	63	0.000240	0.140026	0.000240
512	9300	481	8535	60	0.000229	0.139191	0.000229
512	9300	482	8465	65	0.000248	0.138977	0.000248
512	9300	483	8551	95	0.000362	0.139370	0.000362
512	9300	484	8353	65	0.000248	0.139915	0.000248
512	9300	485	8502	50	0.000191	0.140343	0.000191
512	9300	486	8558	74	0.000282	0.144169	0.000282
512	9300	487	8435	79	0.000301	0.139938	0.000301
512	9300	488	8479	51	0.000195	0.138187	0.000195
512	9300	489	8755	71	0.000271	0.140110	0.000271
512	9300	490	8640	63	0.000240	0.140255	0.000240
512	9300	491	8634	62	0.000237	0.141621	0.000237
512	9300	492	8675	71	0.000271	0.146709	0.000271
512	9300	493	8544	71	0.000271	0.140751	0.000271
512	9300	494	8515	71	0.000271	0.138939	0.000271
512	9300	495	8469	61	0.000233	0.142860	0.000233
512	9300	496	8401	68	0.000259	0.136200	0.000259
512	9300	497	8398	64	0.000244	0.139027	0.000244
512	9300	498	8576	57	0.000217	0.139320	0.000217
512	9300	499	8556	71	0.000271	0.141567	0.000271
512	9300	500	8535	72	0.000275	0.136135	0.000275
512	9300	501	8496	78	0.000298	0.139416	0.000298
512	9300	502	8465	65	0.000248	0.143063	0.000248
512	9300	503	8278	81	0.000309	0.137714	0.000309
512	9300	504	8548	76	0.000290	0.138203	0.000290
512	9300	505	8592	70	0.000267	0.142654	0.000267
512	9300	506	8530	77	0.000294	0.143436	0.000294
512	9300	507	8495	77	0.000294	0.139332	0.000294
512	9300	508	8580	74	0.000282	0.141262	0.000282
512	9300	509	8466	90	0.000343	0.141441	0.000343
512	9300	510	8496	59	0.000225	0.140697	0.000225
512	9300	511	8494	71	0.000271	0.140472	0.000271
512	9300	512	8556	86	0.000328	0.139965	0.000328
512	9300	513	8431	67	0.000256	0.136795	0.000256
512	9300	514	8725	60	0.000229	0.145241	0.000229
512	9300	515	8651	90	0.000343	0.145393	0.000343
512	9300	516	8483	68	0.000259	0.141983	0.000259
512	9300	517	8600	69	0.000263	0.142567	0.000263
512	9300	518	8570	74	0.000282	0.141186	0.000282
512	9300	519	8654	61	0.000233	0.139141	0.000233
512	9300	520	8523	80	0.000305	0.137875	0.000305
512	9300	521	8648	73	0.000278	0.141884	0.000278
512	9300	522	8564	58	0.000221	0.141918	0.000221
512	9300	523	8653	73	0.000278	0.138783	0.000278
512	9300	524	8706	125	0.000477	0.145840	0.000477
512	9300	525	8558	54	0.000206	0.137012	0.000206
512	9300	526	8574	102	0.000389	0.137566	0.000389
512	9300	527	8393	71	0.000271	0.135422	0.000271
512	9300	528	8372	83	0.000317	0.135841	0.000317
512	9300	529	8438	55	0.000210	0.143452	0.000210
512	9300	530	8473	92	0.000351	0.140732	0.000351
512	9300	531	8573	96	0.000366	0.141384	0.000366
512	9300	532	8693	56	0.000214	0.140106	0.000214
512	9300	533	8654	56	0.000214	0.141762	0.000214
512	9300	534	8589	59	0.000225	0.139332	0.000225
512	9300	535	8475	78	0.000298	0.136299	0.000298
512	9300	536	8608	64	0.000244	0.139908	0.000244
512	9300	537	8601	65	0.000248	0.141338	0.000248
512	9300	538	8527	85	0.000324	0.140194	0.000324
512	9300	539	8357	80	0.000305	0.137924	0.000305
512	9300	540	8468	125	0.000477	0.142342	0.000477
512	9300	541	8595	73	0.000278	0.141003	0.000278
512	9300	542	8602	97	0.000370	0.144508	0.000370
512	9300	543	8467	59	0.000225	0.140163	0.000225
512	9300	544	8748	70	0.000267	0.143787	0.000267
512	9300	545	8548	59	0.000225	0.142311	0.000225
512	9300	546	8617	73	0.000278	0.143715	0.000278
512	9300	547	8473	65	0.000248	0.136513	0.000248
512	9300	548	8690	66	0.000252	0.142796	0.000252
512	9300	549	8435	69	0.000263	0.137974	0.000263
512	9300	550	8472	62	0.000237	0.138981	0.000237
512	9300	551	8699	69	0.000263	0.141064	0.000263
512	9300	552	8740	58	0.000221	0.138966	0.000221
512	9300	553	8375	78	0.000298	0.135906	0.000298
512	9300	554	8335	59	0.000225	0.136356	0.000225
512	9300	555	8592	60	0.000229	0.140743	0.000229
512	9300	556	8798	86	0.000328	0.144905	0.000328
512	9300	557	8679	55	0.000210	0.142712	0.000210
512	9300	558	8763	83	0.000317	0.143887	0.000317
512	9300	559	8735	64	0.000244	0.141209	0.000244
512	9300	560	8392	65	0.000248	0.137775	0.000248
512	9300	561	8488	70	0.000267	0.139057	0.000267
512	9300	562	8395	63	0.000240	0.140453	0.000240
512	9300	563	8376	74	0.000282	0.137836	0.000282
512	9300	564	8149	52	0.000198	0.134521	0.000198
512	9300	565	8724	69	0.000263	0.145214	0.000263
512	9300	566	8512	107	0.000408	0.140507	0.000408
512	9300	567	8647	76	0.000290	0.142696	0.000290
512	9300	568	8500	66	0.000252	0.136620	0.000252
512	9300	569	8536	92	0.000351	0.137989	0.000351
512	9300	570	8799	102	0.000389	0.142757	0.000389
512	9300	571	8566	68	0.000259	0.141312	0.000259
512	9300	572	8736	55	0.000210	0.140022	0.000210
512	9300	573	8617	85	0.000324	0.141178	0.000324
512	9300	574	8420	61	0.000233	0.139645	0.000233
512	9300	575	8394	79	0.000301	0.139931	0.000301
512	9300	576	8506	98	0.000374	0.140461	0.000374
512	9300	577	8383	82	0.000313	0.139740	0.000313
512	9300	578	8430	97	0.000370	0.137199	0.000370
512	9300	579	8630	61	0.000233	0.140354	0.000233
512	9300	580	8543	81	0.000309	0.143257	0.000309
512	9300	581	8432	85	0.000324	0.138382	0.000324
512	9300	582	8522	100	0.000381	0.143589	0.000381
512	9300	583	8594	88	0.000336	0.143669	0.000336
512	9300	584	8531	77	0.000294	0.140575	0.000294
512	9300	585	8577	64	0.000244	0.140213	0.000244
512	9300	586	8655	92	0.000351	0.140896	0.000351
512	9300	587	8692	55	0.000210	0.140987	0.000210
512	9300	588	8686	79	0.000301	0.139717	0.000301
512	9300	589	8555	74	0.000282	0.142754	0.000282
512	9300	590	8505	76	0.000290	0.138783	0.000290
512	9300	591	8201	60	0.000229	0.135464	0.000229
512	9300	592	8717	77	0.000294	0.144402	0.000294
512	9300	593	8703	67	0.000256	0.142082	0.000256
512	9300	594	8560	81	0.000309	0.141777	0.000309
512	9300	595	8544	79	0.000301	0.143818	0.000301
512	9300	596	8354	72	0.000275	0.137077	0.000275
512	9300	597	8571	64	0.000244	0.141808	0.000244
512	9300	598	8580	55	0.000210	0.140583	0.000210
512	9300	599	8548	66	0.000252	0.134892	0.000252
512	9300	600	8581	107	0.000408	0.137959	0.000408
512	9300	601	8556	70	0.000267	0.143581	0.000267
512	9300	602	8453	75	0.000286	0.140522	0.000286
512	9300	603	8454	73	0.000278	0.136856	0.000278
512	9300	604	8756	89	0.000340	0.142204	0.000340
512	9300	605	8425	87	0.000332	0.139687	0.000332
512	9300	606	8463	92	0.000351	0.139889	0.000351
512	9300	607	8628	81	0.000309	0.145176	0.000309
512	9300	608	8614	62	0.000237	0.144478	0.000237
512	9300	609	8505	76	0.000290	0.141914	0.000290
512	9300	610	8553	82	0.000313	0.141548	0.000313
512	9300	611	8451	97	0.000370	0.139069	0.000370
512	9300	612	8533	66	0.000252	0.140507	0.000252
512	9300	613	8514	89	0.000340	0.142628	0.000340
512	9300	614	8575	52	0.000198	0.136417	0.000198
512	9300	615	8870	56	0.000214	0.144337	0.000214
512	9300	616	8820	71	0.000271	0.142227	0.000271
512	9300	617	8630	47	0.000179	0.139370	0.000179
512	9300	618	8577	63	0.000240	0.141418	0.000240
512	9300	619	8428	101	0.000385	0.140270	0.000385
512	9300	620	8503	68	0.000259	0.142887	0.000259
512	9300	621	8517	86	0.000328	0.142361	0.000328
512	9300	622	8599	59	0.000225	0.140850	0.000225
512	9300	623	8439	54	0.000206	0.136440	0.000206
512	9300	624	8485	89	0.000340	0.137566	0.000340
512	9300	625	8471	75	0.000286	0.139709	0.000286
512	9300	626	8455	88	0.000336	0.144173	0.000336
512	9300	627	8510	107	0.000408	0.141632	0.000408
512	9300	628	8436	59	0.000225	0.139805	0.000225
512	9300	629	8469	73	0.000278	0.136990	0.000278
512	9300	630	8731	63	0.000240	0.141907	0.000240
512	9300	631	8435	63	0.000240	0.137081	0.000240
512	9300	632	8360	58	0.000221	0.137081	0.000221
512	9300	633	8419	59	0.000225	0.138809	0.000225
512	9300	634	8604	120	0.000458	0.142822	0.000458
512	9300	635	8479	66	0.000252	0.139782	0.000252
512	9300	636	8566	80	0.000305	0.141090	0.000305
512	9300	637	8596	61	0.000233	0.146313	0.000233
512	9300	638	8540	86	0.000328	0.145466	0.000328
512	9300	639	8525	57	0.000217	0.139851	0.000217
512	9300	640	8609	70	0.000267	0.143101	0.000267
512	9300	641	8715	114	0.000435	0.144516	0.000435
512	9300	642	8663	76	0.000290	0.141346	0.000290
512	9300	643	8771	136	0.000519	0.142097	0.000519
512	9300	644	8641	87	0.000332	0.142498	0.000332
512	9300	645	8578	74	0.000282	0.144135	0.000282
512	9300	646	8417	59	0.000225	0.137352	0.000225
512	9300	647	8524	82	0.000313	0.142685	0.000313
512	9300	648	8672	72	0.000275	0.139977	0.000275
512	9300	649	8588	157	0.000599	0.138321	0.000599
512	9300	650	8491	87	0.000332	0.138851	0.000332
512	9300	651	8498	58	0.000221	0.141018	0.000221
512	9300	652	8663	71	0.000271	0.143295	0.000271
512	9300	653	8590	81	0.000309	0.141838	0.000309
512	9300	654	8613	59	0.000225	0.141354	0.000225
512	9300	655	8734	74	0.000282	0.145500	0.000282
512	9300	656	8598	103	0.000393	0.147320	0.000393
512	9300	657	8522	56	0.000214	0.139812	0.000214
512	9300	658	8540	88	0.000336	0.144279	0.000336
512	9300	659	8621	65	0.000248	0.143978	0.000248
512	9300	660	8607	58	0.000221	0.142109	0.000221
512	9300	661	8381	54	0.000206	0.136711	0.000206
512	9300	662	8576	73	0.000278	0.139351	0.000278
512	9300	663	8605	65	0.000248	0.140602	0.000248
512	9300	664	8525	97	0.000370	0.139400	0.000370
512	9300	665	8592	54	0.000206	0.141815	0.000206
512	9300	666	8610	73	0.000278	0.143951	0.000278
512	9300	667	8620	65	0.000248	0.143398	0.000248
512	9300	668	8322	60	0.000229	0.138371	0.000229
512	9300	669	8419	86	0.000328	0.135822	0.000328
512	9300	670	8396	79	0.000301	0.138817	0.000301
512	9300	671	8399	66	0.000252	0.136539	0.000252
512	9300	672	8651	79	0.000301	0.143864	0.000301
512	9300	673	8897	121	0.000462	0.149879	0.000462
512	9300	674	8573	64	0.000244	0.141712	0.000244
512	9300	675	8288	63	0.000240	0.138596	0.000240
512	9300	676	8504	80	0.000305	0.136021	0.000305
512	9300	677	8738	70	0.000267	0.145382	0.000267
512	9300	678	8581	64	0.000244	0.141403	0.000244
512	9300	679	8642	71	0.000271	0.142235	0.000271
512	9300	680	8424	110	0.000420	0.139484	0.000420
512	9300	681	8532	60	0.000229	0.142326	0.000229
512	9300	682	8470	100	0.000381	0.142742	0.000381
512	9300	683	8340	76	0.000290	0.135845	0.000290
512	9300	684	8513	81	0.000309	0.140804	0.000309
512	9300	685	8753	60	0.000229	0.148273	0.000229
512	9300	686	8484	71	0.000271	0.139111	0.000271
512	9300	687	8751	62	0.000237	0.149296	0.000237
512	9300	688	8519	71	0.000271	0.143051	0.000271
512	9300	689	8718	73	0.000278	0.140491	0.000278
512	9300	690	8674	69	0.000263	0.144543	0.000263
512	9300	691	8357	70	0.000267	0.137653	0.000267
512	9300	692	8381	59	0.000225	0.135746	0.000225
512	9300	693	8529	69	0.000263	0.144028	0.000263
512	9300	694	8670	73	0.000278	0.141823	0.000278
512	9300	695	8465	61	0.000233	0.138935	0.000233
512	9300	696	8386	55	0.000210	0.139782	0.000210
512	9300	697	8339	62	0.000237	0.136276	0.000237
512	9300	698	8604	88	0.000336	0.143658	0.000336
512	9300	699	8629	55	0.000210	0.142670	0.000210
512	9300	700	8488	85	0.000324	0.138935	0.000324
512	9300	701	8553	63	0.000240	0.144932	0.000240
512	9300	702	8634	85	0.000324	0.144024	0.000324
512	9300	703	8509	87	0.000332	0.141315	0.000332
512	9300	704	8595	63	0.000240	0.142654	0.000240
512	9300	705	8708	81	0.000309	0.143257	0.000309
512	9300	706	8346	70	0.000267	0.134872	0.000267
512	9300	707	8455	72	0.000275	0.139267	0.000275
512	9300	708	8589	57	0.000217	0.142010	0.000217
512	9300	709	8413	66	0.000252	0.137291	0.000252
512	9300	710	8439	64	0.000244	0.138248	0.000244
512	9300	711	8493	80	0.000305	0.136246	0.000305
512	9300	712	8597	79	0.000301	0.137218	0.000301
512	9300	713	8600	61	0.000233	0.141586	0.000233
512	9300	714	8434	54	0.000206	0.136299	0.000206
512	9300	715	8445	82	0.000313	0.140987	0.000313
512	9300	716	8406	77	0.000294	0.139809	0.000294
512	9300	717	8413	74	0.000282	0.137154	0.000282
512	9300	718	8418	62	0.000237	0.141140	0.000237
512	9300	719	8502	66	0.000252	0.137714	0.000252
512	9300	720	8587	57	0.000217	0.140930	0.000217
512	9300	721	8502	80	0.000305	0.141689	0.000305
512	9300	722	8540	62	0.000237	0.141228	0.000237
512	9300	723	8389	70	0.000267	0.139526	0.000267
512	9300	724	8585	112	0.000427	0.141968	0.000427
512	9300	725	8708	49	0.000187	0.142387	0.000187
512	9300	726	8572	77	0.000294	0.140709	0.000294
512	9300	727	8525	73	0.000278	0.143311	0.000278
512	9300	728	8273	72	0.000275	0.138039	0.000275
512	9300	729	8616	82	0.000313	0.140785	0.000313
512	9300	730	8476	67	0.000256	0.141586	0.000256
512	9300	731	8639	77	0.000294	0.144917	0.000294
512	9300	732	8587	137	0.000523	0.139732	0.000523
512	9300	733	8727	111	0.000423	0.137890	0.000423
512	9300	734	8522	75	0.000286	0.138611	0.000286
512	9300	735	8488	66	0.000252	0.138947	0.000252
512	9300	736	8499	64	0.000244	0.142845	0.000244
512	9300	737	8441	108	0.000412	0.139362	0.000412
512	9300	738	8329	66	0.000252	0.139584	0.000252
512	9300	739	8672	64	0.000244	0.142288	0.000244
512	9300	740	8621	56	0.000214	0.140652	0.000214
512	9300	741	8467	82	0.000313	0.139481	0.000313
512	9300	742	8586	67	0.000256	0.141293	0.000256
512	9300	743	8567	70	0.000267	0.139301	0.000267
512	9300	744	8351	74	0.000282	0.138844	0.000282
512	9300	745	8452	83	0.000317	0.140656	0.000317
512	9300	746	8420	59	0.000225	0.137993	0.000225
512	9300	747	8633	58	0.000221	0.139347	0.000221
512	9300	748	8569	90	0.000343	0.141792	0.000343
512	9300	749	8649	96	0.000366	0.141491	0.000366
512	9300	750	8559	62	0.000237	0.140804	0.000237
512	9300	751	8462	75	0.000286	0.137897	0.000286
512	9300	752	8628	106	0.000404	0.137733	0.000404
512	9300	753	8671	92	0.000351	0.144672	0.000351
512	9300	754	8642	61	0.000233	0.139271	0.000233
512	9300	755	8348	84	0.000320	0.137501	0.000320
512	9300	756	8423	76	0.000290	0.137447	0.000290
512	9300	757	8410	58	0.000221	0.138412	0.000221
512	9300	758	8516	66	0.000252	0.139759	0.000252
512	9300	759	8714	65	0.000248	0.145191	0.000248
512	9300	760	8540	69	0.000263	0.140526	0.000263
512	9300	761	8531	93	0.000355	0.136776	0.000355
512	9300	762	8479	78	0.000298	0.140293	0.000298
512	9300	763	8524	78	0.000298	0.139679	0.000298
512	9300	764	8562	82	0.000313	0.139450	0.000313
512	9300	765	8539	76	0.000290	0.145428	0.000290
512	9300	766	8538	112	0.000427	0.140896	0.000427
512	9300	767	8763	56	0.000214	0.144665	0.000214
512	9300	768	8618	64	0.000244	0.142265	0.000244
512	9300	769	8441	92	0.000351	0.137817	0.000351
512	9300	770	8546	102	0.000389	0.140301	0.000389
512	9300	771	8471	65	0.000248	0.138050	0.000248
512	9300	772	8631	72	0.000275	0.139992	0.000275
512	9300	773	8494	85	0.000324	0.139915	0.000324
512	9300	774	8413	112	0.000427	0.137291	0.000427
512	9300	775	8215	60	0.000229	0.131317	0.000229
512	9300	776	8622	72	0.000275	0.143150	0.000275
512	9300	777	8501	71	0.000271	0.138283	0.000271
512	9300	778	8658	73	0.000278	0.142506	0.000278
512	9300	779	8609	65	0.000248	0.142536	0.000248
512	9300	780	8456	61	0.000233	0.139099	0.000233
512	9300	781	8591	96	0.000366	0.141834	0.000366
512	9300	782	8440	49	0.000187	0.138615	0.000187
512	9300	783	8499	59	0.000225	0.141071	0.000225
512	9300	784	8312	64	0.000244	0.135239	0.000244
512	9300	785	8478	73	0.000278	0.139214	0.000278
512	9300	786	8498	92	0.000351	0.141972	0.000351
512	9300	787	8608	53	0.000202	0.139164	0.000202
512	9300	788	8658	52	0.000198	0.142372	0.000198
512	9300	789	8473	57	0.000217	0.139000	0.000217
512	9300	790	8445	85	0.000324	0.142647	0.000324
512	9300	791	8694	82	0.000313	0.141308	0.000313
512	9300	792	8424	67	0.000256	0.138977	0.000256
512	9300	793	8535	70	0.000267	0.140179	0.000267
512	9300	794	8467	73	0.000278	0.137165	0.000278
512	9300	795	8533	113	0.000431	0.141582	0.000431
512	9300	796	8583	114	0.000435	0.141129	0.000435
512	9300	797	8489	96	0.000366	0.137882	0.000366
512	9300	798	8819	67	0.000256	0.146351	0.000256
512	9300	799	8446	73	0.000278	0.143806	0.000278
512	9300	800	8645	54	0.000206	0.143501	0.000206
512	9300	801	8568	69	0.000263	0.141304	0.000263
512	9300	802	8445	72	0.000275	0.140476	0.000275
512	9300	803	8362	88	0.000336	0.139874	0.000336
512	9300	804	8543	59	0.000225	0.137569	0.000225
512	9300	805	8577	67	0.000256	0.140133	0.000256
512	9300	806	8519	49	0.000187	0.140156	0.000187
512	9300	807	8473	68	0.000259	0.138786	0.000259
512	9300	808	8514	110	0.000420	0.141617	0.000420
512	9300	809	8598	63	0.000240	0.141224	0.000240
512	9300	810	8450	105	0.000401	0.138813	0.000401
512	9300	811	8670	69	0.000263	0.143089	0.000263
512	9300	812	8374	95	0.000362	0.143108	0.000362
512	9300	813	8407	64	0.000244	0.139355	0.000244
512	9300	814	8496	62	0.000237	0.145077	0.000237
512	9300	815	8564	71	0.000271	0.139835	0.000271
512	9300	816	8692	91	0.000347	0.141460	0.000347
512	9300	817	8693	60	0.000229	0.145134	0.000229
512	9300	818	8459	57	0.000217	0.138485	0.000217
512	9300	819	8652	73	0.000278	0.141396	0.000278
512	9300	820	8655	70	0.000267	0.143200	0.000267
512	9300	821	8431	90	0.000343	0.136322	0.000343
512	9300	822	8714	60	0.000229	0.145226	0.000229
512	9300	823	8635	52	0.000198	0.139008	0.000198
512	9300	824	8605	67	0.000256	0.140110	0.000256
512	9300	825	8500	75	0.000286	0.139675	0.000286
512	9300	826	8722	69	0.000263	0.143799	0.000263
512	9300	827	8536	56	0.000214	0.140091	0.000214
512	9300	828	8474	78	0.000298	0.139145	0.000298
512	9300	829	8525	61	0.000233	0.139416	0.000233
512	9300	830	8505	58	0.000221	0.138699	0.000221
512	9300	831	8491	74	0.000282	0.140694	0.000282
512	9300	832	8645	62	0.000237	0.145622	0.000237
512	9300	833	8661	108	0.000412	0.144680	0.000412
512	9300	834	8658	63	0.000240	0.142021	0.000240
512	9300	835	8603	95	0.000362	0.140751	0.000362
512	9300	836	8665	80	0.000305	0.142742	0.000305
512	9300	837	8502	93	0.000355	0.139164	0.000355
512	9300	838	8499	63	0.000240	0.138298	0.000240
512	9300	839	8649	72	0.000275	0.142590	0.000275
512	9300	840	8578	108	0.000412	0.142818	0.000412
512	9300	841	8579	100	0.000381	0.140541	0.000381
512	9300	842	8680	117	0.000446	0.145969	0.000446
512	9300	843	8623	70	0.000267	0.144581	0.000267
512	9300	844	8683	79	0.000301	0.142849	0.000301
512	9300	845	8593	68	0.000259	0.144562	0.000259
512	9300	846	8677	62	0.000237	0.143875	0.000237
512	9300	847	8579	55	0.000210	0.138474	0.000210
512	9300	848	8399	65	0.000248	0.137085	0.000248
512	9300	849	8558	83	0.000317	0.142498	0.000317
512	9300	850	8536	69	0.000263	0.137730	0.000263
512	9300	851	8636	90	0.000343	0.139359	0.000343
512	9300	852	8477	68	0.000259	0.141396	0.000259
512	9300	853	8627	64	0.000244	0.140656	0.000244
512	9300	854	8488	65	0.000248	0.140621	0.000248
512	9300	855	8541	72	0.000275	0.142498	0.000275
512	9300	856	8647	60	0.000229	0.140961	0.000229
512	9300	857	8485	67	0.000256	0.138660	0.000256
512	9300	858	8692	75	0.000286	0.145954	0.000286
512	9300	859	8344	58	0.000221	0.138390	0.000221
512	9300	860	8682	87	0.000332	0.145248	0.000332
512	9300	861	8755	74	0.000282	0.142593	0.000282
512	9300	862	8648	66	0.000252	0.138271	0.000252
512	9300	863	8619	64	0.000244	0.144428	0.000244
512	9300	864	8558	76	0.000290	0.140694	0.000290
512	9300	865	8339	74	0.000282	0.138527	0.000282
512	9300	866	8485	91	0.000347	0.141033	0.000347
512	9300	867	8609	117	0.000446	0.145031	0.000446
512	9300	868	8539	72	0.000275	0.138515	0.000275
512	9300	869	8661	77	0.000294	0.144321	0.000294
512	9300	870	8557	63	0.000240	0.137741	0.000240
512	9300	871	8482	95	0.000362	0.142693	0.000362
512	9300	872	8491	70	0.000267	0.141586	0.000267
512	9300	873	8684	73	0.000278	0.144947	0.000278
512	9300	874	8656	55	0.000210	0.140808	0.000210
512	9300	875	8666	71	0.000271	0.144886	0.000271
512	9300	876	8629	68	0.000259	0.141567	0.000259
512	9300	877	8537	92	0.000351	0.144241	0.000351
512	9300	878	8625	79	0.000301	0.144344	0.000301
512	9300	879	8844	66	0.000252	0.145741	0.000252
512	9300	880	8611	70	0.000267	0.139915	0.000267
512	9300	881	8539	53	0.000202	0.137207	0.000202
512	9300	882	8706	89	0.000340	0.144390	0.000340
512	9300	883	8358	92	0.000351	0.135254	0.000351
512	9300	884	8578	73	0.000278	0.144154	0.000278
512	9300	885	8407	61	0.000233	0.137592	0.000233
512	9300	886	8549	60	0.000229	0.141773	0.000229
512	9300	887	8531	69	0.000263	0.137074	0.000263
512	9300	888	8575	86	0.000328	0.140583	0.000328
512	9300	889	8608	96	0.000366	0.142956	0.000366
512	9300	890	8619	73	0.000278	0.142162	0.000278
512	9300	891	8604	80	0.000305	0.139088	0.000305
512	9300	892	8599	57	0.000217	0.141891	0.000217
512	9300	893	8593	72	0.000275	0.142223	0.000275
512	9300	894	8669	110	0.000420	0.144768	0.000420
512	9300	895	8760	70	0.000267	0.145073	0.000267
512	9300	896	8511	79	0.000301	0.141552	0.000301
512	9300	897	8613	64	0.000244	0.142738	0.000244
512	9300	898	8541	66	0.000252	0.141911	0.000252
512	9300	899	8611	66	0.000252	0.139027	0.000252
512	9300	900	8487	95	0.000362	0.139801	0.000362
512	9300	901	8525	68	0.000259	0.139915	0.000259
512	9300	902	8640	72	0.000275	0.142204	0.000275
512	9300	903	8700	63	0.000240	0.147888	0.000240
512	9300	904	8586	67	0.000256	0.140987	0.000256
512	9300	905	8610	86	0.000328	0.139168	0.000328
512	9300	906	8550	63	0.000240	0.141258	0.000240
512	9300	907	8698	66	0.000252	0.142395	0.000252
512	9300	908	8359	47	0.000179	0.135429	0.000179
512	9300	909	8530	84	0.000320	0.144962	0.000320
512	9300	910	8445	80	0.000305	0.140549	0.000305
512	9300	911	8520	55	0.000210	0.138702	0.000210
512	9300	912	8612	55	0.000210	0.144703	0.000210
512	9300	913	8793	76	0.000290	0.146896	0.000290
512	9300	914	8422	80	0.000305	0.140179	0.000305
512	9300	915	8383	94	0.000359	0.137371	0.000359
512	9300	916	8521	55	0.000210	0.139278	0.000210
512	9300	917	8601	91	0.000347	0.143799	0.000347
512	9300	918	8528	65	0.000248	0.143929	0.000248
512	9300	919	8596	72	0.000275	0.139496	0.000275
512	9300	920	8427	94	0.000359	0.137836	0.000359
512	9300	921	8483	62	0.000237	0.137157	0.000237
512	9300	922	8660	64	0.000244	0.142357	0.000244
512	9300	923	8708	69	0.000263	0.141109	0.000263
512	9300	924	8572	100	0.000381	0.143848	0.000381
512	9300	925	8392	71	0.000271	0.139896	0.000271
512	9300	926	8368	56	0.000214	0.135250	0.000214
512	9300	927	8663	65	0.000248	0.139450	0.000248
512	9300	928	8391	47	0.000179	0.137070	0.000179
512	9300	929	8727	52	0.000198	0.142612	0.000198
512	9300	930	8439	62	0.000237	0.137638	0.000237
512	9300	931	8838	81	0.000309	0.145321	0.000309
512	9300	932	8731	68	0.000259	0.146030	0.000259
512	9300	933	8440	125	0.000477	0.141026	0.000477
512	9300	934	8452	62	0.000237	0.141903	0.000237
512	9300	935	8556	57	0.000217	0.141457	0.000217
512	9300	936	8395	55	0.000210	0.136333	0.000210
512	9300	937	8551	69	0.000263	0.141727	0.000263
512	9300	938	8491	72	0.000275	0.139923	0.000275
512	9300	939	8688	72	0.000275	0.142052	0.000275
512	9300	940	8637	90	0.000343	0.142677	0.000343
512	9300	941	8419	78	0.000298	0.139263	0.000298
512	9300	942	8458	56	0.000214	0.137806	0.000214
512	9300	943	8606	61	0.000233	0.139248	0.000233
512	9300	944	8642	67	0.000256	0.141678	0.000256
512	9300	945	8571	83	0.000317	0.143135	0.000317
512	9300	946	8684	69	0.000263	0.146740	0.000263
512	9300	947	8572	107	0.000408	0.141243	0.000408
512	9300	948	8423	84	0.000320	0.138836	0.000320
512	9300	949	8267	69	0.000263	0.134121	0.000263
512	9300	950	8599	62	0.000237	0.140427	0.000237
512	9300	951	8562	67	0.000256	0.135094	0.000256
512	9300	952	8672	68	0.000259	0.144962	0.000259
512	9300	953	8603	71	0.000271	0.142399	0.000271
512	9300	954	8373	71	0.000271	0.140709	0.000271
512	9300	955	8634	80	0.000305	0.142536	0.000305
512	9300	956	8622	51	0.000195	0.144474	0.000195
512	9300	957	8495	66	0.000252	0.137611	0.000252
512	9300	958	8622	75	0.000286	0.142536	0.000286
512	9300	959	8632	61	0.000233	0.143723	0.000233
512	9300	960	8426	70	0.000267	0.140781	0.000267
512	9300	961	8562	59	0.000225	0.140144	0.000225
512	9300	962	8624	65	0.000248	0.139652	0.000248
512	9300	963	8375	164	0.000626	0.138924	0.000626
512	9300	964	8368	67	0.000256	0.136379	0.000256
512	9300	965	8687	78	0.000298	0.140095	0.000298
512	9300	966	8335	58	0.000221	0.136494	0.000221
512	9300	967	8434	67	0.000256	0.139088	0.000256
512	9300	968	8470	79	0.000301	0.141510	0.000301
512	9300	969	8696	72	0.000275	0.141315	0.000275
512	9300	970	8278	66	0.000252	0.135967	0.000252
512	9300	971	8553	88	0.000336	0.143120	0.000336
512	9300	972	8402	126	0.000481	0.133808	0.000481
512	9300	973	8404	56	0.000214	0.139423	0.000214
512	9300	974	8562	107	0.000408	0.140881	0.000408
512	9300	975	8525	51	0.000195	0.140919	0.000195
512	9300	976	8751	82	0.000313	0.144585	0.000313
512	9300	977	8556	60	0.000229	0.139137	0.000229
512	9300	978	8445	103	0.000393	0.143642	0.000393
512	9300	979	8573	77	0.000294	0.141090	0.000294
512	9300	980	8600	97	0.000370	0.142384	0.000370
512	9300	981	8568	72	0.000275	0.135120	0.000275
512	9300	982	8775	67	0.000256	0.143944	0.000256
512	9300	983	8879	76	0.000290	0.146011	0.000290
512	9300	984	8432	85	0.000324	0.138531	0.000324
512	9300	985	8548	78	0.000298	0.142391	0.000298
512	9300	986	8380	78	0.000298	0.138924	0.000298
512	9300	987	8652	74	0.000282	0.143482	0.000282
512	9300	988	8705	65	0.000248	0.138824	0.000248
512	9300	989	8471	129	0.000492	0.139317	0.000492
512	9300	990	8479	79	0.000301	0.141579	0.000301
512	9300	991	8325	78	0.000298	0.139454	0.000298
512	9300	992	8595	127	0.000484	0.142082	0.000484
512	9300	993	8774	67	0.000256	0.147060	0.000256
512	9300	994	8389	82	0.000313	0.135826	0.000313
512	9300	995	8534	66	0.000252	0.141304	0.000252
512	9300	996	8575	81	0.000309	0.137516	0.000309
512	9300	997	8241	66	0.000252	0.135502	0.000252
512	9300	998	8398	66	0.000252	0.139301	0.000252
512	9300	999	8354	77	0.000294	0.135948	0.000294
512	9300	1000	8577	99	0.000378	0.143616	0.000378
