512	9400	2	254	13290	0.050697	0.055271	0.050697
512	9400	3	186	5612	0.021408	0.024429	0.021408
512	9400	4	209	6837	0.026081	0.029411	0.026081
512	9400	5	120	56	0.000214	0.002125	0.000214
512	9400	6	557	6773	0.025837	0.064407	0.025837
512	9400	7	226	5637	0.021503	0.025185	0.021503
512	9400	8	0	0	0.000000	0.000000	0.000000
512	9400	9	227	9121	0.034794	0.038429	0.034794
512	9400	10	206	5631	0.021481	0.024841	0.021481
512	9400	11	15	9	0.000034	0.000187	0.000034
512	9400	12	2	2	0.000008	0.000011	0.000008
512	9400	13	128	67	0.000256	0.002422	0.000256
512	9400	14	339	5558	0.021202	0.040916	0.021202
512	9400	15	289	9260	0.035324	0.040421	0.035324
512	9400	16	509	14489	0.055271	0.066624	0.055271
512	9400	17	158	2627	0.010021	0.013390	0.010021
512	9400	18	9	10	0.000038	0.000145	0.000038
512	9400	19	559	31225	0.119114	0.153973	0.119114
512	9400	20	502	5305	0.020237	0.051250	0.020237
512	9400	21	173	2661	0.010151	0.013195	0.010151
512	9400	22	283	3275	0.012493	0.026405	0.012493
512	9400	23	82	28	0.000107	0.001324	0.000107
512	9400	24	369	10211	0.038952	0.056519	0.038952
512	9400	25	169	728	0.002777	0.006012	0.002777
512	9400	26	273	6077	0.023182	0.029114	0.023182
512	9400	27	544	12981	0.049519	0.085991	0.049519
512	9400	28	0	0	0.000000	0.000000	0.000000
512	9400	29	601	10056	0.038361	0.097713	0.038361
512	9400	30	439	8747	0.033367	0.058258	0.033367
512	9400	31	0	0	0.000000	0.000000	0.000000
512	9400	32	0	0	0.000000	0.000000	0.000000
512	9400	33	199	3328	0.012695	0.016586	0.012695
512	9400	34	344	5511	0.021023	0.044754	0.021023
512	9400	35	5	7	0.000027	0.000053	0.000027
512	9400	36	161	357	0.001362	0.005177	0.001362
512	9400	37	226	9288	0.035431	0.040234	0.035431
512	9400	38	207	13548	0.051682	0.055283	0.051682
512	9400	39	151	5504	0.020996	0.023800	0.020996
512	9400	40	0	0	0.000000	0.000000	0.000000
512	9400	41	0	0	0.000000	0.000000	0.000000
512	9400	42	0	0	0.000000	0.000000	0.000000
512	9400	43	346	6381	0.024342	0.046940	0.024342
512	9400	44	275	20370	0.077705	0.082611	0.077705
512	9400	45	0	0	0.000000	0.000000	0.000000
512	9400	46	156	4018	0.015327	0.019287	0.015327
512	9400	47	169	1726	0.006584	0.010178	0.006584
512	9400	48	203	905	0.003452	0.007858	0.003452
512	9400	49	583	11743	0.044796	0.092491	0.044796
512	9400	50	0	0	0.000000	0.000000	0.000000
512	9400	51	330	3700	0.014114	0.020866	0.014114
512	9400	52	400	11372	0.043381	0.062084	0.043381
512	9400	53	358	7295	0.027828	0.050743	0.027828
512	9400	54	119	86	0.000328	0.002728	0.000328
512	9400	55	467	16219	0.061871	0.118755	0.061871
512	9400	56	281	5604	0.021378	0.028885	0.021378
512	9400	57	569	6670	0.025444	0.058285	0.025444
512	9400	58	209	6919	0.026394	0.030350	0.026394
512	9400	59	407	11473	0.043766	0.060585	0.043766
512	9400	60	250	15732	0.060013	0.064770	0.060013
512	9400	61	178	2006	0.007652	0.010715	0.007652
512	9400	62	180	4675	0.017834	0.020733	0.017834
512	9400	63	52	20	0.000076	0.000759	0.000076
512	9400	64	101	33	0.000126	0.001530	0.000126
512	9400	65	125	898	0.003426	0.005955	0.003426
512	9400	66	5	4	0.000015	0.000031	0.000015
512	9400	67	302	5084	0.019394	0.037949	0.019394
512	9400	68	0	0	0.000000	0.000000	0.000000
512	9400	69	3	7	0.000027	0.000046	0.000027
512	9400	70	168	4963	0.018932	0.022476	0.018932
512	9400	71	2	6	0.000023	0.000034	0.000023
512	9400	72	139	5076	0.019363	0.021538	0.019363
512	9400	73	570	6022	0.022972	0.074364	0.022972
512	9400	74	11	8	0.000031	0.000092	0.000031
512	9400	75	0	0	0.000000	0.000000	0.000000
512	9400	76	191	5849	0.022312	0.026314	0.022312
512	9400	77	245	5980	0.022812	0.026382	0.022812
512	9400	78	138	5078	0.019371	0.021687	0.019371
512	9400	79	490	20479	0.078121	0.096451	0.078121
512	9400	80	0	0	0.000000	0.000000	0.000000
512	9400	81	126	116	0.000443	0.004150	0.000443
512	9400	82	2	11	0.000042	0.000069	0.000042
512	9400	83	606	10290	0.039253	0.103230	0.039253
512	9400	84	0	0	0.000000	0.000000	0.000000
512	9400	85	0	0	0.000000	0.000000	0.000000
512	9400	86	147	3761	0.014347	0.017262	0.014347
512	9400	87	224	9914	0.037819	0.041859	0.037819
512	9400	88	162	7435	0.028362	0.030994	0.028362
512	9400	89	572	8792	0.033539	0.066837	0.033539
512	9400	90	280	2621	0.009998	0.017673	0.009998
512	9400	91	212	10884	0.041519	0.045193	0.041519
512	9400	92	262	3173	0.012104	0.022984	0.012104
512	9400	93	301	10535	0.040188	0.044388	0.040188
512	9400	94	175	4515	0.017223	0.020592	0.017223
512	9400	95	0	0	0.000000	0.000000	0.000000
512	9400	96	411	8500	0.032425	0.062435	0.032425
512	9400	97	169	2475	0.009441	0.012161	0.009441
512	9400	98	0	0	0.000000	0.000000	0.000000
512	9400	99	407	10043	0.038311	0.058784	0.038311
512	9400	100	68	16	0.000061	0.000809	0.000061
512	9400	101	370	7813	0.029804	0.037399	0.029804
512	9400	102	690	12528	0.047791	0.151516	0.047791
512	9400	103	150	4296	0.016388	0.019360	0.016388
512	9400	104	0	0	0.000000	0.000000	0.000000
512	9400	105	3	7	0.000027	0.000034	0.000027
512	9400	106	206	12964	0.049454	0.052849	0.049454
512	9400	107	245	10421	0.039753	0.044308	0.039753
512	9400	108	154	6591	0.025143	0.028267	0.025143
512	9400	109	170	6142	0.023430	0.026257	0.023430
512	9400	110	207	10134	0.038658	0.042622	0.038658
512	9400	111	0	0	0.000000	0.000000	0.000000
512	9400	112	400	6730	0.025673	0.053455	0.025673
512	9400	113	178	7652	0.029190	0.033207	0.029190
512	9400	114	153	2078	0.007927	0.011349	0.007927
512	9400	115	210	12926	0.049309	0.053326	0.049309
512	9400	116	459	15513	0.059177	0.091412	0.059177
512	9400	117	156	1288	0.004913	0.007702	0.004913
512	9400	118	10	8	0.000031	0.000137	0.000031
512	9400	119	173	1465	0.005589	0.009224	0.005589
512	9400	120	179	10541	0.040211	0.043251	0.040211
512	9400	121	161	1509	0.005756	0.008614	0.005756
512	9400	122	14	18	0.000069	0.000179	0.000069
512	9400	123	0	0	0.000000	0.000000	0.000000
512	9400	124	220	15662	0.059746	0.063950	0.059746
512	9400	125	451	10692	0.040787	0.080418	0.040787
512	9400	126	227	9586	0.036568	0.041504	0.036568
512	9400	127	0	0	0.000000	0.000000	0.000000
512	9400	128	237	13868	0.052902	0.056747	0.052902
512	9400	129	415	14372	0.054825	0.084919	0.054825
512	9400	130	206	4764	0.018173	0.021351	0.018173
512	9400	131	185	4879	0.018612	0.022400	0.018612
512	9400	132	215	10744	0.040985	0.044701	0.040985
512	9400	133	0	0	0.000000	0.000000	0.000000
512	9400	134	373	9295	0.035458	0.067463	0.035458
512	9400	135	193	4459	0.017010	0.020576	0.017010
512	9400	136	2	6	0.000023	0.000027	0.000023
512	9400	137	0	0	0.000000	0.000000	0.000000
512	9400	138	156	3307	0.012615	0.015549	0.012615
512	9400	139	0	0	0.000000	0.000000	0.000000
512	9400	140	0	0	0.000000	0.000000	0.000000
512	9400	141	362	17149	0.065418	0.086727	0.065418
512	9400	142	400	11266	0.042976	0.087231	0.042976
512	9400	143	524	10827	0.041302	0.084930	0.041302
512	9400	144	0	0	0.000000	0.000000	0.000000
512	9400	145	0	0	0.000000	0.000000	0.000000
512	9400	146	0	0	0.000000	0.000000	0.000000
512	9400	147	191	1561	0.005955	0.009235	0.005955
512	9400	148	90	29	0.000111	0.001404	0.000111
512	9400	149	0	0	0.000000	0.000000	0.000000
512	9400	150	380	12555	0.047894	0.083027	0.047894
512	9400	151	239	14000	0.053406	0.057083	0.053406
512	9400	152	238	11881	0.045322	0.049393	0.045322
512	9400	153	377	9117	0.034779	0.065231	0.034779
512	9400	154	0	0	0.000000	0.000000	0.000000
512	9400	155	5	4	0.000015	0.000042	0.000015
512	9400	156	230	11828	0.045120	0.049622	0.045120
512	9400	157	212	7787	0.029705	0.033337	0.029705
512	9400	158	398	12832	0.048950	0.061386	0.048950
512	9400	159	187	8979	0.034252	0.037582	0.034252
512	9400	160	560	7454	0.028435	0.076187	0.028435
512	9400	161	228	8076	0.030807	0.034218	0.030807
512	9400	162	439	7286	0.027794	0.061150	0.027794
512	9400	163	0	0	0.000000	0.000000	0.000000
512	9400	164	194	10818	0.041267	0.045399	0.041267
512	9400	165	425	14707	0.056103	0.089695	0.056103
512	9400	166	207	19050	0.072670	0.076309	0.072670
512	9400	167	97	73	0.000278	0.001934	0.000278
512	9400	168	8	5	0.000019	0.000080	0.000019
512	9400	169	374	9774	0.037285	0.054359	0.037285
512	9400	170	1	2	0.000008	0.000008	0.000008
512	9400	171	1	2	0.000008	0.000008	0.000008
512	9400	172	244	11298	0.043098	0.047188	0.043098
512	9400	173	2	4	0.000015	0.000027	0.000015
512	9400	174	336	4742	0.018089	0.041271	0.018089
512	9400	175	365	10482	0.039986	0.058899	0.039986
512	9400	176	0	0	0.000000	0.000000	0.000000
512	9400	177	171	4849	0.018497	0.021282	0.018497
512	9400	178	180	5767	0.021999	0.025352	0.021999
512	9400	179	178	3127	0.011929	0.015327	0.011929
512	9400	180	192	4955	0.018902	0.022758	0.018902
512	9400	181	159	931	0.003551	0.006641	0.003551
512	9400	182	30	12	0.000046	0.000408	0.000046
512	9400	183	0	0	0.000000	0.000000	0.000000
512	9400	184	153	3086	0.011772	0.014439	0.011772
512	9400	185	402	9165	0.034962	0.063755	0.034962
512	9400	186	180	3482	0.013283	0.016788	0.013283
512	9400	187	190	5234	0.019966	0.023724	0.019966
512	9400	188	401	8688	0.033142	0.053219	0.033142
512	9400	189	155	2605	0.009937	0.012825	0.009937
512	9400	190	411	11155	0.042553	0.063137	0.042553
512	9400	191	64	18	0.000069	0.000866	0.000069
512	9400	192	314	6278	0.023949	0.033192	0.023949
512	9400	193	0	0	0.000000	0.000000	0.000000
512	9400	194	0	0	0.000000	0.000000	0.000000
512	9400	195	17	6	0.000023	0.000145	0.000023
512	9400	196	176	1221	0.004658	0.007366	0.004658
512	9400	197	241	11979	0.045696	0.049870	0.045696
512	9400	198	249	18682	0.071266	0.075619	0.071266
512	9400	199	0	0	0.000000	0.000000	0.000000
512	9400	200	4	12	0.000046	0.000061	0.000046
512	9400	201	0	0	0.000000	0.000000	0.000000
512	9400	202	416	13421	0.051197	0.061687	0.051197
512	9400	203	139	2584	0.009857	0.012539	0.009857
512	9400	204	189	10718	0.040886	0.044594	0.040886
512	9400	205	264	14702	0.056084	0.060295	0.056084
512	9400	206	0	0	0.000000	0.000000	0.000000
512	9400	207	214	5815	0.022182	0.026333	0.022182
512	9400	208	0	0	0.000000	0.000000	0.000000
512	9400	209	472	3524	0.013443	0.033195	0.013443
512	9400	210	251	8751	0.033382	0.037453	0.033382
512	9400	211	213	14317	0.054615	0.058155	0.054615
512	9400	212	184	5722	0.021828	0.025154	0.021828
512	9400	213	162	2042	0.007790	0.011292	0.007790
512	9400	214	218	10148	0.038712	0.042446	0.038712
512	9400	215	0	0	0.000000	0.000000	0.000000
512	9400	216	0	0	0.000000	0.000000	0.000000
512	9400	217	223	15938	0.060799	0.064518	0.060799
512	9400	218	0	0	0.000000	0.000000	0.000000
512	9400	219	749	11435	0.043621	0.133518	0.043621
512	9400	220	318	7046	0.026878	0.039730	0.026878
512	9400	221	162	4135	0.015774	0.018555	0.015774
512	9400	222	151	3830	0.014610	0.017334	0.014610
512	9400	223	333	5362	0.020454	0.043163	0.020454
512	9400	224	374	10609	0.040470	0.070496	0.040470
512	9400	225	135	4076	0.015549	0.017529	0.015549
512	9400	226	41	21	0.000080	0.000580	0.000080
512	9400	227	183	3965	0.015125	0.018837	0.015125
512	9400	228	0	0	0.000000	0.000000	0.000000
512	9400	229	5	5	0.000019	0.000061	0.000019
512	9400	230	142	3911	0.014919	0.017311	0.014919
512	9400	231	399	8346	0.031837	0.055618	0.031837
512	9400	232	157	5374	0.020500	0.023228	0.020500
512	9400	233	250	17022	0.064934	0.069408	0.064934
512	9400	234	199	5309	0.020252	0.024162	0.020252
512	9400	235	185	7862	0.029991	0.033657	0.029991
512	9400	236	121	68	0.000259	0.003300	0.000259
512	9400	237	0	0	0.000000	0.000000	0.000000
512	9400	238	23	12	0.000046	0.000294	0.000046
512	9400	239	188	650	0.002480	0.006184	0.002480
512	9400	240	0	0	0.000000	0.000000	0.000000
512	9400	241	121	143	0.000546	0.002964	0.000546
512	9400	242	292	3842	0.014656	0.019867	0.014656
512	9400	243	210	4356	0.016617	0.020554	0.016617
512	9400	244	219	8181	0.031208	0.035446	0.031208
512	9400	245	198	4846	0.018486	0.022232	0.018486
512	9400	246	1	6	0.000023	0.000023	0.000023
512	9400	247	142	1716	0.006546	0.009171	0.006546
512	9400	248	0	0	0.000000	0.000000	0.000000
512	9400	249	374	5972	0.022781	0.050011	0.022781
512	9400	250	297	3592	0.013702	0.031158	0.013702
512	9400	251	202	3989	0.015217	0.019230	0.015217
512	9400	252	235	15413	0.058796	0.062851	0.058796
512	9400	253	261	13715	0.052319	0.056534	0.052319
512	9400	254	11	6	0.000023	0.000149	0.000023
512	9400	255	304	5709	0.021778	0.040039	0.021778
512	9400	256	151	1267	0.004833	0.008560	0.004833
512	9400	257	315	4936	0.018829	0.032066	0.018829
512	9400	258	3	4	0.000015	0.000031	0.000015
512	9400	259	0	0	0.000000	0.000000	0.000000
512	9400	260	152	7241	0.027622	0.030777	0.027622
512	9400	261	278	2958	0.011284	0.021633	0.011284
512	9400	262	337	6737	0.025700	0.044250	0.025700
512	9400	263	279	16465	0.062809	0.068317	0.062809
512	9400	264	176	4896	0.018677	0.021931	0.018677
512	9400	265	0	0	0.000000	0.000000	0.000000
512	9400	266	144	1834	0.006996	0.009987	0.006996
512	9400	267	382	22266	0.084938	0.092361	0.084938
512	9400	268	131	344	0.001312	0.004494	0.001312
512	9400	269	365	9717	0.037067	0.070015	0.037067
512	9400	270	387	8385	0.031986	0.058472	0.031986
512	9400	271	178	227	0.000866	0.005241	0.000866
512	9400	272	189	3652	0.013931	0.017269	0.013931
512	9400	273	246	12951	0.049404	0.052933	0.049404
512	9400	274	370	9175	0.035000	0.050083	0.035000
512	9400	275	0	0	0.000000	0.000000	0.000000
512	9400	276	3	6	0.000023	0.000038	0.000023
512	9400	277	0	0	0.000000	0.000000	0.000000
512	9400	278	279	3863	0.014736	0.020370	0.014736
512	9400	279	251	15017	0.057285	0.061199	0.057285
512	9400	280	191	4807	0.018337	0.021679	0.018337
512	9400	281	2	3	0.000011	0.000015	0.000011
512	9400	282	158	80	0.000305	0.002598	0.000305
512	9400	283	141	3764	0.014359	0.016827	0.014359
512	9400	284	172	4557	0.017384	0.020355	0.017384
512	9400	285	374	10924	0.041672	0.060139	0.041672
512	9400	286	324	6178	0.023567	0.045250	0.023567
512	9400	287	529	4099	0.015636	0.056290	0.015636
512	9400	288	20	7	0.000027	0.000217	0.000027
512	9400	289	197	3497	0.013340	0.016712	0.013340
512	9400	290	3	3	0.000011	0.000027	0.000011
512	9400	291	167	8304	0.031677	0.034538	0.031677
512	9400	292	175	2223	0.008480	0.012169	0.008480
512	9400	293	490	8805	0.033588	0.079052	0.033588
512	9400	294	163	3154	0.012032	0.015919	0.012032
512	9400	295	234	10886	0.041527	0.045681	0.041527
512	9400	296	37	12	0.000046	0.000412	0.000046
512	9400	297	0	0	0.000000	0.000000	0.000000
512	9400	298	0	0	0.000000	0.000000	0.000000
512	9400	299	0	0	0.000000	0.000000	0.000000
512	9400	300	0	0	0.000000	0.000000	0.000000
512	9400	301	190	9167	0.034969	0.038719	0.034969
512	9400	302	185	7740	0.029526	0.033268	0.029526
512	9400	303	399	4861	0.018543	0.042206	0.018543
512	9400	304	0	0	0.000000	0.000000	0.000000
512	9400	305	0	0	0.000000	0.000000	0.000000
512	9400	306	0	0	0.000000	0.000000	0.000000
512	9400	307	174	2997	0.011433	0.014915	0.011433
512	9400	308	147	572	0.002182	0.005424	0.002182
512	9400	309	188	5996	0.022873	0.026306	0.022873
512	9400	310	218	13760	0.052490	0.056046	0.052490
512	9400	311	0	0	0.000000	0.000000	0.000000
512	9400	312	1	1	0.000004	0.000004	0.000004
512	9400	313	340	4876	0.018600	0.042633	0.018600
512	9400	314	700	13041	0.049747	0.131878	0.049747
512	9400	315	177	8046	0.030693	0.033955	0.030693
512	9400	316	201	2061	0.007862	0.011692	0.007862
512	9400	317	1	19	0.000072	0.000072	0.000072
512	9400	318	55	17	0.000065	0.000816	0.000065
512	9400	319	259	15467	0.059002	0.063595	0.059002
512	9400	320	166	4919	0.018764	0.021603	0.018764
512	9400	321	373	11901	0.045399	0.065758	0.045399
512	9400	322	292	5480	0.020905	0.026218	0.020905
512	9400	323	4	4	0.000015	0.000038	0.000015
512	9400	324	184	4077	0.015553	0.018879	0.015553
512	9400	325	167	5121	0.019535	0.022369	0.019535
512	9400	326	318	5411	0.020641	0.038929	0.020641
512	9400	327	450	14416	0.054993	0.108166	0.054993
512	9400	328	0	0	0.000000	0.000000	0.000000
512	9400	329	177	1894	0.007225	0.010696	0.007225
512	9400	330	118	2442	0.009315	0.012589	0.009315
512	9400	331	260	16706	0.063728	0.067696	0.063728
512	9400	332	60	22	0.000084	0.000881	0.000084
512	9400	333	0	0	0.000000	0.000000	0.000000
512	9400	334	3	10	0.000038	0.000061	0.000038
512	9400	335	311	5663	0.021603	0.043518	0.021603
512	9400	336	0	0	0.000000	0.000000	0.000000
512	9400	337	0	0	0.000000	0.000000	0.000000
512	9400	338	416	8049	0.030704	0.041992	0.030704
512	9400	339	186	4431	0.016903	0.020409	0.016903
512	9400	340	15	18	0.000069	0.000248	0.000069
512	9400	341	0	0	0.000000	0.000000	0.000000
512	9400	342	0	0	0.000000	0.000000	0.000000
512	9400	343	0	0	0.000000	0.000000	0.000000
512	9400	344	366	3988	0.015213	0.035625	0.015213
512	9400	345	231	12235	0.046673	0.051033	0.046673
512	9400	346	178	6964	0.026566	0.030319	0.026566
512	9400	347	114	19	0.000072	0.001614	0.000072
512	9400	348	145	2600	0.009918	0.012474	0.009918
512	9400	349	282	20235	0.077190	0.081940	0.077190
512	9400	350	132	39	0.000149	0.002289	0.000149
512	9400	351	255	17194	0.065590	0.069908	0.065590
512	9400	352	172	6658	0.025398	0.028393	0.025398
512	9400	353	210	6392	0.024384	0.028141	0.024384
512	9400	354	454	27853	0.106251	0.114017	0.106251
512	9400	355	0	0	0.000000	0.000000	0.000000
512	9400	356	203	10299	0.039288	0.042873	0.039288
512	9400	357	3	3	0.000011	0.000019	0.000011
512	9400	358	4	7	0.000027	0.000053	0.000027
512	9400	359	482	6968	0.026581	0.050461	0.026581
512	9400	360	144	2326	0.008873	0.011639	0.008873
512	9400	361	146	4992	0.019043	0.022381	0.019043
512	9400	362	0	0	0.000000	0.000000	0.000000
512	9400	363	0	0	0.000000	0.000000	0.000000
512	9400	364	0	0	0.000000	0.000000	0.000000
512	9400	365	263	2671	0.010189	0.014519	0.010189
