512	9350	2	273	874	0.003334	0.007496	0.003334
512	9350	3	112	18	0.000069	0.001308	0.000069
512	9350	4	66	19	0.000072	0.000740	0.000072
512	9350	5	383	5193	0.019810	0.030922	0.019810
512	9350	6	346	1122	0.004280	0.010185	0.004280
512	9350	7	33	14	0.000053	0.000370	0.000053
512	9350	8	233	3887	0.014828	0.018383	0.014828
512	9350	9	313	3985	0.015202	0.020527	0.015202
512	9350	10	302	2862	0.010918	0.015789	0.010918
512	9350	11	347	2610	0.009956	0.017448	0.009956
512	9350	12	203	4547	0.017345	0.021118	0.017345
512	9350	13	87	12	0.000046	0.001019	0.000046
512	9350	14	63	8	0.000031	0.000675	0.000031
512	9350	15	254	537	0.002048	0.006565	0.002048
512	9350	16	89	23	0.000088	0.001305	0.000088
512	9350	17	387	570	0.002174	0.010674	0.002174
512	9350	18	54	12	0.000046	0.000725	0.000046
512	9350	19	228	4920	0.018768	0.023079	0.018768
512	9350	20	276	4044	0.015427	0.019741	0.015427
512	9350	21	231	3910	0.014915	0.018921	0.014915
512	9350	22	342	5272	0.020111	0.040943	0.020111
512	9350	23	362	11325	0.043201	0.048611	0.043201
512	9350	24	399	2855	0.010891	0.022388	0.010891
512	9350	25	351	2347	0.008953	0.016132	0.008953
512	9350	26	291	5300	0.020218	0.024723	0.020218
512	9350	27	56	16	0.000061	0.000832	0.000061
512	9350	28	47	11	0.000042	0.000660	0.000042
512	9350	29	484	4672	0.017822	0.038589	0.017822
512	9350	30	555	2156	0.008224	0.022255	0.008224
512	9350	31	763	6600	0.025177	0.056133	0.025177
512	9350	32	400	7056	0.026917	0.037209	0.026917
512	9350	33	221	4454	0.016991	0.021191	0.016991
512	9350	34	301	3945	0.015049	0.019920	0.015049
512	9350	35	266	36	0.000137	0.004280	0.000137
512	9350	36	83	19	0.000072	0.001144	0.000072
512	9350	37	338	4956	0.018906	0.023972	0.018906
512	9350	38	61	21	0.000080	0.000893	0.000080
512	9350	39	73	14	0.000053	0.000889	0.000053
512	9350	40	427	3028	0.011551	0.027447	0.011551
512	9350	41	398	3502	0.013359	0.022945	0.013359
512	9350	42	281	9083	0.034649	0.039810	0.034649
512	9350	43	74	13	0.000050	0.000908	0.000050
512	9350	44	454	8550	0.032616	0.047638	0.032616
512	9350	45	241	4130	0.015755	0.019592	0.015755
512	9350	46	55	16	0.000061	0.000786	0.000061
512	9350	47	410	4850	0.018501	0.032440	0.018501
512	9350	48	71	21	0.000080	0.000809	0.000080
512	9350	49	302	59	0.000225	0.004292	0.000225
512	9350	50	561	6244	0.023819	0.044849	0.023819
512	9350	51	67	14	0.000053	0.000839	0.000053
512	9350	52	278	1860	0.007095	0.011627	0.007095
512	9350	53	290	8445	0.032215	0.036800	0.032215
512	9350	54	120	12	0.000046	0.001514	0.000046
512	9350	55	242	2232	0.008514	0.013103	0.008514
512	9350	56	47	35	0.000134	0.000832	0.000134
512	9350	57	211	522	0.001991	0.006844	0.001991
512	9350	58	87	22	0.000084	0.001202	0.000084
512	9350	59	122	55	0.000210	0.001965	0.000210
512	9350	60	207	2223	0.008480	0.011822	0.008480
512	9350	61	272	7351	0.028042	0.032684	0.028042
512	9350	62	89	17	0.000065	0.001068	0.000065
512	9350	63	159	37	0.000141	0.002220	0.000141
512	9350	64	385	3792	0.014465	0.021221	0.014465
512	9350	65	463	3782	0.014427	0.037022	0.014427
512	9350	66	249	79	0.000301	0.004803	0.000301
512	9350	67	343	1406	0.005363	0.014824	0.005363
512	9350	68	409	4735	0.018063	0.035645	0.018063
512	9350	69	190	24	0.000092	0.002769	0.000092
512	9350	70	156	19	0.000072	0.002075	0.000072
512	9350	71	95	24	0.000092	0.001148	0.000092
512	9350	72	278	151	0.000576	0.004921	0.000576
512	9350	73	127	12	0.000046	0.001274	0.000046
512	9350	74	145	28	0.000107	0.001812	0.000107
512	9350	75	50	12	0.000046	0.000526	0.000046
512	9350	76	79	12	0.000046	0.000965	0.000046
512	9350	77	292	3441	0.013126	0.017204	0.013126
512	9350	78	272	95	0.000362	0.005436	0.000362
512	9350	79	442	3758	0.014336	0.026257	0.014336
512	9350	80	269	2056	0.007843	0.012558	0.007843
512	9350	81	74	9	0.000034	0.000870	0.000034
512	9350	82	170	20	0.000076	0.002022	0.000076
512	9350	83	205	2147	0.008190	0.011974	0.008190
512	9350	84	413	2843	0.010845	0.028313	0.010845
512	9350	85	231	3540	0.013504	0.017376	0.013504
512	9350	86	180	110	0.000420	0.004131	0.000420
512	9350	87	164	872	0.003326	0.006363	0.003326
512	9350	88	82	15	0.000057	0.001053	0.000057
512	9350	89	321	3407	0.012997	0.018532	0.012997
512	9350	90	260	2030	0.007744	0.011597	0.007744
512	9350	91	240	1982	0.007561	0.011646	0.007561
512	9350	92	256	2688	0.010254	0.014240	0.010254
512	9350	93	340	5505	0.021000	0.029488	0.021000
512	9350	94	447	8248	0.031464	0.041103	0.031464
512	9350	95	73	13	0.000050	0.000809	0.000050
512	9350	96	115	14	0.000053	0.001568	0.000053
512	9350	97	49	22	0.000084	0.000587	0.000084
512	9350	98	439	2046	0.007805	0.018330	0.007805
512	9350	99	534	644	0.002457	0.014168	0.002457
512	9350	100	287	5625	0.021458	0.025948	0.021458
512	9350	101	203	118	0.000450	0.004173	0.000450
512	9350	102	133	21	0.000080	0.001816	0.000080
512	9350	103	212	2693	0.010273	0.013935	0.010273
512	9350	104	50	17	0.000065	0.000603	0.000065
512	9350	105	302	23	0.000088	0.003326	0.000088
512	9350	106	126	45	0.000172	0.001705	0.000172
512	9350	107	400	3623	0.013821	0.024330	0.013821
512	9350	108	63	17	0.000065	0.000721	0.000065
512	9350	109	520	7552	0.028809	0.053982	0.028809
512	9350	110	408	1915	0.007305	0.017933	0.007305
512	9350	111	442	7375	0.028133	0.051224	0.028133
512	9350	112	240	331	0.001263	0.006569	0.001263
512	9350	113	436	7873	0.030033	0.046688	0.030033
512	9350	114	246	946	0.003609	0.008636	0.003609
512	9350	115	176	2587	0.009869	0.013321	0.009869
512	9350	116	294	503	0.001919	0.006756	0.001919
512	9350	117	231	1036	0.003952	0.008259	0.003952
512	9350	118	43	12	0.000046	0.000431	0.000046
512	9350	119	150	44	0.000168	0.002434	0.000168
512	9350	120	201	3592	0.013702	0.016869	0.013702
512	9350	121	239	821	0.003132	0.006626	0.003132
512	9350	122	56	16	0.000061	0.000618	0.000061
512	9350	123	502	5568	0.021240	0.030952	0.021240
512	9350	124	391	2244	0.008560	0.019413	0.008560
512	9350	125	177	1741	0.006641	0.010021	0.006641
512	9350	126	38	10	0.000038	0.000439	0.000038
512	9350	127	341	2064	0.007874	0.014645	0.007874
512	9350	128	665	3442	0.013130	0.045967	0.013130
512	9350	129	85	20	0.000076	0.001255	0.000076
512	9350	130	218	2028	0.007736	0.011761	0.007736
512	9350	131	212	2967	0.011318	0.015068	0.011318
512	9350	132	129	31	0.000118	0.002075	0.000118
512	9350	133	111	17	0.000065	0.001377	0.000065
512	9350	134	34	12	0.000046	0.000458	0.000046
512	9350	135	129	18	0.000069	0.001583	0.000069
512	9350	136	194	190	0.000725	0.005157	0.000725
512	9350	137	433	3434	0.013100	0.029385	0.013100
512	9350	138	287	3526	0.013451	0.018303	0.013451
512	9350	139	86	15	0.000057	0.001045	0.000057
512	9350	140	381	3670	0.014000	0.029976	0.014000
512	9350	141	193	150	0.000572	0.003502	0.000572
512	9350	142	94	13	0.000050	0.001122	0.000050
512	9350	143	488	5382	0.020531	0.037884	0.020531
512	9350	144	331	127	0.000484	0.007072	0.000484
512	9350	145	259	3299	0.012585	0.016861	0.012585
512	9350	146	224	25	0.000095	0.003067	0.000095
512	9350	147	522	5868	0.022385	0.052719	0.022385
512	9350	148	348	4051	0.015453	0.030869	0.015453
512	9350	149	192	119	0.000454	0.004242	0.000454
512	9350	150	45	12	0.000046	0.000576	0.000046
512	9350	151	601	2994	0.011421	0.026997	0.011421
512	9350	152	48	19	0.000072	0.000549	0.000072
512	9350	153	195	2085	0.007954	0.010948	0.007954
512	9350	154	232	41	0.000156	0.003109	0.000156
512	9350	155	53	13	0.000050	0.000584	0.000050
512	9350	156	257	1740	0.006638	0.011196	0.006638
512	9350	157	213	183	0.000698	0.005112	0.000698
512	9350	158	135	29	0.000111	0.001659	0.000111
512	9350	159	259	1766	0.006737	0.011497	0.006737
512	9350	160	83	22	0.000084	0.001102	0.000084
512	9350	161	301	729	0.002781	0.007645	0.002781
512	9350	162	382	771	0.002941	0.013050	0.002941
512	9350	163	78	18	0.000069	0.001099	0.000069
512	9350	164	205	72	0.000275	0.003807	0.000275
512	9350	165	45	13	0.000050	0.000492	0.000050
512	9350	166	395	3286	0.012535	0.024693	0.012535
512	9350	167	423	6779	0.025860	0.054287	0.025860
512	9350	168	156	62	0.000237	0.002792	0.000237
512	9350	169	224	4016	0.015320	0.019829	0.015320
512	9350	170	735	3867	0.014751	0.035248	0.014751
512	9350	171	253	4177	0.015934	0.019661	0.015934
512	9350	172	222	1188	0.004532	0.008427	0.004532
512	9350	173	432	6447	0.024593	0.047009	0.024593
512	9350	174	159	22	0.000084	0.002174	0.000084
512	9350	175	276	8202	0.031288	0.035938	0.031288
512	9350	176	112	27	0.000103	0.001648	0.000103
512	9350	177	102	15	0.000057	0.001198	0.000057
512	9350	178	94	17	0.000065	0.001156	0.000065
512	9350	179	305	335	0.001278	0.008682	0.001278
512	9350	180	25	10	0.000038	0.000309	0.000038
512	9350	181	299	3353	0.012791	0.017910	0.012791
512	9350	182	287	2136	0.008148	0.012672	0.008148
512	9350	183	448	2620	0.009995	0.019180	0.009995
512	9350	184	320	4044	0.015427	0.021225	0.015427
512	9350	185	389	473	0.001804	0.008862	0.001804
512	9350	186	168	30	0.000114	0.002022	0.000114
512	9350	187	401	4261	0.016254	0.023315	0.016254
512	9350	188	185	1806	0.006889	0.009808	0.006889
512	9350	189	46	11	0.000042	0.000511	0.000042
512	9350	190	202	22	0.000084	0.002995	0.000084
512	9350	191	31	11	0.000042	0.000408	0.000042
512	9350	192	270	2797	0.010670	0.014847	0.010670
512	9350	193	34	16	0.000061	0.000534	0.000061
512	9350	194	503	5774	0.022026	0.037834	0.022026
512	9350	195	213	24	0.000092	0.002827	0.000092
512	9350	196	241	5859	0.022350	0.026707	0.022350
512	9350	197	130	13	0.000050	0.001598	0.000050
512	9350	198	46	12	0.000046	0.000542	0.000046
512	9350	199	125	28	0.000107	0.001732	0.000107
512	9350	200	66	9	0.000034	0.000732	0.000034
512	9350	201	67	18	0.000069	0.001053	0.000069
512	9350	202	101	12	0.000046	0.001228	0.000046
512	9350	203	208	2901	0.011066	0.014191	0.011066
512	9350	204	69	18	0.000069	0.001049	0.000069
512	9350	205	303	5462	0.020836	0.025520	0.020836
512	9350	206	270	146	0.000557	0.005608	0.000557
512	9350	207	202	4849	0.018497	0.021538	0.018497
512	9350	208	464	276	0.001053	0.014057	0.001053
512	9350	209	410	50	0.000191	0.007366	0.000191
512	9350	210	188	439	0.001675	0.006172	0.001675
512	9350	211	249	373	0.001423	0.005505	0.001423
512	9350	212	155	2817	0.010746	0.013458	0.010746
512	9350	213	300	2969	0.011326	0.015579	0.011326
512	9350	214	104	16	0.000061	0.001476	0.000061
512	9350	215	64	23	0.000088	0.000721	0.000088
512	9350	216	779	6773	0.025837	0.063305	0.025837
512	9350	217	283	2640	0.010071	0.014694	0.010071
512	9350	218	100	13	0.000050	0.001179	0.000050
512	9350	219	263	2233	0.008518	0.013660	0.008518
512	9350	220	305	1272	0.004852	0.012512	0.004852
512	9350	221	340	7928	0.030243	0.036018	0.030243
512	9350	222	457	8842	0.033730	0.043587	0.033730
512	9350	223	174	67	0.000256	0.002613	0.000256
512	9350	224	259	5409	0.020634	0.025013	0.020634
512	9350	225	517	3726	0.014214	0.039684	0.014214
512	9350	226	224	3190	0.012169	0.016132	0.012169
512	9350	227	194	429	0.001637	0.006119	0.001637
512	9350	228	381	3001	0.011448	0.027283	0.011448
512	9350	229	54	18	0.000069	0.000694	0.000069
512	9350	230	242	4072	0.015533	0.019974	0.015533
512	9350	231	519	8334	0.031792	0.060814	0.031792
512	9350	232	220	1414	0.005394	0.008762	0.005394
512	9350	233	368	8551	0.032619	0.039158	0.032619
512	9350	234	271	9111	0.034756	0.039021	0.034756
512	9350	235	234	3953	0.015079	0.019066	0.015079
512	9350	236	68	12	0.000046	0.000698	0.000046
512	9350	237	209	2609	0.009953	0.012955	0.009953
512	9350	238	418	1067	0.004070	0.011440	0.004070
512	9350	239	579	4787	0.018261	0.040401	0.018261
512	9350	240	65	15	0.000057	0.000874	0.000057
512	9350	241	176	3166	0.012077	0.015533	0.012077
512	9350	242	325	2505	0.009556	0.015182	0.009556
512	9350	243	158	20	0.000076	0.002090	0.000076
512	9350	244	87	15	0.000057	0.001259	0.000057
512	9350	245	81	11	0.000042	0.000950	0.000042
512	9350	246	214	2150	0.008202	0.011890	0.008202
512	9350	247	215	697	0.002659	0.006775	0.002659
512	9350	248	480	11815	0.045071	0.064552	0.045071
512	9350	249	565	1566	0.005974	0.021450	0.005974
512	9350	250	242	440	0.001678	0.007275	0.001678
512	9350	251	116	14	0.000053	0.001263	0.000053
512	9350	252	351	3667	0.013988	0.033436	0.013988
512	9350	253	46	19	0.000072	0.000511	0.000072
512	9350	254	457	1345	0.005131	0.017853	0.005131
512	9350	255	194	1275	0.004864	0.008369	0.004864
512	9350	256	52	19	0.000072	0.000771	0.000072
512	9350	257	258	6139	0.023418	0.027996	0.023418
512	9350	258	56	9	0.000034	0.000546	0.000034
512	9350	259	397	8855	0.033779	0.039906	0.033779
512	9350	260	235	1827	0.006969	0.010876	0.006969
512	9350	261	338	1725	0.006580	0.019772	0.006580
512	9350	262	254	1911	0.007290	0.011162	0.007290
512	9350	263	483	15317	0.058430	0.066036	0.058430
512	9350	264	83	11	0.000042	0.000923	0.000042
512	9350	265	213	3742	0.014275	0.017487	0.014275
512	9350	266	345	2123	0.008099	0.016537	0.008099
512	9350	267	193	32	0.000122	0.002842	0.000122
512	9350	268	116	12	0.000046	0.001270	0.000046
512	9350	269	269	10028	0.038254	0.041813	0.038254
512	9350	270	607	2882	0.010994	0.029243	0.010994
512	9350	271	414	7766	0.029625	0.039795	0.029625
512	9350	272	371	3622	0.013817	0.020176	0.013817
512	9350	273	56	24	0.000092	0.000771	0.000092
512	9350	274	511	6996	0.026688	0.051979	0.026688
512	9350	275	85	16	0.000061	0.001167	0.000061
512	9350	276	122	21	0.000080	0.001488	0.000080
512	9350	277	264	2843	0.010845	0.015202	0.010845
512	9350	278	151	27	0.000103	0.002441	0.000103
512	9350	279	505	6164	0.023514	0.046673	0.023514
512	9350	280	102	14	0.000053	0.001152	0.000053
512	9350	281	69	18	0.000069	0.000946	0.000069
512	9350	282	205	32	0.000122	0.003155	0.000122
512	9350	283	433	6932	0.026443	0.038898	0.026443
512	9350	284	229	2332	0.008896	0.012653	0.008896
512	9350	285	133	16	0.000061	0.001583	0.000061
512	9350	286	288	1975	0.007534	0.011555	0.007534
512	9350	287	73	14	0.000053	0.000908	0.000053
512	9350	288	283	4194	0.015999	0.020039	0.015999
512	9350	289	57	15	0.000057	0.000679	0.000057
512	9350	290	69	20	0.000076	0.000927	0.000076
512	9350	291	79	19	0.000072	0.000874	0.000072
512	9350	292	160	22	0.000084	0.002068	0.000084
512	9350	293	271	32	0.000122	0.004078	0.000122
512	9350	294	579	7989	0.030476	0.044525	0.030476
512	9350	295	383	5424	0.020691	0.041668	0.020691
512	9350	296	213	695	0.002651	0.007034	0.002651
512	9350	297	395	1834	0.006996	0.014160	0.006996
512	9350	298	232	20	0.000076	0.003380	0.000076
512	9350	299	344	3403	0.012981	0.018040	0.012981
512	9350	300	246	4310	0.016441	0.021118	0.016441
512	9350	301	213	302	0.001152	0.004044	0.001152
512	9350	302	48	17	0.000065	0.000778	0.000065
512	9350	303	217	37	0.000141	0.003315	0.000141
512	9350	304	33	13	0.000050	0.000381	0.000050
512	9350	305	260	6083	0.023205	0.027897	0.023205
512	9350	306	100	13	0.000050	0.001263	0.000050
512	9350	307	229	718	0.002739	0.007053	0.002739
512	9350	308	232	1893	0.007221	0.011322	0.007221
512	9350	309	48	11	0.000042	0.000488	0.000042
512	9350	310	174	1007	0.003841	0.007240	0.003841
512	9350	311	355	4572	0.017441	0.028568	0.017441
512	9350	312	132	26	0.000099	0.002110	0.000099
512	9350	313	216	2697	0.010288	0.014374	0.010288
512	9350	314	287	1670	0.006371	0.011562	0.006371
512	9350	315	194	1414	0.005394	0.008636	0.005394
512	9350	316	120	16	0.000061	0.001369	0.000061
512	9350	317	570	5220	0.019913	0.050083	0.019913
512	9350	318	377	517	0.001972	0.008282	0.001972
512	9350	319	94	17	0.000065	0.001499	0.000065
512	9350	320	49	22	0.000084	0.000786	0.000084
512	9350	321	780	7216	0.027527	0.069355	0.027527
512	9350	322	365	1036	0.003952	0.009930	0.003952
512	9350	323	133	14	0.000053	0.001724	0.000053
512	9350	324	376	5604	0.021378	0.033112	0.021378
512	9350	325	208	148	0.000565	0.005417	0.000565
512	9350	326	226	3632	0.013855	0.017555	0.013855
512	9350	327	369	91	0.000347	0.007038	0.000347
512	9350	328	222	149	0.000568	0.004417	0.000568
512	9350	329	167	18	0.000069	0.001850	0.000069
512	9350	330	368	702	0.002678	0.008976	0.002678
512	9350	331	353	4440	0.016937	0.036732	0.016937
512	9350	332	354	586	0.002235	0.009243	0.002235
512	9350	333	74	18	0.000069	0.000957	0.000069
512	9350	334	270	4365	0.016651	0.021637	0.016651
512	9350	335	108	21	0.000080	0.001408	0.000080
512	9350	336	454	1679	0.006405	0.017075	0.006405
512	9350	337	551	11634	0.044380	0.060211	0.044380
512	9350	338	272	2566	0.009789	0.014549	0.009789
512	9350	339	188	1358	0.005180	0.008709	0.005180
512	9350	340	46	16	0.000061	0.000587	0.000061
512	9350	341	506	3403	0.012981	0.021843	0.012981
512	9350	342	80	11	0.000042	0.000828	0.000042
512	9350	343	284	11696	0.044617	0.049477	0.044617
512	9350	344	94	13	0.000050	0.000999	0.000050
512	9350	345	537	5940	0.022659	0.038483	0.022659
512	9350	346	165	31	0.000118	0.002010	0.000118
512	9350	347	143	39	0.000149	0.002705	0.000149
512	9350	348	423	7178	0.027382	0.043991	0.027382
512	9350	349	75	14	0.000053	0.000854	0.000053
512	9350	350	203	77	0.000294	0.003902	0.000294
512	9350	351	163	32	0.000122	0.002670	0.000122
512	9350	352	765	2532	0.009659	0.033707	0.009659
512	9350	353	503	3041	0.011600	0.032555	0.011600
512	9350	354	84	19	0.000072	0.000969	0.000072
