512	9700	2	41	256014	0.976616	0.977028	0.000050
512	9700	3	20	257544	0.982452	0.982758	0.000099
512	9700	4	1	259432	0.989655	0.989655	0.000000
512	9700	5	1	259475	0.989819	0.989819	0.000000
512	9700	6	106	252464	0.963074	0.964703	0.000111
512	9700	7	131	250321	0.954899	0.957306	0.000347
512	9700	8	45	254393	0.970432	0.971100	0.000092
512	9700	9	73	252528	0.963318	0.964233	0.000099
512	9700	10	1	259232	0.988892	0.988892	0.000000
512	9700	11	134	250211	0.954479	0.956776	0.000107
512	9700	12	76	253628	0.967514	0.969090	0.000145
512	9700	13	36	256369	0.977970	0.978481	0.000153
512	9700	14	1	259229	0.988880	0.988880	0.000000
512	9700	15	1	259494	0.989891	0.989891	0.000000
512	9700	16	65	254763	0.971844	0.972679	0.000061
512	9700	17	1	259410	0.989571	0.989571	0.000000
512	9700	18	1	259385	0.989475	0.989475	0.000000
512	9700	19	30	256621	0.978931	0.979351	0.000069
512	9700	20	9	258237	0.985096	0.985222	0.000053
512	9700	21	1	259520	0.989990	0.989990	0.000000
512	9700	22	107	252131	0.961803	0.963776	0.000221
512	9700	23	4	259058	0.988228	0.988251	0.000015
512	9700	24	148	251021	0.957569	0.960152	0.000259
512	9700	25	70	254343	0.970242	0.971428	0.000229
512	9700	26	2	259283	0.989086	0.989090	0.000004
512	9700	27	4	258957	0.987843	0.987854	0.000004
512	9700	28	13	258356	0.985550	0.985748	0.000122
512	9700	29	1	258941	0.987782	0.987782	0.000000
512	9700	30	64	253601	0.967411	0.968517	0.000160
512	9700	31	1	259570	0.990181	0.990181	0.000000
512	9700	32	16	258501	0.986103	0.986267	0.000046
512	9700	33	1	259578	0.990211	0.990211	0.000000
512	9700	34	25	258042	0.984352	0.984615	0.000065
512	9700	35	3	258844	0.987411	0.987457	0.000034
512	9700	36	1	259223	0.988857	0.988857	0.000000
512	9700	37	1	259407	0.989559	0.989559	0.000000
512	9700	38	69	254268	0.969955	0.971432	0.000141
512	9700	39	23	257485	0.982227	0.982582	0.000095
512	9700	40	18	257498	0.982277	0.982502	0.000076
512	9700	41	65	254983	0.972683	0.973438	0.000080
512	9700	42	1	259358	0.989372	0.989372	0.000000
512	9700	43	1	259502	0.989922	0.989922	0.000000
512	9700	44	91	253608	0.967438	0.968971	0.000126
512	9700	45	71	255016	0.972809	0.973927	0.000149
512	9700	46	1	259466	0.989784	0.989784	0.000000
512	9700	47	1	259546	0.990089	0.990089	0.000000
512	9700	48	37	256375	0.977993	0.978497	0.000072
512	9700	49	9	258003	0.984203	0.984303	0.000050
512	9700	50	1	259279	0.989071	0.989071	0.000000
512	9700	51	1	259577	0.990208	0.990208	0.000000
512	9700	52	1	259355	0.989361	0.989361	0.000000
512	9700	53	27	257370	0.981789	0.982353	0.000069
512	9700	54	1	259562	0.990150	0.990150	0.000000
512	9700	55	150	249054	0.950066	0.952236	0.000107
512	9700	56	59	254045	0.969105	0.970108	0.000107
512	9700	57	21	257670	0.982933	0.983200	0.000042
512	9700	58	1	259325	0.989246	0.989246	0.000000
512	9700	59	12	258478	0.986015	0.986141	0.000061
512	9700	60	41	256266	0.977577	0.978722	0.000172
512	9700	61	55	255080	0.973053	0.973816	0.000137
512	9700	62	3	258947	0.987804	0.987820	0.000011
512	9700	63	38	256780	0.979538	0.980103	0.000072
512	9700	64	1	259269	0.989033	0.989033	0.000000
512	9700	65	26	257455	0.982113	0.982704	0.000111
512	9700	66	64	255276	0.973801	0.974514	0.000069
512	9700	67	29	256747	0.979412	0.979828	0.000076
512	9700	68	1	259410	0.989571	0.989571	0.000000
512	9700	69	15	258078	0.984489	0.984596	0.000023
512	9700	70	1	259384	0.989471	0.989471	0.000000
512	9700	71	1	259541	0.990070	0.990070	0.000000
512	9700	72	42	254430	0.970573	0.971130	0.000076
512	9700	73	83	254625	0.971317	0.972691	0.000134
512	9700	74	1	259573	0.990192	0.990192	0.000000
512	9700	75	7	258233	0.985081	0.985123	0.000023
512	9700	76	16	258463	0.985958	0.986164	0.000057
512	9700	77	1	259525	0.990009	0.990009	0.000000
512	9700	78	54	255640	0.975189	0.976151	0.000114
512	9700	79	19	258216	0.985016	0.985435	0.000149
512	9700	80	5	258943	0.987789	0.987804	0.000004
512	9700	81	22	257523	0.982372	0.982708	0.000084
512	9700	82	2	258684	0.986801	0.986805	0.000004
512	9700	83	46	256168	0.977203	0.977699	0.000114
512	9700	84	71	254863	0.972225	0.973324	0.000221
512	9700	85	1	259569	0.990177	0.990177	0.000000
512	9700	86	1	259524	0.990005	0.990005	0.000000
512	9700	87	57	254150	0.969505	0.970406	0.000103
512	9700	88	1	259347	0.989330	0.989330	0.000000
512	9700	89	18	257425	0.981998	0.982178	0.000057
512	9700	90	33	256894	0.979973	0.980431	0.000179
512	9700	91	3	258838	0.987389	0.987411	0.000015
512	9700	92	2	259157	0.988605	0.988613	0.000008
512	9700	93	70	255359	0.974117	0.975075	0.000103
512	9700	94	6	257969	0.984074	0.984100	0.000008
512	9700	95	36	256222	0.977409	0.977840	0.000111
512	9700	96	1	259460	0.989761	0.989761	0.000000
512	9700	97	5	258295	0.985317	0.985340	0.000008
512	9700	98	8	258617	0.986546	0.986591	0.000015
512	9700	99	1	259316	0.989212	0.989212	0.000000
512	9700	100	53	256682	0.979164	0.980129	0.000160
512	9700	101	8	258099	0.984570	0.984646	0.000023
512	9700	102	9	258173	0.984852	0.984921	0.000027
512	9700	103	1	259578	0.990211	0.990211	0.000000
512	9700	104	153	247350	0.943565	0.945942	0.000156
512	9700	105	15	258010	0.984230	0.984539	0.000080
512	9700	106	88	254398	0.970451	0.971954	0.000195
512	9700	107	22	257698	0.983040	0.983459	0.000145
512	9700	108	37	256029	0.976673	0.977066	0.000061
512	9700	109	31	257521	0.982365	0.982929	0.000130
512	9700	110	1	259392	0.989502	0.989502	0.000000
512	9700	111	1	259337	0.989292	0.989292	0.000000
512	9700	112	20	257575	0.982571	0.982777	0.000053
512	9700	113	47	256386	0.978035	0.978855	0.000080
512	9700	114	34	256330	0.977821	0.978428	0.000206
512	9700	115	4	258913	0.987675	0.987694	0.000011
512	9700	116	132	252359	0.962673	0.965004	0.000145
512	9700	117	1	259560	0.990143	0.990143	0.000000
512	9700	118	1	259371	0.989422	0.989422	0.000000
512	9700	119	58	255062	0.972984	0.974129	0.000103
512	9700	120	2	258895	0.987606	0.987610	0.000004
512	9700	121	1	259028	0.988113	0.988113	0.000000
512	9700	122	1	259348	0.989334	0.989334	0.000000
512	9700	123	26	257061	0.980610	0.980949	0.000114
512	9700	124	1	259499	0.989910	0.989910	0.000000
512	9700	125	3	259052	0.988205	0.988228	0.000019
512	9700	126	1	259368	0.989410	0.989410	0.000000
512	9700	127	32	257019	0.980450	0.980743	0.000095
512	9700	128	44	254086	0.969261	0.969788	0.000061
512	9700	129	71	254671	0.971493	0.972797	0.000179
512	9700	130	21	258002	0.984200	0.984406	0.000031
512	9700	131	18	258309	0.985371	0.985527	0.000023
512	9700	132	1	259505	0.989933	0.989933	0.000000
512	9700	133	30	257748	0.983231	0.983578	0.000065
512	9700	134	1	259569	0.990177	0.990177	0.000000
512	9700	135	1	259459	0.989758	0.989758	0.000000
512	9700	136	1	259465	0.989780	0.989780	0.000000
512	9700	137	4	258730	0.986977	0.986996	0.000011
512	9700	138	60	255916	0.976242	0.977455	0.000114
512	9700	139	1	259578	0.990211	0.990211	0.000000
512	9700	140	1	259577	0.990208	0.990208	0.000000
512	9700	141	3	259037	0.988148	0.988186	0.000027
512	9700	142	31	257272	0.981415	0.981880	0.000065
512	9700	143	10	258003	0.984203	0.984241	0.000008
512	9700	144	1	259484	0.989853	0.989853	0.000000
512	9700	145	60	254035	0.969067	0.970417	0.000149
512	9700	146	17	258094	0.984550	0.984840	0.000172
512	9700	147	124	249340	0.951157	0.952908	0.000160
512	9700	148	1	259427	0.989635	0.989635	0.000000
512	9700	149	1	259481	0.989841	0.989841	0.000000
512	9700	150	5	258893	0.987598	0.987640	0.000031
512	9700	151	1	259109	0.988422	0.988422	0.000000
512	9700	152	1	259184	0.988708	0.988708	0.000000
512	9700	153	2	259159	0.988613	0.988617	0.000004
512	9700	154	1	259564	0.990158	0.990158	0.000000
512	9700	155	78	253455	0.966854	0.968494	0.000225
512	9700	156	18	257938	0.983955	0.984226	0.000069
512	9700	157	5	258733	0.986988	0.987003	0.000004
512	9700	158	16	257892	0.983780	0.983898	0.000027
512	9700	159	1	259295	0.989132	0.989132	0.000000
512	9700	160	71	253409	0.966679	0.967587	0.000095
512	9700	161	112	249957	0.953510	0.955116	0.000103
512	9700	162	17	257736	0.983185	0.983322	0.000031
512	9700	163	82	253861	0.968403	0.969990	0.000111
512	9700	164	27	257894	0.983788	0.984116	0.000076
512	9700	165	108	252396	0.962814	0.964390	0.000130
512	9700	166	41	256637	0.978992	0.979710	0.000134
512	9700	167	15	257774	0.983330	0.983532	0.000038
512	9700	168	9	258415	0.985775	0.985874	0.000050
512	9700	169	1	259402	0.989540	0.989540	0.000000
512	9700	170	27	257810	0.983467	0.983765	0.000038
512	9700	171	43	255869	0.976063	0.976646	0.000095
512	9700	172	1	259358	0.989372	0.989372	0.000000
512	9700	173	41	255915	0.976238	0.976810	0.000103
512	9700	174	1	259557	0.990131	0.990131	0.000000
512	9700	175	60	254289	0.970036	0.970898	0.000095
512	9700	176	16	258013	0.984241	0.984356	0.000027
512	9700	177	1	259545	0.990086	0.990086	0.000000
512	9700	178	2	259001	0.988010	0.988014	0.000004
512	9700	179	1	259553	0.990116	0.990116	0.000000
512	9700	180	49	256313	0.977757	0.978352	0.000118
512	9700	181	8	258009	0.984226	0.984283	0.000031
512	9700	182	77	255876	0.976089	0.977154	0.000114
512	9700	183	43	256942	0.980156	0.980877	0.000092
512	9700	184	37	256740	0.979385	0.979809	0.000042
512	9700	185	1	259243	0.988934	0.988934	0.000000
512	9700	186	88	252019	0.961376	0.962986	0.000126
512	9700	187	4	258840	0.987396	0.987419	0.000011
512	9700	188	79	252854	0.964561	0.965946	0.000107
512	9700	189	20	258010	0.984230	0.984451	0.000050
512	9700	190	15	257591	0.982632	0.982819	0.000046
512	9700	191	32	257396	0.981888	0.982254	0.000057
512	9700	192	105	251395	0.958996	0.960976	0.000240
512	9700	193	26	257162	0.980995	0.981483	0.000069
512	9700	194	1	259274	0.989052	0.989052	0.000000
512	9700	195	36	256815	0.979671	0.980240	0.000092
512	9700	196	1	259552	0.990112	0.990112	0.000000
512	9700	197	27	257600	0.982666	0.982990	0.000061
512	9700	198	2	258628	0.986588	0.986599	0.000011
512	9700	199	1	259501	0.989918	0.989918	0.000000
512	9700	200	15	258565	0.986347	0.986412	0.000015
512	9700	201	273	244087	0.931118	0.935238	0.000160
512	9700	202	72	253754	0.967995	0.968922	0.000130
512	9700	203	16	257742	0.983208	0.983501	0.000080
512	9700	204	2	259306	0.989174	0.989178	0.000004
512	9700	205	28	256263	0.977566	0.978065	0.000107
512	9700	206	50	255187	0.973461	0.974110	0.000107
512	9700	207	1	259285	0.989094	0.989094	0.000000
512	9700	208	41	256549	0.978657	0.979233	0.000111
512	9700	209	21	256951	0.980190	0.980530	0.000114
512	9700	210	23	256730	0.979347	0.979622	0.000084
512	9700	211	14	257706	0.983070	0.983307	0.000061
512	9700	212	15	258037	0.984333	0.984615	0.000122
512	9700	213	25	257447	0.982082	0.982273	0.000031
512	9700	214	53	254419	0.970531	0.971378	0.000141
512	9700	215	36	256868	0.979874	0.980335	0.000057
512	9700	216	3	259006	0.988029	0.988037	0.000004
512	9700	217	1	259561	0.990147	0.990147	0.000000
512	9700	218	1	259341	0.989307	0.989307	0.000000
512	9700	219	119	251006	0.957512	0.959858	0.000134
512	9700	220	31	257904	0.983826	0.984146	0.000057
512	9700	221	103	252434	0.962959	0.964794	0.000179
512	9700	222	53	255645	0.975208	0.976048	0.000069
512	9700	223	1	259445	0.989704	0.989704	0.000000
512	9700	224	31	257026	0.980476	0.980835	0.000053
512	9700	225	31	256887	0.979946	0.980175	0.000023
512	9700	226	36	256192	0.977295	0.977711	0.000042
512	9700	227	39	256340	0.977859	0.978294	0.000034
512	9700	228	8	258144	0.984741	0.984837	0.000065
512	9700	229	39	255713	0.975468	0.976105	0.000088
512	9700	230	1	259537	0.990055	0.990055	0.000000
512	9700	231	1	259569	0.990177	0.990177	0.000000
512	9700	232	42	256321	0.977787	0.978546	0.000134
512	9700	233	1	259544	0.990082	0.990082	0.000000
512	9700	234	2	259089	0.988346	0.988350	0.000004
512	9700	235	1	259578	0.990211	0.990211	0.000000
512	9700	236	6	258371	0.985607	0.985699	0.000069
512	9700	237	1	259515	0.989971	0.989971	0.000000
512	9700	238	43	256514	0.978523	0.979115	0.000076
512	9700	239	33	254524	0.970932	0.971188	0.000042
512	9700	240	1	259245	0.988941	0.988941	0.000000
512	9700	241	1	259575	0.990200	0.990200	0.000000
512	9700	242	1	259555	0.990124	0.990124	0.000000
512	9700	243	14	258001	0.984196	0.984383	0.000057
512	9700	244	1	259566	0.990166	0.990166	0.000000
512	9700	245	1	259523	0.990002	0.990002	0.000000
512	9700	246	39	254571	0.971111	0.971603	0.000080
512	9700	247	1	258999	0.988003	0.988003	0.000000
512	9700	248	1	259573	0.990192	0.990192	0.000000
512	9700	249	30	255891	0.976147	0.976322	0.000031
512	9700	250	37	257935	0.983944	0.984493	0.000095
512	9700	251	1	259563	0.990154	0.990154	0.000000
512	9700	252	1	259567	0.990170	0.990170	0.000000
512	9700	253	10	258286	0.985283	0.985405	0.000046
512	9700	254	3	259056	0.988220	0.988228	0.000004
512	9700	255	81	253346	0.966438	0.967388	0.000114
512	9700	256	1	259437	0.989674	0.989674	0.000000
512	9700	257	235	246398	0.939934	0.944115	0.000149
512	9700	258	47	254839	0.972134	0.972675	0.000046
512	9700	259	10	257937	0.983952	0.984104	0.000076
512	9700	260	154	249182	0.950554	0.953426	0.000183
512	9700	261	112	251989	0.961262	0.963078	0.000118
512	9700	262	30	257463	0.982143	0.982445	0.000057
512	9700	263	48	256469	0.978352	0.978966	0.000084
512	9700	264	54	255098	0.973122	0.974072	0.000214
512	9700	265	1	259443	0.989697	0.989697	0.000000
512	9700	266	1	259432	0.989655	0.989655	0.000000
512	9700	267	1	259273	0.989048	0.989048	0.000000
512	9700	268	73	252323	0.962536	0.963734	0.000145
512	9700	269	14	257517	0.982349	0.982475	0.000027
512	9700	270	1	259578	0.990211	0.990211	0.000000
512	9700	271	69	253416	0.966705	0.967915	0.000114
512	9700	272	1	259459	0.989758	0.989758	0.000000
512	9700	273	20	257530	0.982399	0.982655	0.000057
512	9700	274	88	253848	0.968353	0.969898	0.000118
512	9700	275	36	256525	0.978565	0.979057	0.000103
512	9700	276	1	259450	0.989723	0.989723	0.000000
512	9700	277	18	258014	0.984245	0.984425	0.000092
512	9700	278	20	257892	0.983780	0.984142	0.000053
512	9700	279	1	259532	0.990036	0.990036	0.000000
512	9700	280	44	254644	0.971390	0.972076	0.000107
512	9700	281	8	258233	0.985081	0.985138	0.000031
512	9700	282	12	258403	0.985729	0.985836	0.000019
512	9700	283	106	252501	0.963215	0.965023	0.000118
512	9700	284	6	258769	0.987125	0.987156	0.000008
512	9700	285	30	256897	0.979984	0.980309	0.000053
512	9700	286	2	258714	0.986916	0.986919	0.000004
512	9700	287	32	257237	0.981281	0.981636	0.000042
512	9700	288	1	259550	0.990105	0.990105	0.000000
512	9700	289	56	255484	0.974594	0.975872	0.000118
512	9700	290	3	258647	0.986660	0.986671	0.000008
512	9700	291	10	258146	0.984749	0.984871	0.000046
512	9700	292	53	255292	0.973862	0.974796	0.000069
512	9700	293	1	259427	0.989635	0.989635	0.000000
512	9700	294	1	259415	0.989590	0.989590	0.000000
512	9700	295	1	259363	0.989391	0.989391	0.000000
512	9700	296	77	254092	0.969284	0.970390	0.000103
512	9700	297	104	253505	0.967045	0.968765	0.000149
512	9700	298	1	259481	0.989841	0.989841	0.000000
512	9700	299	1	259261	0.989002	0.989002	0.000000
512	9700	300	15	258384	0.985657	0.985840	0.000057
512	9700	301	25	256929	0.980106	0.980389	0.000046
512	9700	302	1	259275	0.989056	0.989056	0.000000
512	9700	303	1	259574	0.990196	0.990196	0.000000
512	9700	304	15	258328	0.985443	0.985634	0.000046
512	9700	305	21	257271	0.981411	0.981812	0.000156
512	9700	306	37	256547	0.978649	0.979115	0.000122
512	9700	307	19	257480	0.982208	0.982433	0.000034
512	9700	308	12	258355	0.985546	0.985630	0.000027
512	9700	309	15	258428	0.985825	0.985985	0.000069
512	9700	310	21	257493	0.982258	0.982529	0.000084
512	9700	311	12	258236	0.985092	0.985344	0.000069
512	9700	312	17	257841	0.983585	0.983780	0.000038
512	9700	313	22	257831	0.983547	0.983719	0.000027
512	9700	314	1	259301	0.989155	0.989155	0.000000
512	9700	315	100	251068	0.957748	0.959427	0.000134
512	9700	316	4	258711	0.986904	0.986973	0.000046
512	9700	317	4	258380	0.985641	0.985653	0.000004
512	9700	318	43	256575	0.978756	0.979179	0.000050
512	9700	319	32	257461	0.982136	0.982536	0.000099
512	9700	320	1	259441	0.989689	0.989689	0.000000
512	9700	321	1	259064	0.988251	0.988251	0.000000
512	9700	322	6	258760	0.987091	0.987114	0.000008
512	9700	323	34	255778	0.975716	0.976353	0.000130
512	9700	324	47	255879	0.976101	0.976608	0.000153
512	9700	325	1	259438	0.989677	0.989677	0.000000
512	9700	326	2	259211	0.988811	0.988815	0.000004
512	9700	327	3	258636	0.986618	0.986641	0.000011
512	9700	328	1	259565	0.990162	0.990162	0.000000
512	9700	329	1	259206	0.988792	0.988792	0.000000
512	9700	330	16	257741	0.983204	0.983437	0.000053
512	9700	331	73	254280	0.970001	0.970814	0.000080
512	9700	332	4	258700	0.986862	0.986904	0.000034
512	9700	333	83	254479	0.970760	0.971878	0.000088
512	9700	334	32	257276	0.981430	0.981773	0.000031
512	9700	335	4	258109	0.984608	0.984634	0.000019
512	9700	336	20	257911	0.983852	0.984108	0.000065
512	9700	337	32	256526	0.978569	0.978962	0.000038
512	9700	338	50	254615	0.971279	0.971931	0.000065
512	9700	339	34	256806	0.979637	0.980175	0.000084
512	9700	340	12	258129	0.984684	0.984882	0.000103
512	9700	341	108	246950	0.942039	0.943329	0.000069
512	9700	342	1	259412	0.989578	0.989578	0.000000
512	9700	343	64	254029	0.969044	0.970268	0.000198
512	9700	344	87	252681	0.963902	0.964943	0.000099
512	9700	345	87	254201	0.969700	0.970936	0.000088
512	9700	346	1	259508	0.989944	0.989944	0.000000
512	9700	347	78	253943	0.968716	0.970245	0.000275
512	9700	348	19	257374	0.981804	0.982029	0.000114
512	9700	349	15	258288	0.985291	0.985691	0.000134
512	9700	350	62	254967	0.972622	0.973667	0.000179
512	9700	351	74	255031	0.972866	0.974155	0.000156
512	9700	352	1	259533	0.990040	0.990040	0.000000
512	9700	353	46	255961	0.976414	0.977287	0.000118
512	9700	354	10	257332	0.981644	0.981716	0.000023
512	9700	355	9	258611	0.986523	0.986660	0.000042
512	9700	356	5	258994	0.987984	0.987999	0.000004
512	9700	357	4	258401	0.985722	0.985741	0.000011
512	9700	358	33	256377	0.978001	0.978443	0.000065
512	9700	359	2	259172	0.988663	0.988667	0.000004
512	9700	360	1	259573	0.990192	0.990192	0.000000
512	9700	361	45	255355	0.974102	0.974663	0.000198
512	9700	362	7	258818	0.987312	0.987339	0.000008
512	9700	363	25	257888	0.983765	0.984074	0.000057
512	9700	364	79	253039	0.965267	0.966335	0.000118
512	9700	365	54	254774	0.971886	0.972649	0.000076
512	9700	366	1	259359	0.989376	0.989376	0.000000
512	9700	367	69	254901	0.972370	0.973373	0.000084
512	9700	368	30	257097	0.980747	0.981186	0.000069
512	9700	369	1	259292	0.989120	0.989120	0.000000
512	9700	370	68	253941	0.968708	0.970043	0.000206
512	9700	371	1	259070	0.988274	0.988274	0.000000
512	9700	372	79	253645	0.967579	0.969017	0.000183
512	9700	373	70	254738	0.971748	0.972893	0.000103
512	9700	374	22	257102	0.980766	0.980976	0.000034
512	9700	375	23	257972	0.984085	0.984467	0.000076
512	9700	376	12	258339	0.985485	0.985657	0.000050
512	9700	377	59	253729	0.967899	0.968651	0.000092
512	9700	378	1	259559	0.990139	0.990139	0.000000
512	9700	379	26	257487	0.982235	0.982704	0.000065
512	9700	380	45	256796	0.979599	0.980274	0.000103
512	9700	381	1	259466	0.989784	0.989784	0.000000
512	9700	382	2	259130	0.988503	0.988506	0.000004
512	9700	383	6	258113	0.984623	0.984661	0.000011
512	9700	384	21	257546	0.982460	0.982677	0.000034
512	9700	385	1	259451	0.989727	0.989727	0.000000
512	9700	386	63	255204	0.973526	0.974255	0.000050
512	9700	387	55	255092	0.973099	0.973774	0.000080
512	9700	388	253	244450	0.932503	0.937008	0.000332
512	9700	389	34	255103	0.973141	0.973686	0.000134
512	9700	390	54	255752	0.975616	0.976620	0.000084
512	9700	391	1	259549	0.990101	0.990101	0.000000
512	9700	392	1	258789	0.987202	0.987202	0.000000
512	9700	393	9	258374	0.985619	0.985725	0.000023
512	9700	394	3	258915	0.987682	0.987709	0.000023
512	9700	395	1	259404	0.989548	0.989548	0.000000
512	9700	396	118	250233	0.954563	0.956383	0.000103
512	9700	397	9	257964	0.984055	0.984173	0.000034
512	9700	398	22	257633	0.982792	0.983059	0.000065
512	9700	399	1	259464	0.989777	0.989777	0.000000
512	9700	400	10	258696	0.986847	0.986946	0.000027
512	9700	401	3	258878	0.987541	0.987549	0.000004
512	9700	402	4	257884	0.983749	0.983887	0.000126
512	9700	403	30	257225	0.981236	0.981918	0.000259
512	9700	404	20	256909	0.980030	0.980293	0.000053
512	9700	405	125	252406	0.962852	0.964855	0.000145
512	9700	406	68	252950	0.964928	0.965939	0.000130
512	9700	407	24	257985	0.984135	0.984451	0.000061
512	9700	408	20	257964	0.984055	0.984222	0.000046
512	9700	409	1	259548	0.990097	0.990097	0.000000
512	9700	410	1	259552	0.990112	0.990112	0.000000
512	9700	411	1	259255	0.988979	0.988979	0.000000
512	9700	412	24	257322	0.981606	0.981915	0.000156
512	9700	413	98	251753	0.960361	0.961605	0.000137
512	9700	414	53	254343	0.970242	0.971001	0.000072
512	9700	415	47	256548	0.978653	0.979321	0.000065
512	9700	416	31	258060	0.984421	0.984833	0.000126
512	9700	417	1	259565	0.990162	0.990162	0.000000
512	9700	418	1	259003	0.988018	0.988018	0.000000
512	9700	419	2	259247	0.988949	0.988953	0.000004
512	9700	420	61	253271	0.966152	0.967213	0.000175
512	9700	421	130	250722	0.956429	0.958897	0.000145
512	9700	422	1	259266	0.989021	0.989021	0.000000
512	9700	423	5	258351	0.985531	0.985573	0.000019
512	9700	424	2	259038	0.988152	0.988155	0.000004
512	9700	425	47	254903	0.972378	0.973095	0.000084
512	9700	426	16	257885	0.983753	0.983959	0.000057
512	9700	427	22	257877	0.983723	0.984241	0.000237
512	9700	428	1	259490	0.989876	0.989876	0.000000
512	9700	429	11	258184	0.984894	0.984993	0.000023
512	9700	430	1	259577	0.990208	0.990208	0.000000
512	9700	431	16	257655	0.982876	0.983135	0.000050
512	9700	432	2	259067	0.988262	0.988266	0.000004
512	9700	433	12	257735	0.983181	0.983276	0.000027
512	9700	434	34	257089	0.980717	0.981262	0.000061
512	9700	435	79	254161	0.969547	0.970657	0.000099
512	9700	436	6	258283	0.985271	0.985336	0.000019
512	9700	437	103	251263	0.958492	0.959751	0.000134
512	9700	438	4	258019	0.984264	0.984280	0.000008
512	9700	439	56	254977	0.972660	0.973301	0.000114
512	9700	440	66	254284	0.970016	0.970875	0.000118
512	9700	441	1	259574	0.990196	0.990196	0.000000
512	9700	442	119	251059	0.957714	0.959827	0.000252
512	9700	443	1	259558	0.990135	0.990135	0.000000
512	9700	444	4	258919	0.987698	0.987709	0.000004
512	9700	445	113	253262	0.966118	0.968033	0.000217
512	9700	446	64	255944	0.976349	0.977383	0.000088
512	9700	447	38	256937	0.980137	0.980728	0.000080
512	9700	448	44	256039	0.976711	0.977360	0.000072
512	9700	449	1	259242	0.988930	0.988930	0.000000
512	9700	450	26	257356	0.981735	0.982117	0.000134
512	9700	451	13	257650	0.982857	0.983021	0.000061
512	9700	452	78	254345	0.970249	0.971367	0.000111
512	9700	453	118	251691	0.960125	0.961906	0.000130
512	9700	454	39	256531	0.978588	0.979088	0.000076
512	9700	455	3	258527	0.986202	0.986256	0.000050
512	9700	456	9	258614	0.986534	0.986614	0.000031
512	9700	457	6	258617	0.986546	0.986576	0.000008
512	9700	458	92	253966	0.968803	0.970112	0.000118
512	9700	459	8	258659	0.986706	0.986782	0.000031
512	9700	460	91	252571	0.963482	0.964722	0.000072
512	9700	461	25	257406	0.981926	0.982277	0.000053
512	9700	462	12	257817	0.983494	0.983681	0.000107
512	9700	463	20	258306	0.985359	0.985577	0.000095
512	9700	464	1	259091	0.988354	0.988354	0.000000
512	9700	465	41	256582	0.978783	0.979458	0.000095
512	9700	466	1	259571	0.990185	0.990185	0.000000
512	9700	467	1	259453	0.989735	0.989735	0.000000
512	9700	468	16	257017	0.980442	0.980618	0.000069
512	9700	469	87	253198	0.965874	0.967247	0.000145
512	9700	470	3	259110	0.988426	0.988434	0.000004
512	9700	471	1	259508	0.989944	0.989944	0.000000
512	9700	472	13	258317	0.985401	0.985634	0.000042
512	9700	473	17	257921	0.983891	0.984077	0.000050
512	9700	474	27	256538	0.978615	0.979042	0.000061
512	9700	475	4	258561	0.986332	0.986401	0.000042
512	9700	476	1	259478	0.989830	0.989830	0.000000
512	9700	477	3	258567	0.986355	0.986393	0.000034
512	9700	478	5	258551	0.986294	0.986336	0.000023
512	9700	479	13	257859	0.983654	0.983826	0.000034
512	9700	480	22	256749	0.979420	0.979641	0.000053
512	9700	481	2	259302	0.989159	0.989166	0.000008
512	9700	482	1	259572	0.990189	0.990189	0.000000
512	9700	483	9	258760	0.987091	0.987133	0.000008
512	9700	484	96	254213	0.969746	0.971272	0.000134
512	9700	485	49	254866	0.972237	0.973331	0.000275
512	9700	486	1	259126	0.988487	0.988487	0.000000
512	9700	487	44	256971	0.980267	0.981014	0.000080
512	9700	488	1	259375	0.989437	0.989437	0.000000
512	9700	489	41	257549	0.982471	0.983376	0.000191
512	9700	490	182	249083	0.950176	0.953186	0.000160
512	9700	491	1	259434	0.989662	0.989662	0.000000
512	9700	492	7	258712	0.986908	0.986996	0.000042
512	9700	493	52	255299	0.973888	0.974472	0.000053
512	9700	494	1	259479	0.989834	0.989834	0.000000
512	9700	495	1	259411	0.989574	0.989574	0.000000
512	9700	496	1	259250	0.988960	0.988960	0.000000
512	9700	497	1	258971	0.987896	0.987896	0.000000
512	9700	498	17	257349	0.981709	0.981968	0.000130
512	9700	499	25	257726	0.983147	0.983570	0.000137
512	9700	500	30	256963	0.980236	0.980930	0.000191
512	9700	501	117	251717	0.960224	0.961952	0.000156
512	9700	502	35	256704	0.979248	0.979725	0.000061
512	9700	503	5	258232	0.985077	0.985096	0.000008
512	9700	504	195	247838	0.945427	0.948799	0.000145
512	9700	505	61	254461	0.970692	0.971756	0.000118
512	9700	506	1	259526	0.990013	0.990013	0.000000
512	9700	507	7	258287	0.985287	0.985371	0.000027
512	9700	508	71	252887	0.964687	0.965782	0.000141
512	9700	509	2	258431	0.985836	0.985840	0.000004
512	9700	510	97	252286	0.962395	0.963814	0.000095
512	9700	511	1	259509	0.989948	0.989948	0.000000
512	9700	512	7	258581	0.986408	0.986443	0.000011
512	9700	513	2	258916	0.987686	0.987690	0.000004
512	9700	514	5	258224	0.985046	0.985073	0.000011
512	9700	515	40	257172	0.981033	0.981590	0.000092
512	9700	516	9	258225	0.985050	0.985104	0.000019
512	9700	517	9	257866	0.983681	0.983761	0.000031
512	9700	518	1	259498	0.989906	0.989906	0.000000
512	9700	519	3	258662	0.986717	0.986725	0.000004
512	9700	520	173	249476	0.951675	0.954632	0.000164
512	9700	521	13	258220	0.985031	0.985088	0.000011
512	9700	522	3	258806	0.987267	0.987278	0.000008
512	9700	523	174	249359	0.951229	0.954224	0.000282
512	9700	524	5	258750	0.987053	0.987083	0.000019
512	9700	525	64	252698	0.963966	0.965061	0.000126
512	9700	526	3	258666	0.986732	0.986744	0.000008
512	9700	527	3	258935	0.987759	0.987766	0.000004
512	9700	528	20	256732	0.979355	0.979595	0.000034
512	9700	529	60	255385	0.974216	0.975010	0.000069
512	9700	530	34	257369	0.981785	0.982121	0.000038
512	9700	531	1	259216	0.988831	0.988831	0.000000
512	9700	532	48	256719	0.979305	0.980019	0.000237
512	9700	533	17	257589	0.982624	0.982731	0.000015
512	9700	534	27	257121	0.980839	0.981224	0.000092
512	9700	535	3	259018	0.988075	0.988091	0.000011
512	9700	536	1	259043	0.988171	0.988171	0.000000
512	9700	537	50	254633	0.971348	0.971882	0.000069
512	9700	538	1	259574	0.990196	0.990196	0.000000
512	9700	539	1	259485	0.989857	0.989857	0.000000
512	9700	540	91	253480	0.966949	0.968445	0.000137
512	9700	541	1	259537	0.990055	0.990055	0.000000
512	9700	542	1	259306	0.989174	0.989174	0.000000
512	9700	543	1	259569	0.990177	0.990177	0.000000
512	9700	544	3	258827	0.987347	0.987354	0.000004
512	9700	545	73	254719	0.971676	0.972569	0.000099
512	9700	546	1	258973	0.987904	0.987904	0.000000
512	9700	547	4	258609	0.986515	0.986557	0.000023
512	9700	548	1	258808	0.987274	0.987274	0.000000
512	9700	549	14	257045	0.980549	0.980667	0.000031
512	9700	550	17	257871	0.983700	0.983921	0.000057
512	9700	551	1	259395	0.989513	0.989513	0.000000
512	9700	552	2	259112	0.988434	0.988461	0.000027
512	9700	553	13	258039	0.984341	0.984421	0.000011
512	9700	554	2	259262	0.989006	0.989010	0.000004
512	9700	555	1	259311	0.989193	0.989193	0.000000
512	9700	556	2	259099	0.988384	0.988392	0.000008
512	9700	557	11	258013	0.984241	0.984539	0.000233
512	9700	558	4	258851	0.987438	0.987453	0.000008
512	9700	559	1	259430	0.989647	0.989647	0.000000
512	9700	560	1	259342	0.989311	0.989311	0.000000
512	9700	561	46	255915	0.976238	0.976902	0.000072
512	9700	562	141	250790	0.956688	0.959194	0.000183
512	9700	563	64	254743	0.971767	0.972767	0.000072
512	9700	564	11	258778	0.987160	0.987240	0.000023
512	9700	565	1	259566	0.990166	0.990166	0.000000
512	9700	566	45	254992	0.972717	0.973686	0.000099
512	9700	567	39	255281	0.973820	0.974476	0.000107
512	9700	568	93	251747	0.960339	0.961643	0.000065
512	9700	569	1	259534	0.990044	0.990044	0.000000
512	9700	570	21	257111	0.980801	0.981068	0.000042
512	9700	571	45	256393	0.978062	0.978680	0.000061
512	9700	572	26	256688	0.979187	0.979382	0.000023
512	9700	573	19	258187	0.984905	0.985130	0.000038
512	9700	574	1	259577	0.990208	0.990208	0.000000
512	9700	575	48	255691	0.975384	0.976055	0.000107
512	9700	576	25	257656	0.982880	0.983173	0.000061
512	9700	577	29	256704	0.979248	0.979771	0.000134
512	9700	578	14	258433	0.985844	0.985954	0.000034
512	9700	579	11	258039	0.984341	0.984428	0.000027
512	9700	580	1	259570	0.990181	0.990181	0.000000
512	9700	581	3	259204	0.988785	0.988796	0.000008
512	9700	582	126	251947	0.961102	0.963097	0.000164
512	9700	583	35	256046	0.976738	0.977097	0.000046
512	9700	584	130	248343	0.947353	0.949268	0.000111
512	9700	585	11	258165	0.984821	0.985008	0.000053
512	9700	586	56	255005	0.972767	0.973621	0.000080
512	9700	587	46	254066	0.969185	0.970028	0.000130
512	9700	588	14	258137	0.984715	0.984837	0.000053
512	9700	589	4	258860	0.987473	0.987484	0.000004
512	9700	590	9	258135	0.984707	0.984802	0.000034
512	9700	591	95	255033	0.972874	0.974789	0.000114
512	9700	592	40	255547	0.974834	0.975704	0.000175
512	9700	593	1	259401	0.989536	0.989536	0.000000
512	9700	594	11	258068	0.984451	0.984585	0.000053
512	9700	595	108	253554	0.967232	0.969360	0.000164
512	9700	596	19	258141	0.984730	0.985001	0.000118
512	9700	597	2	258983	0.987942	0.987949	0.000008
512	9700	598	26	257841	0.983585	0.984055	0.000095
512	9700	599	7	258915	0.987682	0.987774	0.000042
512	9700	600	10	258490	0.986061	0.986149	0.000034
512	9700	601	1	259571	0.990185	0.990185	0.000000
512	9700	602	2	258867	0.987499	0.987503	0.000004
512	9700	603	1	259454	0.989738	0.989738	0.000000
512	9700	604	21	256776	0.979523	0.979816	0.000061
512	9700	605	135	250025	0.953770	0.955795	0.000141
512	9700	606	42	256872	0.979889	0.980412	0.000050
512	9700	607	51	253342	0.966423	0.967091	0.000080
512	9700	608	13	257542	0.982445	0.982498	0.000008
512	9700	609	1	259578	0.990211	0.990211	0.000000
512	9700	610	44	255576	0.974945	0.975739	0.000149
512	9700	611	1	259560	0.990143	0.990143	0.000000
512	9700	612	13	258213	0.985004	0.985390	0.000149
512	9700	613	58	255193	0.973484	0.974926	0.000217
512	9700	614	1	259445	0.989704	0.989704	0.000000
512	9700	615	1	259495	0.989895	0.989895	0.000000
512	9700	616	34	257056	0.980591	0.981056	0.000076
512	9700	617	1	259389	0.989491	0.989491	0.000000
512	9700	618	1	259500	0.989914	0.989914	0.000000
512	9700	619	32	256260	0.977554	0.978004	0.000084
512	9700	620	1	259319	0.989223	0.989223	0.000000
512	9700	621	13	258045	0.984364	0.984615	0.000053
512	9700	622	45	256400	0.978088	0.978832	0.000076
512	9700	623	6	258602	0.986488	0.986523	0.000019
512	9700	624	103	252322	0.962532	0.963917	0.000134
512	9700	625	1	259570	0.990181	0.990181	0.000000
512	9700	626	70	253627	0.967510	0.968410	0.000122
512	9700	627	260	243249	0.927921	0.932846	0.000191
512	9700	628	1	259490	0.989876	0.989876	0.000000
512	9700	629	46	256079	0.976864	0.977596	0.000141
512	9700	630	1	259546	0.990089	0.990089	0.000000
512	9700	631	33	256964	0.980240	0.980637	0.000050
512	9700	632	7	258854	0.987450	0.987534	0.000057
512	9700	633	1	259567	0.990170	0.990170	0.000000
512	9700	634	20	257279	0.981441	0.981583	0.000023
512	9700	635	16	258119	0.984646	0.984810	0.000031
512	9700	636	71	253841	0.968327	0.969887	0.000164
512	9700	637	22	257992	0.984161	0.984776	0.000259
512	9700	638	88	252722	0.964058	0.965267	0.000114
512	9700	639	1	259512	0.989960	0.989960	0.000000
512	9700	640	100	251313	0.958683	0.960159	0.000237
512	9700	641	1	259384	0.989471	0.989471	0.000000
512	9700	642	1	259484	0.989853	0.989853	0.000000
512	9700	643	1	259189	0.988728	0.988728	0.000000
512	9700	644	35	256587	0.978802	0.979664	0.000141
512	9700	645	97	251127	0.957973	0.959454	0.000088
512	9700	646	1	259540	0.990067	0.990067	0.000000
512	9700	647	64	254533	0.970966	0.972378	0.000420
512	9700	648	1	259238	0.988914	0.988914	0.000000
512	9700	649	6	258664	0.986725	0.986759	0.000019
512	9700	650	100	252154	0.961891	0.963173	0.000088
512	9700	651	7	258715	0.986919	0.987072	0.000118
512	9700	652	65	253833	0.968296	0.969166	0.000149
512	9700	653	10	258433	0.985844	0.985912	0.000031
512	9700	654	12	258290	0.985298	0.985462	0.000046
512	9700	655	1	259336	0.989288	0.989288	0.000000
512	9700	656	67	256031	0.976681	0.977989	0.000122
512	9700	657	11	258093	0.984547	0.984634	0.000023
512	9700	658	49	255928	0.976288	0.977066	0.000122
512	9700	659	8	258729	0.986973	0.987022	0.000023
512	9700	660	1	259546	0.990089	0.990089	0.000000
512	9700	661	66	255052	0.972946	0.973919	0.000095
512	9700	662	10	257880	0.983734	0.983784	0.000011
512	9700	663	15	258038	0.984337	0.984474	0.000042
512	9700	664	15	258007	0.984219	0.984329	0.000015
512	9700	665	104	252007	0.961330	0.962753	0.000122
512	9700	666	38	255721	0.975498	0.976067	0.000149
512	9700	667	16	257587	0.982616	0.982929	0.000076
512	9700	668	42	256575	0.978756	0.979446	0.000118
512	9700	669	178	248900	0.949478	0.952934	0.000160
512	9700	670	84	253901	0.968555	0.969875	0.000080
512	9700	671	57	255527	0.974758	0.975510	0.000103
512	9700	672	37	255411	0.974316	0.974674	0.000053
512	9700	673	45	256151	0.977139	0.977566	0.000065
512	9700	674	7	258169	0.984837	0.984867	0.000008
512	9700	675	45	256905	0.980015	0.980442	0.000038
512	9700	676	27	257440	0.982056	0.982471	0.000076
512	9700	677	12	258140	0.984726	0.984951	0.000065
512	9700	678	14	257965	0.984058	0.984142	0.000015
512	9700	679	37	256203	0.977337	0.978046	0.000111
512	9700	680	20	257207	0.981167	0.981453	0.000088
512	9700	681	146	248906	0.949501	0.952389	0.000168
512	9700	682	7	257580	0.982590	0.982628	0.000011
512	9700	683	4	258484	0.986038	0.986057	0.000011
512	9700	684	1	259505	0.989933	0.989933	0.000000
512	9700	685	15	258304	0.985352	0.985516	0.000034
512	9700	686	1	259578	0.990211	0.990211	0.000000
512	9700	687	1	259506	0.989937	0.989937	0.000000
512	9700	688	43	256477	0.978382	0.979305	0.000198
512	9700	689	42	256456	0.978302	0.979019	0.000118
512	9700	690	1	259360	0.989380	0.989380	0.000000
512	9700	691	19	257538	0.982430	0.982632	0.000061
512	9700	692	13	258565	0.986347	0.986546	0.000061
512	9700	693	17	257703	0.983059	0.983307	0.000088
512	9700	694	1	259571	0.990185	0.990185	0.000000
512	9700	695	1	259255	0.988979	0.988979	0.000000
512	9700	696	11	257529	0.982395	0.982544	0.000057
512	9700	697	53	254759	0.971828	0.972683	0.000095
512	9700	698	57	256182	0.977257	0.978470	0.000202
512	9700	699	32	257616	0.982727	0.983055	0.000050
512	9700	700	1	259212	0.988815	0.988815	0.000000
512	9700	701	7	258499	0.986095	0.986176	0.000042
512	9700	702	8	257954	0.984016	0.984138	0.000053
512	9700	703	1	259556	0.990128	0.990128	0.000000
512	9700	704	1	259487	0.989864	0.989864	0.000000
512	9700	705	55	254775	0.971889	0.972805	0.000114
512	9700	706	9	258227	0.985058	0.985168	0.000080
512	9700	707	3	258779	0.987164	0.987171	0.000004
512	9700	708	4	258786	0.987190	0.987209	0.000011
512	9700	709	1	259281	0.989079	0.989079	0.000000
512	9700	710	5	258613	0.986530	0.986546	0.000004
512	9700	711	1	259401	0.989536	0.989536	0.000000
512	9700	712	51	255228	0.973618	0.974415	0.000084
512	9700	713	18	258352	0.985535	0.985836	0.000076
512	9700	714	23	257671	0.982937	0.983208	0.000031
512	9700	715	24	257697	0.983036	0.983257	0.000046
512	9700	716	229	244723	0.933544	0.936958	0.000160
512	9700	717	2	259339	0.989300	0.989304	0.000004
512	9700	718	4	258900	0.987625	0.987679	0.000038
512	9700	719	180	246630	0.940819	0.943928	0.000191
512	9700	720	11	257976	0.984100	0.984154	0.000011
512	9700	721	51	254764	0.971848	0.972687	0.000103
512	9700	722	24	256501	0.978474	0.978924	0.000175
512	9700	723	1	259523	0.990002	0.990002	0.000000
512	9700	724	76	253636	0.967545	0.968651	0.000122
512	9700	725	30	256249	0.977512	0.977810	0.000053
512	9700	726	67	255622	0.975121	0.976139	0.000122
512	9700	727	1	259097	0.988377	0.988377	0.000000
512	9700	728	43	256797	0.979603	0.980347	0.000145
512	9700	729	140	251143	0.958035	0.960152	0.000160
512	9700	730	43	256562	0.978706	0.979511	0.000168
512	9700	731	24	258264	0.985199	0.985462	0.000046
512	9700	732	24	257201	0.981144	0.981548	0.000095
512	9700	733	1	259225	0.988865	0.988865	0.000000
512	9700	734	1	259457	0.989750	0.989750	0.000000
512	9700	735	58	255000	0.972748	0.973778	0.000099
512	9700	736	1	259561	0.990147	0.990147	0.000000
512	9700	737	1	259010	0.988045	0.988045	0.000000
512	9700	738	11	257025	0.980473	0.980583	0.000050
512	9700	739	18	257269	0.981403	0.981617	0.000065
512	9700	740	1	259576	0.990204	0.990204	0.000000
512	9700	741	92	253122	0.965584	0.967125	0.000114
512	9700	742	27	256123	0.977032	0.977436	0.000088
512	9700	743	4	258544	0.986267	0.986286	0.000008
512	9700	744	25	257443	0.982067	0.982327	0.000050
512	9700	745	93	253805	0.968189	0.969913	0.000137
512	9700	746	14	258145	0.984745	0.984928	0.000053
512	9700	747	31	256812	0.979660	0.980049	0.000137
512	9700	748	23	257299	0.981518	0.981892	0.000046
512	9700	749	93	252878	0.964653	0.966221	0.000118
512	9700	750	11	258177	0.984867	0.984982	0.000038
512	9700	751	82	254792	0.971954	0.973503	0.000206
512	9700	752	31	255772	0.975693	0.976357	0.000084
512	9700	753	10	258172	0.984848	0.984890	0.000008
512	9700	754	1	259562	0.990150	0.990150	0.000000
512	9700	755	6	258708	0.986893	0.986916	0.000008
512	9700	756	36	256712	0.979279	0.979668	0.000080
512	9700	757	41	255221	0.973591	0.974342	0.000278
512	9700	758	28	257563	0.982525	0.982861	0.000065
512	9700	759	7	258516	0.986160	0.986305	0.000061
512	9700	760	26	257332	0.981644	0.981987	0.000065
512	9700	761	54	256498	0.978462	0.979019	0.000069
512	9700	762	1	259578	0.990211	0.990211	0.000000
512	9700	763	17	257300	0.981522	0.981682	0.000053
512	9700	764	3	258927	0.987728	0.987740	0.000008
512	9700	765	104	251168	0.958130	0.959602	0.000099
512	9700	766	1	259574	0.990196	0.990196	0.000000
512	9700	767	13	257505	0.982304	0.982601	0.000153
512	9700	768	73	255092	0.973099	0.974548	0.000145
512	9700	769	64	254473	0.970737	0.971569	0.000095
512	9700	770	1	259568	0.990173	0.990173	0.000000
512	9700	771	15	257914	0.983864	0.984116	0.000069
512	9700	772	5	258425	0.985813	0.985847	0.000011
512	9700	773	52	255328	0.973999	0.974545	0.000069
512	9700	774	107	250880	0.957031	0.958820	0.000141
512	9700	775	43	256445	0.978260	0.978798	0.000080
512	9700	776	33	256307	0.977734	0.978085	0.000046
512	9700	777	31	256143	0.977108	0.977467	0.000076
512	9700	778	1	259478	0.989830	0.989830	0.000000
512	9700	779	1	259571	0.990185	0.990185	0.000000
512	9700	780	1	259032	0.988129	0.988129	0.000000
512	9700	781	1	259547	0.990093	0.990093	0.000000
512	9700	782	1	259458	0.989754	0.989754	0.000000
512	9700	783	1	259547	0.990093	0.990093	0.000000
512	9700	784	64	254701	0.971607	0.972870	0.000256
512	9700	785	10	258616	0.986542	0.986649	0.000042
512	9700	786	1	259262	0.989006	0.989006	0.000000
512	9700	787	17	257751	0.983242	0.983383	0.000038
512	9700	788	28	257601	0.982670	0.982964	0.000053
512	9700	789	11	258495	0.986080	0.986225	0.000038
512	9700	790	186	246552	0.940521	0.943924	0.000172
512	9700	791	23	257530	0.982399	0.982620	0.000038
512	9700	792	1	258938	0.987770	0.987770	0.000000
512	9700	793	18	257380	0.981827	0.982346	0.000175
512	9700	794	2	259051	0.988201	0.988205	0.000004
512	9700	795	11	258031	0.984310	0.984447	0.000061
512	9700	796	1	259565	0.990162	0.990162	0.000000
512	9700	797	1	259407	0.989559	0.989559	0.000000
512	9700	798	29	257105	0.980778	0.981323	0.000088
512	9700	799	76	255080	0.973053	0.974270	0.000198
512	9700	800	98	252052	0.961502	0.962749	0.000069
512	9700	801	13	257565	0.982533	0.982723	0.000046
512	9700	802	1	259489	0.989872	0.989872	0.000000
512	9700	803	1	259544	0.990082	0.990082	0.000000
512	9700	804	72	254778	0.971901	0.973351	0.000149
512	9700	805	29	256906	0.980019	0.980675	0.000210
512	9700	806	1	259204	0.988785	0.988785	0.000000
512	9700	807	25	257012	0.980423	0.980736	0.000053
512	9700	808	30	256978	0.980293	0.980778	0.000095
512	9700	809	102	253475	0.966930	0.968826	0.000225
512	9700	810	15	257642	0.982826	0.982922	0.000015
512	9700	811	39	256706	0.979256	0.979866	0.000057
512	9700	812	20	257666	0.982918	0.983231	0.000092
512	9700	813	73	254406	0.970482	0.971642	0.000195
512	9700	814	1	259540	0.990067	0.990067	0.000000
512	9700	815	13	258307	0.985363	0.985600	0.000168
512	9700	816	1	259559	0.990139	0.990139	0.000000
512	9700	817	29	257168	0.981018	0.981247	0.000034
512	9700	818	1	259496	0.989899	0.989899	0.000000
512	9700	819	1	259559	0.990139	0.990139	0.000000
512	9700	820	10	258469	0.985981	0.986160	0.000069
512	9700	821	54	255834	0.975929	0.976799	0.000149
512	9700	822	44	256419	0.978161	0.978737	0.000072
512	9700	823	21	257575	0.982571	0.982845	0.000053
512	9700	824	25	257570	0.982552	0.983067	0.000183
512	9700	825	64	255057	0.972965	0.974167	0.000111
512	9700	826	27	255612	0.975082	0.975464	0.000072
512	9700	827	27	257231	0.981258	0.981556	0.000053
512	9700	828	16	257579	0.982586	0.982738	0.000042
512	9700	829	1	259163	0.988628	0.988628	0.000000
512	9700	830	4	258774	0.987144	0.987156	0.000004
512	9700	831	20	257724	0.983139	0.983341	0.000038
512	9700	832	8	258529	0.986210	0.986324	0.000042
512	9700	833	33	256297	0.977695	0.978340	0.000122
512	9700	834	8	257695	0.983028	0.983135	0.000027
512	9700	835	67	254478	0.970757	0.971718	0.000137
512	9700	836	1	259535	0.990047	0.990047	0.000000
512	9700	837	1	259578	0.990211	0.990211	0.000000
512	9700	838	22	257264	0.981384	0.981617	0.000057
512	9700	839	8	258291	0.985302	0.985374	0.000027
512	9700	840	42	255654	0.975243	0.975883	0.000114
512	9700	841	5	258603	0.986492	0.986515	0.000011
512	9700	842	5	258384	0.985657	0.985683	0.000011
512	9700	843	15	258015	0.984249	0.984398	0.000038
512	9700	844	1	259555	0.990124	0.990124	0.000000
512	9700	845	88	253498	0.967018	0.968391	0.000103
512	9700	846	48	256351	0.977901	0.978626	0.000122
512	9700	847	1	259519	0.989986	0.989986	0.000000
512	9700	848	1	259578	0.990211	0.990211	0.000000
512	9700	849	2	258714	0.986916	0.986942	0.000027
512	9700	850	111	252300	0.962448	0.964470	0.000210
512	9700	851	19	258140	0.984726	0.984932	0.000050
512	9700	852	97	252114	0.961739	0.963200	0.000107
512	9700	853	53	255567	0.974911	0.975605	0.000080
512	9700	854	11	258428	0.985825	0.986004	0.000065
512	9700	855	3	259050	0.988197	0.988205	0.000004
512	9700	856	8	258199	0.984951	0.984978	0.000004
512	9700	857	76	254850	0.972176	0.973667	0.000305
512	9700	858	28	256559	0.978695	0.979286	0.000145
512	9700	859	1	259455	0.989742	0.989742	0.000000
512	9700	860	1	259487	0.989864	0.989864	0.000000
512	9700	861	1	259399	0.989529	0.989529	0.000000
512	9700	862	37	256241	0.977482	0.977932	0.000076
512	9700	863	6	258445	0.985889	0.985912	0.000008
512	9700	864	19	257357	0.981739	0.981983	0.000092
512	9700	865	1	259574	0.990196	0.990196	0.000000
512	9700	866	42	255820	0.975876	0.976547	0.000168
512	9700	867	65	254203	0.969707	0.970478	0.000069
512	9700	868	9	258831	0.987362	0.987434	0.000027
512	9700	869	110	252440	0.962982	0.964935	0.000130
512	9700	870	1	259578	0.990211	0.990211	0.000000
512	9700	871	1	259572	0.990189	0.990189	0.000000
512	9700	872	1	259516	0.989975	0.989975	0.000000
512	9700	873	9	258266	0.985207	0.985279	0.000038
512	9700	874	1	259546	0.990089	0.990089	0.000000
512	9700	875	30	256952	0.980194	0.980556	0.000080
512	9700	876	2	259213	0.988819	0.988823	0.000004
512	9700	877	47	256097	0.976933	0.977886	0.000103
512	9700	878	11	258376	0.985626	0.985806	0.000061
512	9700	879	23	257375	0.981808	0.982250	0.000076
512	9700	880	2	258775	0.987148	0.987152	0.000004
512	9700	881	46	256570	0.978737	0.979324	0.000057
512	9700	882	5	258752	0.987061	0.987083	0.000011
512	9700	883	13	258214	0.985008	0.985130	0.000042
512	9700	884	1	259200	0.988770	0.988770	0.000000
512	9700	885	42	256288	0.977661	0.978088	0.000046
512	9700	886	1	259512	0.989960	0.989960	0.000000
512	9700	887	28	256204	0.977341	0.977646	0.000076
512	9700	888	1	259423	0.989620	0.989620	0.000000
512	9700	889	42	256537	0.978611	0.979256	0.000099
512	9700	890	10	258193	0.984928	0.984985	0.000011
512	9700	891	1	259076	0.988297	0.988297	0.000000
512	9700	892	13	258191	0.984921	0.985016	0.000019
512	9700	893	64	255044	0.972916	0.973915	0.000164
512	9700	894	81	251706	0.960182	0.961548	0.000122
512	9700	895	96	252385	0.962772	0.964550	0.000172
512	9700	896	66	254722	0.971687	0.973030	0.000374
512	9700	897	4	258721	0.986942	0.986969	0.000015
512	9700	898	1	259527	0.990017	0.990017	0.000000
512	9700	899	23	257153	0.980961	0.981274	0.000072
512	9700	900	30	257081	0.980686	0.980942	0.000031
512	9700	901	1	259429	0.989643	0.989643	0.000000
512	9700	902	65	254254	0.969902	0.970970	0.000191
512	9700	903	76	253162	0.965736	0.966808	0.000137
512	9700	904	3	258835	0.987377	0.987419	0.000023
512	9700	905	12	257968	0.984070	0.984142	0.000015
512	9700	906	9	258457	0.985935	0.986004	0.000019
512	9700	907	25	257061	0.980610	0.981083	0.000229
512	9700	908	1	258971	0.987896	0.987896	0.000000
512	9700	909	1	259555	0.990124	0.990124	0.000000
512	9700	910	24	257678	0.982964	0.983231	0.000069
512	9700	911	60	255281	0.973820	0.974518	0.000076
512	9700	912	1	258544	0.986267	0.986267	0.000000
512	9700	913	45	256066	0.976814	0.977524	0.000130
512	9700	914	16	257189	0.981098	0.981262	0.000034
512	9700	915	23	256792	0.979584	0.979801	0.000053
512	9700	916	12	258225	0.985050	0.985111	0.000011
512	9700	917	9	258801	0.987247	0.987331	0.000031
512	9700	918	41	257047	0.980556	0.981140	0.000061
512	9700	919	6	258886	0.987572	0.987602	0.000008
512	9700	920	1	259543	0.990078	0.990078	0.000000
512	9700	921	1	259570	0.990181	0.990181	0.000000
512	9700	922	19	257057	0.980595	0.980904	0.000065
512	9700	923	1	259576	0.990204	0.990204	0.000000
512	9700	924	21	257011	0.980419	0.980553	0.000023
512	9700	925	6	258060	0.984421	0.984444	0.000008
512	9700	926	4	258555	0.986309	0.986347	0.000031
512	9700	927	45	255666	0.975288	0.976139	0.000156
512	9700	928	21	258039	0.984341	0.984581	0.000053
512	9700	929	1	259578	0.990211	0.990211	0.000000
512	9700	930	36	257014	0.980431	0.980728	0.000034
512	9700	931	1	259566	0.990166	0.990166	0.000000
512	9700	932	54	255653	0.975239	0.975918	0.000065
512	9700	933	25	257504	0.982300	0.982597	0.000072
512	9700	934	23	256492	0.978439	0.978619	0.000034
512	9700	935	53	255793	0.975773	0.976524	0.000084
512	9700	936	1	259575	0.990200	0.990200	0.000000
512	9700	937	42	255792	0.975769	0.976509	0.000282
512	9700	938	7	257715	0.983105	0.983246	0.000061
512	9700	939	26	257467	0.982159	0.982506	0.000088
512	9700	940	71	253474	0.966927	0.968468	0.000130
512	9700	941	1	259422	0.989616	0.989616	0.000000
512	9700	942	8	258071	0.984463	0.984493	0.000008
512	9700	943	16	257079	0.980679	0.980846	0.000031
512	9700	944	64	253454	0.966850	0.967789	0.000153
512	9700	945	1	259013	0.988056	0.988056	0.000000
512	9700	946	1	259522	0.989998	0.989998	0.000000
512	9700	947	109	251429	0.959126	0.960636	0.000126
512	9700	948	1	259550	0.990105	0.990105	0.000000
512	9700	949	84	252945	0.964909	0.966042	0.000134
512	9700	950	2	259082	0.988319	0.988323	0.000004
512	9700	951	1	259547	0.990093	0.990093	0.000000
512	9700	952	249	245566	0.936760	0.940575	0.000126
512	9700	953	4	258718	0.986931	0.986942	0.000004
512	9700	954	269	243927	0.930508	0.934166	0.000114
512	9700	955	38	255754	0.975624	0.976002	0.000042
512	9700	956	19	258081	0.984501	0.984711	0.000084
512	9700	957	21	257761	0.983280	0.983574	0.000080
512	9700	958	1	259439	0.989681	0.989681	0.000000
512	9700	959	26	258106	0.984596	0.985275	0.000244
512	9700	960	7	258155	0.984783	0.984867	0.000031
512	9700	961	5	258926	0.987724	0.987782	0.000038
512	9700	962	52	255059	0.972973	0.973625	0.000084
512	9700	963	18	257275	0.981426	0.981728	0.000103
512	9700	964	11	257915	0.983868	0.983936	0.000015
512	9700	965	1	259445	0.989704	0.989704	0.000000
512	9700	966	43	255293	0.973866	0.974548	0.000149
512	9700	967	1	259555	0.990124	0.990124	0.000000
512	9700	968	89	252163	0.961926	0.963024	0.000111
512	9700	969	1	259576	0.990204	0.990204	0.000000
512	9700	970	50	255459	0.974499	0.975254	0.000145
512	9700	971	23	257920	0.983887	0.984150	0.000057
512	9700	972	33	256796	0.979599	0.980125	0.000095
512	9700	973	2	259261	0.989002	0.989006	0.000004
512	9700	974	77	254254	0.969902	0.970947	0.000153
512	9700	975	1	259066	0.988258	0.988258	0.000000
512	9700	976	34	256256	0.977539	0.978199	0.000107
512	9700	977	6	258646	0.986656	0.986725	0.000053
512	9700	978	2	259209	0.988804	0.988808	0.000004
512	9700	979	33	256707	0.979259	0.979595	0.000080
512	9700	980	29	256485	0.978413	0.978966	0.000130
512	9700	981	94	253461	0.966877	0.968334	0.000153
512	9700	982	19	257691	0.983013	0.983234	0.000038
512	9700	983	34	255950	0.976372	0.976929	0.000191
512	9700	984	77	252480	0.963135	0.964569	0.000221
512	9700	985	32	256830	0.979729	0.980080	0.000038
512	9700	986	1	259557	0.990131	0.990131	0.000000
512	9700	987	6	258564	0.986343	0.986412	0.000034
512	9700	988	5	258690	0.986824	0.986843	0.000008
512	9700	989	92	254253	0.969898	0.971760	0.000221
512	9700	990	92	251214	0.958305	0.959499	0.000061
512	9700	991	54	254576	0.971130	0.971718	0.000057
512	9700	992	2	259189	0.988728	0.988735	0.000008
512	9700	993	14	258131	0.984692	0.984863	0.000031
512	9700	994	1	259557	0.990131	0.990131	0.000000
512	9700	995	76	254741	0.971760	0.973022	0.000179
512	9700	996	1	259415	0.989590	0.989590	0.000000
512	9700	997	1	259522	0.989998	0.989998	0.000000
512	9700	998	7	258571	0.986370	0.986492	0.000057
512	9700	999	1	259316	0.989212	0.989212	0.000000
512	9700	1000	29	256562	0.978706	0.979065	0.000053
