512	10500	2	9050	693	0.002644	0.294819	0.002644
512	10500	3	8920	679	0.002590	0.301132	0.002590
512	10500	4	9037	1104	0.004211	0.307816	0.004211
512	10500	5	9051	553	0.002110	0.302975	0.002110
512	10500	6	9156	492	0.001877	0.301483	0.001877
512	10500	7	9075	648	0.002472	0.299004	0.002472
512	10500	8	9055	1148	0.004379	0.306751	0.004379
512	10500	9	8974	611	0.002331	0.304684	0.002331
512	10500	10	9093	312	0.001190	0.306137	0.001190
512	10500	11	9180	330	0.001259	0.295315	0.001259
512	10500	12	9125	858	0.003273	0.295891	0.003273
512	10500	13	8782	1131	0.004314	0.308266	0.004314
512	10500	14	9263	426	0.001625	0.294380	0.001625
512	10500	15	9065	1312	0.005005	0.302887	0.005005
512	10500	16	9289	361	0.001377	0.301327	0.001377
512	10500	17	8985	580	0.002213	0.297531	0.002213
512	10500	18	8967	458	0.001747	0.308311	0.001747
512	10500	19	9173	460	0.001755	0.306610	0.001755
512	10500	20	8969	585	0.002232	0.297981	0.002232
512	10500	21	9125	650	0.002480	0.302265	0.002480
512	10500	22	8918	612	0.002335	0.303535	0.002335
512	10500	23	9089	534	0.002037	0.293644	0.002037
512	10500	24	9110	639	0.002438	0.305187	0.002438
512	10500	25	9178	487	0.001858	0.297497	0.001858
512	10500	26	9038	897	0.003422	0.305027	0.003422
512	10500	27	9070	550	0.002098	0.303020	0.002098
512	10500	28	9164	524	0.001999	0.307804	0.001999
512	10500	29	9075	563	0.002148	0.293571	0.002148
512	10500	30	9099	493	0.001881	0.298626	0.001881
512	10500	31	9136	702	0.002678	0.298325	0.002678
512	10500	32	9083	896	0.003418	0.297600	0.003418
512	10500	33	9065	617	0.002354	0.300621	0.002354
512	10500	34	8968	501	0.001911	0.296078	0.001911
512	10500	35	9097	547	0.002087	0.298191	0.002087
512	10500	36	9139	488	0.001862	0.297218	0.001862
512	10500	37	9133	705	0.002689	0.295712	0.002689
512	10500	38	9197	617	0.002354	0.304447	0.002354
512	10500	39	9114	951	0.003628	0.301144	0.003628
512	10500	40	9068	471	0.001797	0.302044	0.001797
512	10500	41	8902	880	0.003357	0.302223	0.003357
512	10500	42	9149	946	0.003609	0.301033	0.003609
512	10500	43	8867	634	0.002419	0.311867	0.002419
512	10500	44	8914	647	0.002468	0.299850	0.002468
512	10500	45	9176	523	0.001995	0.297337	0.001995
512	10500	46	9154	444	0.001694	0.291161	0.001694
512	10500	47	9130	893	0.003407	0.301453	0.003407
512	10500	48	9154	496	0.001892	0.297112	0.001892
512	10500	49	9054	557	0.002125	0.302769	0.002125
512	10500	50	9050	614	0.002342	0.306492	0.002342
512	10500	51	9037	446	0.001701	0.304054	0.001701
512	10500	52	9018	669	0.002552	0.302464	0.002552
512	10500	53	8984	484	0.001846	0.303684	0.001846
512	10500	54	8922	650	0.002480	0.299099	0.002480
512	10500	55	9099	746	0.002846	0.304272	0.002846
512	10500	56	9130	616	0.002350	0.307457	0.002350
512	10500	57	9102	602	0.002296	0.308529	0.002296
512	10500	58	9143	559	0.002132	0.299320	0.002132
512	10500	59	9044	667	0.002544	0.294373	0.002544
512	10500	60	9143	994	0.003792	0.306370	0.003792
512	10500	61	9043	413	0.001575	0.299213	0.001575
512	10500	62	8946	486	0.001854	0.295815	0.001854
512	10500	63	9050	758	0.002892	0.297508	0.002892
512	10500	64	8933	1035	0.003948	0.305264	0.003948
512	10500	65	9056	408	0.001556	0.298428	0.001556
512	10500	66	8914	461	0.001759	0.306595	0.001759
512	10500	67	8986	498	0.001900	0.303848	0.001900
512	10500	68	9077	969	0.003696	0.303944	0.003696
512	10500	69	9273	495	0.001888	0.296452	0.001888
512	10500	70	9374	494	0.001884	0.301594	0.001884
512	10500	71	9131	534	0.002037	0.301731	0.002037
512	10500	72	9103	550	0.002098	0.290928	0.002098
512	10500	73	9028	1692	0.006454	0.305733	0.006454
512	10500	74	9148	626	0.002388	0.301983	0.002388
512	10500	75	9203	520	0.001984	0.300297	0.001984
512	10500	76	9183	572	0.002182	0.302467	0.002182
512	10500	77	8978	319	0.001217	0.304478	0.001217
512	10500	78	8936	655	0.002499	0.303009	0.002499
512	10500	79	9044	434	0.001656	0.297657	0.001656
512	10500	80	9032	1186	0.004524	0.301937	0.004524
512	10500	81	9165	484	0.001846	0.302383	0.001846
512	10500	82	9091	598	0.002281	0.308788	0.002281
512	10500	83	9224	805	0.003071	0.296375	0.003071
512	10500	84	8992	704	0.002686	0.294483	0.002686
512	10500	85	8872	821	0.003132	0.313911	0.003132
512	10500	86	8994	886	0.003380	0.302807	0.003380
512	10500	87	8929	537	0.002048	0.307308	0.002048
512	10500	88	9118	1699	0.006481	0.297749	0.006481
512	10500	89	9234	329	0.001255	0.298313	0.001255
512	10500	90	8967	687	0.002621	0.303612	0.002621
512	10500	91	9219	528	0.002014	0.297653	0.002014
512	10500	92	9174	570	0.002174	0.302704	0.002174
512	10500	93	9050	565	0.002155	0.316113	0.002155
512	10500	94	9156	482	0.001839	0.299286	0.001839
512	10500	95	8989	435	0.001659	0.307449	0.001659
512	10500	96	8867	678	0.002586	0.305977	0.002586
512	10500	97	9077	568	0.002167	0.306801	0.002167
512	10500	98	9139	492	0.001877	0.295269	0.001877
512	10500	99	9258	497	0.001896	0.296768	0.001896
512	10500	100	9080	495	0.001888	0.298592	0.001888
512	10500	101	9050	728	0.002777	0.307301	0.002777
512	10500	102	8929	507	0.001934	0.300617	0.001934
512	10500	103	9155	463	0.001766	0.297054	0.001766
512	10500	104	9115	858	0.003273	0.300640	0.003273
512	10500	105	9008	627	0.002392	0.308853	0.002392
512	10500	106	9262	687	0.002621	0.296623	0.002621
512	10500	107	8943	493	0.001881	0.304688	0.001881
512	10500	108	9165	576	0.002197	0.296425	0.002197
512	10500	109	9077	974	0.003716	0.305649	0.003716
512	10500	110	9020	659	0.002514	0.293774	0.002514
512	10500	111	9097	955	0.003643	0.289299	0.003643
512	10500	112	8931	684	0.002609	0.303116	0.002609
512	10500	113	9050	614	0.002342	0.301506	0.002342
512	10500	114	9135	642	0.002449	0.302418	0.002449
512	10500	115	8964	404	0.001541	0.293762	0.001541
512	10500	116	9072	596	0.002274	0.302486	0.002274
512	10500	117	9121	574	0.002190	0.301510	0.002190
512	10500	118	9048	644	0.002457	0.295151	0.002457
512	10500	119	9292	425	0.001621	0.302559	0.001621
512	10500	120	8966	373	0.001423	0.294369	0.001423
512	10500	121	9132	467	0.001781	0.298855	0.001781
512	10500	122	8968	562	0.002144	0.307987	0.002144
512	10500	123	9009	847	0.003231	0.308159	0.003231
512	10500	124	9306	456	0.001740	0.291519	0.001740
512	10500	125	8945	819	0.003124	0.310383	0.003124
512	10500	126	9122	742	0.002831	0.300640	0.002831
512	10500	127	9110	593	0.002262	0.305584	0.002262
512	10500	128	8877	825	0.003147	0.307194	0.003147
512	10500	129	8983	533	0.002033	0.299885	0.002033
512	10500	130	9180	555	0.002117	0.297997	0.002117
512	10500	131	8996	593	0.002262	0.307766	0.002262
512	10500	132	9275	740	0.002823	0.293839	0.002823
512	10500	133	9279	593	0.002262	0.301170	0.002262
512	10500	134	9147	908	0.003464	0.303688	0.003464
512	10500	135	9088	380	0.001450	0.299084	0.001450
512	10500	136	9004	593	0.002262	0.300705	0.002262
512	10500	137	8980	435	0.001659	0.300629	0.001659
512	10500	138	8953	463	0.001766	0.301952	0.001766
512	10500	139	9111	829	0.003162	0.303425	0.003162
512	10500	140	8901	709	0.002705	0.303436	0.002705
512	10500	141	8967	845	0.003223	0.300587	0.003223
512	10500	142	9015	583	0.002224	0.298054	0.002224
512	10500	143	9016	803	0.003063	0.307003	0.003063
512	10500	144	9295	327	0.001247	0.299225	0.001247
512	10500	145	8885	494	0.001884	0.311798	0.001884
512	10500	146	9141	375	0.001431	0.292568	0.001431
512	10500	147	9091	718	0.002739	0.298073	0.002739
512	10500	148	9197	459	0.001751	0.296940	0.001751
512	10500	149	9047	459	0.001751	0.298267	0.001751
512	10500	150	9066	752	0.002869	0.298546	0.002869
512	10500	151	9096	570	0.002174	0.296688	0.002174
512	10500	152	9046	625	0.002384	0.302643	0.002384
512	10500	153	8965	873	0.003330	0.305218	0.003330
512	10500	154	9062	528	0.002014	0.300903	0.002014
512	10500	155	9290	509	0.001942	0.301262	0.001942
512	10500	156	9125	512	0.001953	0.302605	0.001953
512	10500	157	8848	579	0.002209	0.309242	0.002209
512	10500	158	9045	505	0.001926	0.303417	0.001926
512	10500	159	9151	913	0.003483	0.299530	0.003483
512	10500	160	8979	813	0.003101	0.308468	0.003101
512	10500	161	8992	491	0.001873	0.305508	0.001873
512	10500	162	9205	401	0.001530	0.297188	0.001530
512	10500	163	9108	1035	0.003948	0.296474	0.003948
512	10500	164	8897	535	0.002041	0.312019	0.002041
512	10500	165	9146	665	0.002537	0.304840	0.002537
512	10500	166	9128	448	0.001709	0.294498	0.001709
512	10500	167	8777	1110	0.004234	0.310326	0.004234
512	10500	168	9060	703	0.002682	0.313065	0.002682
512	10500	169	9132	838	0.003197	0.294594	0.003197
512	10500	170	9090	569	0.002171	0.301411	0.002171
512	10500	171	9288	646	0.002464	0.298786	0.002464
512	10500	172	9202	976	0.003723	0.299332	0.003723
512	10500	173	9036	384	0.001465	0.299980	0.001465
512	10500	174	9169	683	0.002605	0.305298	0.002605
512	10500	175	9015	624	0.002380	0.310268	0.002380
512	10500	176	9155	511	0.001949	0.297192	0.001949
512	10500	177	9191	707	0.002697	0.300541	0.002697
512	10500	178	8831	534	0.002037	0.310471	0.002037
512	10500	179	8797	695	0.002651	0.311447	0.002651
512	10500	180	9313	420	0.001602	0.292797	0.001602
512	10500	181	9088	1394	0.005318	0.303432	0.005318
512	10500	182	9105	513	0.001957	0.302792	0.001957
512	10500	183	8975	564	0.002151	0.304302	0.002151
512	10500	184	9180	487	0.001858	0.302494	0.001858
512	10500	185	9077	500	0.001907	0.301655	0.001907
512	10500	186	8936	576	0.002197	0.295963	0.002197
512	10500	187	9166	479	0.001827	0.305733	0.001827
512	10500	188	9229	502	0.001915	0.295681	0.001915
512	10500	189	9192	617	0.002354	0.301083	0.002354
512	10500	190	9111	377	0.001438	0.297791	0.001438
512	10500	191	9361	593	0.002262	0.297546	0.002262
512	10500	192	8984	690	0.002632	0.304184	0.002632
512	10500	193	8946	626	0.002388	0.310421	0.002388
512	10500	194	9185	434	0.001656	0.297546	0.001656
512	10500	195	9016	623	0.002377	0.300678	0.002377
512	10500	196	9114	538	0.002052	0.301323	0.002052
512	10500	197	8943	479	0.001827	0.298450	0.001827
512	10500	198	9078	423	0.001614	0.301750	0.001614
512	10500	199	9180	278	0.001060	0.291702	0.001060
512	10500	200	9226	684	0.002609	0.296066	0.002609
512	10500	201	9136	511	0.001949	0.300720	0.001949
512	10500	202	9461	558	0.002129	0.302891	0.002129
512	10500	203	9241	430	0.001640	0.294827	0.001640
512	10500	204	9043	514	0.001961	0.303593	0.001961
512	10500	205	8998	802	0.003059	0.306839	0.003059
512	10500	206	9106	577	0.002201	0.305641	0.002201
512	10500	207	9067	499	0.001904	0.305923	0.001904
512	10500	208	9053	1095	0.004177	0.303764	0.004177
512	10500	209	8859	1058	0.004036	0.302906	0.004036
512	10500	210	9189	595	0.002270	0.291615	0.002270
512	10500	211	9292	459	0.001751	0.298714	0.001751
512	10500	212	8952	540	0.002060	0.298157	0.002060
512	10500	213	9243	557	0.002125	0.308098	0.002125
512	10500	214	9301	386	0.001472	0.286755	0.001472
512	10500	215	8954	417	0.001591	0.303547	0.001591
512	10500	216	9060	520	0.001984	0.297771	0.001984
512	10500	217	9114	491	0.001873	0.303268	0.001873
512	10500	218	9055	430	0.001640	0.309265	0.001640
512	10500	219	9054	709	0.002705	0.304871	0.002705
512	10500	220	9086	485	0.001850	0.302155	0.001850
512	10500	221	9219	709	0.002705	0.301895	0.002705
512	10500	222	9102	679	0.002590	0.305145	0.002590
512	10500	223	9090	684	0.002609	0.297043	0.002609
512	10500	224	8968	493	0.001881	0.305843	0.001881
512	10500	225	9111	645	0.002460	0.302864	0.002460
512	10500	226	9075	585	0.002232	0.297916	0.002232
512	10500	227	9070	894	0.003410	0.300568	0.003410
512	10500	228	8975	717	0.002735	0.300949	0.002735
512	10500	229	8980	615	0.002346	0.302700	0.002346
512	10500	230	9191	395	0.001507	0.298874	0.001507
512	10500	231	8963	752	0.002869	0.306057	0.002869
512	10500	232	9067	431	0.001644	0.292862	0.001644
512	10500	233	9076	492	0.001877	0.302124	0.001877
512	10500	234	8991	477	0.001820	0.313282	0.001820
512	10500	235	9006	924	0.003525	0.305492	0.003525
512	10500	236	9113	619	0.002361	0.291115	0.002361
512	10500	237	9006	433	0.001652	0.301842	0.001652
512	10500	238	8830	801	0.003056	0.309517	0.003056
512	10500	239	8939	1132	0.004318	0.304794	0.004318
512	10500	240	9023	475	0.001812	0.301903	0.001812
512	10500	241	8937	880	0.003357	0.301830	0.003357
512	10500	242	9062	413	0.001575	0.296371	0.001575
512	10500	243	9225	443	0.001690	0.300167	0.001690
512	10500	244	9137	509	0.001942	0.296455	0.001942
512	10500	245	9101	456	0.001740	0.293072	0.001740
512	10500	246	9263	669	0.002552	0.289394	0.002552
512	10500	247	8836	816	0.003113	0.304268	0.003113
512	10500	248	9091	670	0.002556	0.297977	0.002556
512	10500	249	8886	857	0.003269	0.304707	0.003269
512	10500	250	9220	652	0.002487	0.301159	0.002487
512	10500	251	9191	716	0.002731	0.300896	0.002731
512	10500	252	9072	641	0.002445	0.302063	0.002445
512	10500	253	8968	508	0.001938	0.303574	0.001938
512	10500	254	9173	432	0.001648	0.299282	0.001648
512	10500	255	9285	627	0.002392	0.294796	0.002392
512	10500	256	8958	812	0.003098	0.297619	0.003098
512	10500	257	9196	638	0.002434	0.293674	0.002434
512	10500	258	9106	793	0.003025	0.304802	0.003025
512	10500	259	9147	788	0.003006	0.293808	0.003006
512	10500	260	9076	861	0.003284	0.296967	0.003284
512	10500	261	9304	664	0.002533	0.296276	0.002533
512	10500	262	8985	686	0.002617	0.298828	0.002617
512	10500	263	8822	516	0.001968	0.308174	0.001968
512	10500	264	9093	684	0.002609	0.303520	0.002609
512	10500	265	8851	400	0.001526	0.299267	0.001526
512	10500	266	9268	1129	0.004307	0.299816	0.004307
512	10500	267	8988	462	0.001762	0.303047	0.001762
512	10500	268	8983	621	0.002369	0.307194	0.002369
512	10500	269	9050	603	0.002300	0.303978	0.002300
512	10500	270	9129	480	0.001831	0.300198	0.001831
512	10500	271	9090	446	0.001701	0.300121	0.001701
512	10500	272	8938	863	0.003292	0.297340	0.003292
512	10500	273	9172	360	0.001373	0.302719	0.001373
512	10500	274	9148	918	0.003502	0.301266	0.003502
512	10500	275	9115	637	0.002430	0.302849	0.002430
512	10500	276	8924	521	0.001987	0.314194	0.001987
512	10500	277	8968	755	0.002880	0.300858	0.002880
512	10500	278	9031	660	0.002518	0.301731	0.002518
512	10500	279	9116	441	0.001682	0.301373	0.001682
512	10500	280	8882	820	0.003128	0.302868	0.003128
512	10500	281	9148	555	0.002117	0.300110	0.002117
512	10500	282	9153	616	0.002350	0.294643	0.002350
512	10500	283	8928	979	0.003735	0.303001	0.003735
512	10500	284	8882	378	0.001442	0.303589	0.001442
512	10500	285	9042	782	0.002983	0.298573	0.002983
512	10500	286	9052	402	0.001534	0.295506	0.001534
512	10500	287	9168	469	0.001789	0.294037	0.001789
512	10500	288	9163	575	0.002193	0.299313	0.002193
512	10500	289	9162	421	0.001606	0.303951	0.001606
512	10500	290	9155	494	0.001884	0.298840	0.001884
512	10500	291	9210	567	0.002163	0.295498	0.002163
512	10500	292	9273	387	0.001476	0.299080	0.001476
512	10500	293	9104	614	0.002342	0.296715	0.002342
512	10500	294	8925	537	0.002048	0.303085	0.002048
512	10500	295	9084	685	0.002613	0.303032	0.002613
512	10500	296	9282	635	0.002422	0.305122	0.002422
512	10500	297	9188	463	0.001766	0.302887	0.001766
512	10500	298	9051	497	0.001896	0.299622	0.001896
512	10500	299	8978	792	0.003021	0.301426	0.003021
512	10500	300	8981	1164	0.004440	0.303902	0.004440
512	10500	301	9175	385	0.001469	0.308182	0.001469
512	10500	302	9071	746	0.002846	0.306065	0.002846
512	10500	303	9082	582	0.002220	0.294750	0.002220
512	10500	304	9090	455	0.001736	0.292835	0.001736
512	10500	305	9189	561	0.002140	0.286613	0.002140
512	10500	306	9141	415	0.001583	0.301422	0.001583
512	10500	307	9094	822	0.003136	0.296753	0.003136
512	10500	308	9097	503	0.001919	0.296234	0.001919
512	10500	309	9035	425	0.001621	0.297188	0.001621
512	10500	310	8936	618	0.002357	0.309647	0.002357
512	10500	311	9094	942	0.003593	0.300678	0.003593
512	10500	312	9121	667	0.002544	0.298683	0.002544
512	10500	313	9094	612	0.002335	0.301941	0.002335
512	10500	314	9195	555	0.002117	0.292877	0.002117
512	10500	315	9209	625	0.002384	0.289211	0.002384
512	10500	316	9074	657	0.002506	0.306953	0.002506
512	10500	317	9121	433	0.001652	0.303715	0.001652
512	10500	318	8988	567	0.002163	0.299442	0.002163
512	10500	319	9327	463	0.001766	0.298367	0.001766
512	10500	320	9006	438	0.001671	0.310875	0.001671
512	10500	321	9093	851	0.003246	0.306751	0.003246
512	10500	322	8953	405	0.001545	0.310642	0.001545
512	10500	323	9072	530	0.002022	0.302181	0.002022
512	10500	324	8999	749	0.002857	0.297737	0.002857
512	10500	325	9034	1451	0.005535	0.310059	0.005535
512	10500	326	9082	480	0.001831	0.303352	0.001831
512	10500	327	8953	611	0.002331	0.308517	0.002331
512	10500	328	8882	645	0.002460	0.312660	0.002460
512	10500	329	9119	684	0.002609	0.292053	0.002609
512	10500	330	8943	738	0.002815	0.307499	0.002815
512	10500	331	9099	462	0.001762	0.300816	0.001762
512	10500	332	9178	997	0.003803	0.295292	0.003803
512	10500	333	9154	615	0.002346	0.296913	0.002346
512	10500	334	9049	790	0.003014	0.299118	0.003014
512	10500	335	8943	1094	0.004173	0.299679	0.004173
512	10500	336	8888	796	0.003036	0.307816	0.003036
512	10500	337	9292	1063	0.004055	0.302979	0.004055
512	10500	338	9055	425	0.001621	0.299152	0.001621
512	10500	339	9194	482	0.001839	0.297073	0.001839
512	10500	340	9283	480	0.001831	0.296925	0.001831
512	10500	341	9255	454	0.001732	0.296204	0.001732
512	10500	342	9256	379	0.001446	0.300488	0.001446
512	10500	343	8907	1041	0.003971	0.310783	0.003971
512	10500	344	9136	738	0.002815	0.296234	0.002815
512	10500	345	9256	744	0.002838	0.303764	0.002838
512	10500	346	9047	674	0.002571	0.298931	0.002571
512	10500	347	9039	466	0.001778	0.305004	0.001778
512	10500	348	8989	920	0.003510	0.304409	0.003510
512	10500	349	8981	639	0.002438	0.301910	0.002438
512	10500	350	9304	270	0.001030	0.288445	0.001030
512	10500	351	9000	648	0.002472	0.304859	0.002472
512	10500	352	9081	555	0.002117	0.302700	0.002117
512	10500	353	9125	351	0.001339	0.302696	0.001339
512	10500	354	9071	471	0.001797	0.302940	0.001797
512	10500	355	9243	579	0.002209	0.289215	0.002209
512	10500	356	8879	677	0.002583	0.308685	0.002583
512	10500	357	9193	474	0.001808	0.304565	0.001808
512	10500	358	9254	1437	0.005482	0.294621	0.005482
512	10500	359	8869	565	0.002155	0.308826	0.002155
512	10500	360	9163	404	0.001541	0.299149	0.001541
512	10500	361	8908	502	0.001915	0.298187	0.001915
512	10500	362	8948	542	0.002068	0.297230	0.002068
512	10500	363	9082	594	0.002266	0.295383	0.002266
512	10500	364	9076	446	0.001701	0.293713	0.001701
512	10500	365	9207	400	0.001526	0.302044	0.001526
512	10500	366	9044	539	0.002056	0.292801	0.002056
512	10500	367	9077	765	0.002918	0.308205	0.002918
512	10500	368	9031	566	0.002159	0.302212	0.002159
512	10500	369	9112	583	0.002224	0.293007	0.002224
512	10500	370	8872	755	0.002880	0.305885	0.002880
512	10500	371	9182	524	0.001999	0.303391	0.001999
512	10500	372	8944	628	0.002396	0.300758	0.002396
512	10500	373	8927	930	0.003548	0.302261	0.003548
512	10500	374	8961	608	0.002319	0.306133	0.002319
512	10500	375	8864	690	0.002632	0.303802	0.002632
512	10500	376	8919	518	0.001976	0.292461	0.001976
512	10500	377	9094	298	0.001137	0.301762	0.001137
512	10500	378	9140	498	0.001900	0.304546	0.001900
512	10500	379	8901	594	0.002266	0.301746	0.002266
512	10500	380	9191	589	0.002247	0.295589	0.002247
512	10500	381	9160	438	0.001671	0.291149	0.001671
512	10500	382	8998	459	0.001751	0.299461	0.001751
512	10500	383	9104	630	0.002403	0.299431	0.002403
512	10500	384	8915	586	0.002235	0.311043	0.002235
512	10500	385	9117	732	0.002792	0.303509	0.002792
512	10500	386	9171	449	0.001713	0.298695	0.001713
512	10500	387	9185	581	0.002216	0.298798	0.002216
512	10500	388	9055	782	0.002983	0.298512	0.002983
512	10500	389	8860	651	0.002483	0.315010	0.002483
512	10500	390	9011	628	0.002396	0.296848	0.002396
512	10500	391	9253	631	0.002407	0.290718	0.002407
512	10500	392	9050	537	0.002048	0.302052	0.002048
512	10500	393	9287	548	0.002090	0.296391	0.002090
512	10500	394	9022	411	0.001568	0.299454	0.001568
512	10500	395	8996	655	0.002499	0.301323	0.002499
512	10500	396	9098	645	0.002460	0.296215	0.002460
512	10500	397	8978	433	0.001652	0.297955	0.001652
512	10500	398	9215	736	0.002808	0.295353	0.002808
512	10500	399	8725	1526	0.005821	0.309666	0.005821
512	10500	400	8934	493	0.001881	0.313457	0.001881
512	10500	401	9329	442	0.001686	0.298374	0.001686
512	10500	402	9079	420	0.001602	0.301624	0.001602
512	10500	403	9178	352	0.001343	0.295700	0.001343
512	10500	404	8851	783	0.002987	0.301891	0.002987
512	10500	405	9278	441	0.001682	0.303436	0.001682
512	10500	406	9156	352	0.001343	0.297073	0.001343
512	10500	407	9160	453	0.001728	0.307587	0.001728
512	10500	408	8945	425	0.001621	0.302231	0.001621
512	10500	409	9168	477	0.001820	0.297607	0.001820
512	10500	410	9207	606	0.002312	0.301575	0.002312
512	10500	411	8936	1492	0.005692	0.307892	0.005692
512	10500	412	9078	446	0.001701	0.295586	0.001701
512	10500	413	8840	692	0.002640	0.299679	0.002640
512	10500	414	8896	725	0.002766	0.304436	0.002766
512	10500	415	9173	507	0.001934	0.299557	0.001934
512	10500	416	9092	492	0.001877	0.301140	0.001877
512	10500	417	9170	1389	0.005299	0.302883	0.005299
512	10500	418	9241	756	0.002884	0.298153	0.002884
512	10500	419	9084	600	0.002289	0.294762	0.002289
512	10500	420	9146	915	0.003490	0.295162	0.003490
512	10500	421	9134	578	0.002205	0.304409	0.002205
512	10500	422	9165	418	0.001595	0.293152	0.001595
512	10500	423	9107	424	0.001617	0.297852	0.001617
512	10500	424	8786	532	0.002029	0.310184	0.002029
512	10500	425	9005	916	0.003494	0.304260	0.003494
512	10500	426	9012	847	0.003231	0.305344	0.003231
512	10500	427	8897	530	0.002022	0.304111	0.002022
512	10500	428	8996	699	0.002666	0.307167	0.002666
512	10500	429	9100	900	0.003433	0.309402	0.003433
512	10500	430	8942	471	0.001797	0.303379	0.001797
512	10500	431	9023	1216	0.004639	0.299175	0.004639
512	10500	432	9133	628	0.002396	0.306744	0.002396
512	10500	433	9172	907	0.003460	0.301792	0.003460
512	10500	434	9122	450	0.001717	0.295792	0.001717
512	10500	435	8956	700	0.002670	0.311188	0.002670
512	10500	436	8967	594	0.002266	0.296986	0.002266
512	10500	437	9128	641	0.002445	0.306465	0.002445
512	10500	438	9366	355	0.001354	0.294689	0.001354
512	10500	439	9139	348	0.001328	0.292503	0.001328
512	10500	440	9067	638	0.002434	0.310116	0.002434
512	10500	441	9198	513	0.001957	0.302814	0.001957
512	10500	442	8861	823	0.003139	0.310493	0.003139
512	10500	443	9308	428	0.001633	0.291634	0.001633
512	10500	444	9044	753	0.002872	0.306019	0.002872
512	10500	445	9032	769	0.002934	0.300735	0.002934
512	10500	446	9133	546	0.002083	0.294426	0.002083
512	10500	447	8933	615	0.002346	0.312515	0.002346
512	10500	448	9077	422	0.001610	0.309677	0.001610
512	10500	449	9050	972	0.003708	0.307579	0.003708
512	10500	450	9095	628	0.002396	0.301109	0.002396
512	10500	451	9077	500	0.001907	0.304642	0.001907
512	10500	452	9152	829	0.003162	0.300461	0.003162
512	10500	453	8838	461	0.001759	0.307365	0.001759
512	10500	454	9083	598	0.002281	0.298965	0.002281
512	10500	455	9235	542	0.002068	0.298393	0.002068
512	10500	456	9329	632	0.002411	0.287815	0.002411
512	10500	457	9022	514	0.001961	0.302193	0.001961
512	10500	458	8989	542	0.002068	0.299011	0.002068
512	10500	459	9017	778	0.002968	0.301933	0.002968
512	10500	460	9013	596	0.002274	0.307724	0.002274
512	10500	461	9057	483	0.001842	0.305698	0.001842
512	10500	462	9161	594	0.002266	0.312267	0.002266
512	10500	463	8995	1035	0.003948	0.300602	0.003948
512	10500	464	9074	743	0.002834	0.301102	0.002834
512	10500	465	9036	384	0.001465	0.300591	0.001465
512	10500	466	9164	508	0.001938	0.303486	0.001938
512	10500	467	9080	424	0.001617	0.301327	0.001617
512	10500	468	9080	486	0.001854	0.305550	0.001854
512	10500	469	9089	880	0.003357	0.299103	0.003357
512	10500	470	8960	633	0.002415	0.307682	0.002415
512	10500	471	9299	463	0.001766	0.298065	0.001766
512	10500	472	9134	513	0.001957	0.290379	0.001957
512	10500	473	9131	697	0.002659	0.298260	0.002659
512	10500	474	9020	842	0.003212	0.299335	0.003212
512	10500	475	9159	679	0.002590	0.299328	0.002590
512	10500	476	8886	373	0.001423	0.308720	0.001423
512	10500	477	9095	936	0.003571	0.298981	0.003571
512	10500	478	8906	540	0.002060	0.307541	0.002060
512	10500	479	8966	797	0.003040	0.310452	0.003040
512	10500	480	9217	570	0.002174	0.302834	0.002174
512	10500	481	9128	353	0.001347	0.296951	0.001347
512	10500	482	9026	1427	0.005444	0.301594	0.005444
512	10500	483	9227	413	0.001575	0.302185	0.001575
512	10500	484	8972	540	0.002060	0.301151	0.002060
512	10500	485	8984	528	0.002014	0.298489	0.002014
512	10500	486	8893	868	0.003311	0.301292	0.003311
512	10500	487	9117	482	0.001839	0.303295	0.001839
512	10500	488	9051	432	0.001648	0.302235	0.001648
512	10500	489	8930	616	0.002350	0.312038	0.002350
512	10500	490	9004	328	0.001251	0.305775	0.001251
512	10500	491	8683	940	0.003586	0.307899	0.003586
512	10500	492	9057	676	0.002579	0.305595	0.002579
512	10500	493	9002	411	0.001568	0.301434	0.001568
512	10500	494	9192	292	0.001114	0.298241	0.001114
512	10500	495	9210	472	0.001801	0.302208	0.001801
512	10500	496	9010	920	0.003510	0.299103	0.003510
512	10500	497	9266	920	0.003510	0.296589	0.003510
512	10500	498	8924	621	0.002369	0.306305	0.002369
512	10500	499	8985	872	0.003326	0.300854	0.003326
512	10500	500	9260	480	0.001831	0.300808	0.001831
512	10500	501	9088	639	0.002438	0.298340	0.002438
512	10500	502	8937	746	0.002846	0.299225	0.002846
512	10500	503	9235	573	0.002186	0.294819	0.002186
512	10500	504	8960	799	0.003048	0.301682	0.003048
512	10500	505	9159	610	0.002327	0.301289	0.002327
512	10500	506	9235	464	0.001770	0.300396	0.001770
512	10500	507	9128	926	0.003532	0.299690	0.003532
512	10500	508	9097	769	0.002934	0.297199	0.002934
512	10500	509	9072	606	0.002312	0.291355	0.002312
512	10500	510	9069	730	0.002785	0.305775	0.002785
512	10500	511	8950	795	0.003033	0.300976	0.003033
512	10500	512	8951	749	0.002857	0.306564	0.002857
512	10500	513	9040	938	0.003578	0.300961	0.003578
512	10500	514	8991	867	0.003307	0.299309	0.003307
512	10500	515	8792	912	0.003479	0.309620	0.003479
512	10500	516	8912	632	0.002411	0.311352	0.002411
512	10500	517	9103	484	0.001846	0.302803	0.001846
512	10500	518	8973	766	0.002922	0.301376	0.002922
512	10500	519	9045	596	0.002274	0.310696	0.002274
512	10500	520	9220	559	0.002132	0.305237	0.002132
512	10500	521	9066	579	0.002209	0.312424	0.002209
512	10500	522	9030	633	0.002415	0.304268	0.002415
512	10500	523	9205	528	0.002014	0.305260	0.002014
512	10500	524	8991	506	0.001930	0.293003	0.001930
512	10500	525	8913	749	0.002857	0.307274	0.002857
512	10500	526	8780	528	0.002014	0.310333	0.002014
512	10500	527	9238	435	0.001659	0.294407	0.001659
512	10500	528	9052	698	0.002663	0.303379	0.002663
512	10500	529	8887	1008	0.003845	0.305519	0.003845
512	10500	530	9092	728	0.002777	0.294537	0.002777
512	10500	531	9256	614	0.002342	0.304234	0.002342
512	10500	532	9052	525	0.002003	0.301136	0.002003
512	10500	533	9038	419	0.001598	0.301273	0.001598
512	10500	534	9149	507	0.001934	0.295574	0.001934
512	10500	535	9120	397	0.001514	0.308468	0.001514
512	10500	536	9043	572	0.002182	0.296085	0.002182
512	10500	537	9187	767	0.002926	0.302120	0.002926
512	10500	538	9202	516	0.001968	0.300758	0.001968
512	10500	539	8824	667	0.002544	0.300827	0.002544
512	10500	540	9134	474	0.001808	0.295574	0.001808
512	10500	541	9191	502	0.001915	0.302097	0.001915
512	10500	542	9105	1071	0.004086	0.292625	0.004086
512	10500	543	9088	579	0.002209	0.303204	0.002209
512	10500	544	9169	397	0.001514	0.290688	0.001514
512	10500	545	8961	537	0.002048	0.308788	0.002048
512	10500	546	8870	603	0.002300	0.300060	0.002300
512	10500	547	9113	727	0.002773	0.291183	0.002773
512	10500	548	9228	757	0.002888	0.298836	0.002888
512	10500	549	9199	716	0.002731	0.300648	0.002731
512	10500	550	8953	490	0.001869	0.301064	0.001869
512	10500	551	9216	519	0.001980	0.302387	0.001980
512	10500	552	9205	605	0.002308	0.300224	0.002308
512	10500	553	9105	472	0.001801	0.301750	0.001801
512	10500	554	9018	604	0.002304	0.300541	0.002304
512	10500	555	9064	834	0.003181	0.302452	0.003181
512	10500	556	9017	595	0.002270	0.297077	0.002270
512	10500	557	9017	477	0.001820	0.299129	0.001820
512	10500	558	9151	884	0.003372	0.293583	0.003372
512	10500	559	9098	515	0.001965	0.301559	0.001965
512	10500	560	8987	1087	0.004147	0.302177	0.004147
512	10500	561	8965	718	0.002739	0.301540	0.002739
512	10500	562	9109	530	0.002022	0.300545	0.002022
512	10500	563	9137	525	0.002003	0.303989	0.002003
512	10500	564	8991	455	0.001736	0.301514	0.001736
512	10500	565	9250	680	0.002594	0.297779	0.002594
512	10500	566	8807	671	0.002560	0.303421	0.002560
512	10500	567	8959	673	0.002567	0.307831	0.002567
512	10500	568	9086	713	0.002720	0.298653	0.002720
512	10500	569	8917	707	0.002697	0.301464	0.002697
512	10500	570	9018	356	0.001358	0.297871	0.001358
512	10500	571	9050	334	0.001274	0.300274	0.001274
512	10500	572	9087	726	0.002769	0.309422	0.002769
512	10500	573	9106	561	0.002140	0.304985	0.002140
512	10500	574	9074	646	0.002464	0.294392	0.002464
512	10500	575	8932	621	0.002369	0.313606	0.002369
512	10500	576	8901	488	0.001862	0.308613	0.001862
512	10500	577	8986	618	0.002357	0.306419	0.002357
512	10500	578	8928	404	0.001541	0.307854	0.001541
512	10500	579	8819	623	0.002377	0.309952	0.002377
512	10500	580	9114	773	0.002949	0.299679	0.002949
512	10500	581	8859	496	0.001892	0.306755	0.001892
512	10500	582	9188	540	0.002060	0.297447	0.002060
512	10500	583	8997	556	0.002121	0.293034	0.002121
512	10500	584	9158	759	0.002895	0.303761	0.002895
512	10500	585	9090	429	0.001637	0.302227	0.001637
512	10500	586	9219	402	0.001534	0.308163	0.001534
512	10500	587	9067	711	0.002712	0.297977	0.002712
512	10500	588	9079	471	0.001797	0.296284	0.001797
512	10500	589	9182	583	0.002224	0.297558	0.002224
512	10500	590	9160	336	0.001282	0.297321	0.001282
512	10500	591	8870	785	0.002995	0.319771	0.002995
512	10500	592	9229	435	0.001659	0.303391	0.001659
512	10500	593	9243	332	0.001266	0.305111	0.001266
512	10500	594	9043	882	0.003365	0.302193	0.003365
512	10500	595	9227	365	0.001392	0.299114	0.001392
512	10500	596	9132	642	0.002449	0.296322	0.002449
512	10500	597	9142	491	0.001873	0.297283	0.001873
512	10500	598	9192	736	0.002808	0.302330	0.002808
512	10500	599	9082	428	0.001633	0.296909	0.001633
512	10500	600	9003	618	0.002357	0.305286	0.002357
512	10500	601	8986	481	0.001835	0.296917	0.001835
512	10500	602	9112	622	0.002373	0.301933	0.002373
512	10500	603	9221	373	0.001423	0.296478	0.001423
512	10500	604	9078	596	0.002274	0.303623	0.002274
512	10500	605	8991	318	0.001213	0.302471	0.001213
512	10500	606	9160	624	0.002380	0.293007	0.002380
512	10500	607	9034	619	0.002361	0.302826	0.002361
512	10500	608	9026	385	0.001469	0.293571	0.001469
512	10500	609	9183	470	0.001793	0.292744	0.001793
512	10500	610	9117	546	0.002083	0.303204	0.002083
512	10500	611	8947	794	0.003029	0.302677	0.003029
512	10500	612	9126	575	0.002193	0.302902	0.002193
512	10500	613	9064	761	0.002903	0.302479	0.002903
512	10500	614	8928	743	0.002834	0.307922	0.002834
512	10500	615	8946	453	0.001728	0.298958	0.001728
512	10500	616	8927	713	0.002720	0.302357	0.002720
512	10500	617	9110	364	0.001389	0.298645	0.001389
512	10500	618	9012	1107	0.004223	0.303749	0.004223
512	10500	619	9021	746	0.002846	0.301956	0.002846
512	10500	620	8985	584	0.002228	0.312263	0.002228
512	10500	621	8889	652	0.002487	0.299408	0.002487
512	10500	622	9073	608	0.002319	0.304863	0.002319
512	10500	623	9226	914	0.003487	0.306374	0.003487
512	10500	624	9107	413	0.001575	0.299740	0.001575
512	10500	625	8982	631	0.002407	0.303955	0.002407
512	10500	626	9133	611	0.002331	0.308384	0.002331
512	10500	627	9074	530	0.002022	0.302906	0.002022
512	10500	628	9025	598	0.002281	0.297249	0.002281
512	10500	629	9050	492	0.001877	0.302921	0.001877
512	10500	630	9226	328	0.001251	0.300751	0.001251
512	10500	631	9097	555	0.002117	0.304596	0.002117
512	10500	632	9044	680	0.002594	0.296295	0.002594
512	10500	633	9134	406	0.001549	0.295322	0.001549
512	10500	634	8970	771	0.002941	0.302113	0.002941
512	10500	635	9179	576	0.002197	0.297943	0.002197
512	10500	636	8974	569	0.002171	0.298584	0.002171
512	10500	637	9116	511	0.001949	0.300156	0.001949
512	10500	638	8895	599	0.002285	0.305477	0.002285
512	10500	639	8931	937	0.003574	0.305595	0.003574
512	10500	640	9300	564	0.002151	0.299805	0.002151
512	10500	641	9190	389	0.001484	0.299965	0.001484
512	10500	642	9157	556	0.002121	0.303070	0.002121
512	10500	643	9200	388	0.001480	0.299572	0.001480
512	10500	644	9163	1084	0.004135	0.304073	0.004135
512	10500	645	9022	497	0.001896	0.298203	0.001896
512	10500	646	8934	589	0.002247	0.300835	0.002247
512	10500	647	9051	602	0.002296	0.302559	0.002296
512	10500	648	9085	350	0.001335	0.294571	0.001335
512	10500	649	8953	515	0.001965	0.304882	0.001965
512	10500	650	9214	602	0.002296	0.296764	0.002296
512	10500	651	8892	443	0.001690	0.304203	0.001690
512	10500	652	9226	452	0.001724	0.289368	0.001724
512	10500	653	9110	763	0.002911	0.303562	0.002911
512	10500	654	8810	796	0.003036	0.311085	0.003036
512	10500	655	8983	1075	0.004101	0.299381	0.004101
512	10500	656	8925	558	0.002129	0.300705	0.002129
512	10500	657	8923	564	0.002151	0.297436	0.002151
512	10500	658	9067	513	0.001957	0.297028	0.001957
512	10500	659	9267	477	0.001820	0.309254	0.001820
512	10500	660	8990	835	0.003185	0.304802	0.003185
512	10500	661	9255	684	0.002609	0.300945	0.002609
512	10500	662	8936	779	0.002972	0.303841	0.002972
512	10500	663	8993	713	0.002720	0.305302	0.002720
512	10500	664	9247	483	0.001842	0.292690	0.001842
512	10500	665	9047	698	0.002663	0.297668	0.002663
512	10500	666	9084	687	0.002621	0.296616	0.002621
512	10500	667	9149	672	0.002563	0.301411	0.002563
512	10500	668	9107	539	0.002056	0.292770	0.002056
512	10500	669	8867	794	0.003029	0.304100	0.003029
512	10500	670	8948	895	0.003414	0.314274	0.003414
512	10500	671	9092	485	0.001850	0.306835	0.001850
512	10500	672	8924	579	0.002209	0.304699	0.002209
512	10500	673	9236	631	0.002407	0.292496	0.002407
512	10500	674	9156	632	0.002411	0.299320	0.002411
512	10500	675	9164	394	0.001503	0.291851	0.001503
512	10500	676	9177	474	0.001808	0.297226	0.001808
512	10500	677	9183	433	0.001652	0.298298	0.001652
512	10500	678	9150	379	0.001446	0.293793	0.001446
512	10500	679	9118	496	0.001892	0.299950	0.001892
512	10500	680	9166	538	0.002052	0.303005	0.002052
512	10500	681	9086	811	0.003094	0.296978	0.003094
512	10500	682	9227	456	0.001740	0.300060	0.001740
512	10500	683	9211	737	0.002811	0.298920	0.002811
512	10500	684	9023	761	0.002903	0.307365	0.002903
512	10500	685	9238	560	0.002136	0.296024	0.002136
512	10500	686	9244	453	0.001728	0.300591	0.001728
512	10500	687	9337	653	0.002491	0.298813	0.002491
512	10500	688	8954	698	0.002663	0.294460	0.002663
512	10500	689	9190	376	0.001434	0.295692	0.001434
512	10500	690	8944	468	0.001785	0.304451	0.001785
512	10500	691	9107	685	0.002613	0.299545	0.002613
512	10500	692	9172	397	0.001514	0.299698	0.001514
512	10500	693	9073	386	0.001472	0.302448	0.001472
512	10500	694	9102	859	0.003277	0.297310	0.003277
512	10500	695	8970	720	0.002747	0.302547	0.002747
512	10500	696	9087	594	0.002266	0.307720	0.002266
512	10500	697	9125	417	0.001591	0.297512	0.001591
512	10500	698	9084	548	0.002090	0.309975	0.002090
512	10500	699	9151	904	0.003448	0.294308	0.003448
512	10500	700	8943	534	0.002037	0.302345	0.002037
512	10500	701	9277	700	0.002670	0.295372	0.002670
512	10500	702	9130	523	0.001995	0.307152	0.001995
512	10500	703	9171	499	0.001904	0.298668	0.001904
512	10500	704	9001	675	0.002575	0.300865	0.002575
512	10500	705	9140	1121	0.004276	0.300659	0.004276
512	10500	706	9010	564	0.002151	0.308247	0.002151
512	10500	707	9217	706	0.002693	0.300919	0.002693
512	10500	708	9134	439	0.001675	0.307541	0.001675
512	10500	709	8955	878	0.003349	0.305103	0.003349
512	10500	710	9252	403	0.001537	0.299229	0.001537
512	10500	711	9123	574	0.002190	0.297367	0.002190
512	10500	712	8977	394	0.001503	0.303913	0.001503
512	10500	713	9209	458	0.001747	0.298153	0.001747
512	10500	714	9396	309	0.001179	0.296394	0.001179
512	10500	715	8918	580	0.002213	0.305244	0.002213
512	10500	716	9071	682	0.002602	0.302216	0.002602
512	10500	717	9114	788	0.003006	0.294788	0.003006
512	10500	718	9187	628	0.002396	0.303860	0.002396
512	10500	719	9017	535	0.002041	0.298187	0.002041
512	10500	720	9144	908	0.003464	0.299915	0.003464
512	10500	721	9045	1107	0.004223	0.306824	0.004223
512	10500	722	9101	607	0.002316	0.299641	0.002316
512	10500	723	8823	514	0.001961	0.306614	0.001961
512	10500	724	9060	631	0.002407	0.308689	0.002407
512	10500	725	9072	347	0.001324	0.298466	0.001324
512	10500	726	9078	517	0.001972	0.306580	0.001972
512	10500	727	8944	670	0.002556	0.298325	0.002556
512	10500	728	9263	483	0.001842	0.293873	0.001842
512	10500	729	9302	805	0.003071	0.299240	0.003071
512	10500	730	9117	1056	0.004028	0.289955	0.004028
512	10500	731	9125	669	0.002552	0.302998	0.002552
512	10500	732	9336	413	0.001575	0.301537	0.001575
512	10500	733	9116	680	0.002594	0.291481	0.002594
512	10500	734	9081	490	0.001869	0.300301	0.001869
512	10500	735	9210	655	0.002499	0.296387	0.002499
512	10500	736	9241	452	0.001724	0.305321	0.001724
512	10500	737	8940	572	0.002182	0.295452	0.002182
512	10500	738	9110	441	0.001682	0.301071	0.001682
512	10500	739	9169	519	0.001980	0.300522	0.001980
512	10500	740	9261	490	0.001869	0.294353	0.001869
512	10500	741	9098	454	0.001732	0.294231	0.001732
512	10500	742	9159	584	0.002228	0.300930	0.002228
512	10500	743	9159	448	0.001709	0.297188	0.001709
512	10500	744	8939	425	0.001621	0.301861	0.001621
512	10500	745	9009	708	0.002701	0.307610	0.002701
512	10500	746	9107	713	0.002720	0.304863	0.002720
512	10500	747	9194	364	0.001389	0.293861	0.001389
512	10500	748	9106	564	0.002151	0.302998	0.002151
512	10500	749	9113	373	0.001423	0.293072	0.001423
512	10500	750	9068	982	0.003746	0.301666	0.003746
512	10500	751	9221	581	0.002216	0.294872	0.002216
512	10500	752	9068	952	0.003632	0.305458	0.003632
512	10500	753	9079	768	0.002930	0.306705	0.002930
512	10500	754	8847	949	0.003620	0.311729	0.003620
512	10500	755	9159	698	0.002663	0.300797	0.002663
512	10500	756	8791	569	0.002171	0.308903	0.002171
512	10500	757	9140	660	0.002518	0.302361	0.002518
512	10500	758	9141	587	0.002239	0.302650	0.002239
512	10500	759	9003	787	0.003002	0.305012	0.003002
512	10500	760	8990	573	0.002186	0.311287	0.002186
512	10500	761	9178	532	0.002029	0.296413	0.002029
512	10500	762	9105	418	0.001595	0.307068	0.001595
512	10500	763	9146	528	0.002014	0.303955	0.002014
512	10500	764	9095	394	0.001503	0.299309	0.001503
512	10500	765	8995	663	0.002529	0.304798	0.002529
512	10500	766	8975	657	0.002506	0.310326	0.002506
512	10500	767	8878	498	0.001900	0.308678	0.001900
512	10500	768	8958	511	0.001949	0.305191	0.001949
512	10500	769	9171	315	0.001202	0.295635	0.001202
512	10500	770	8999	605	0.002308	0.310238	0.002308
512	10500	771	9149	477	0.001820	0.298409	0.001820
512	10500	772	9184	733	0.002796	0.307144	0.002796
512	10500	773	9089	1250	0.004768	0.299572	0.004768
512	10500	774	9204	793	0.003025	0.296944	0.003025
512	10500	775	9103	660	0.002518	0.301708	0.002518
512	10500	776	9088	1042	0.003975	0.301086	0.003975
512	10500	777	8876	889	0.003391	0.300171	0.003391
512	10500	778	8991	451	0.001720	0.298008	0.001720
512	10500	779	9058	416	0.001587	0.301376	0.001587
512	10500	780	9135	766	0.002922	0.301899	0.002922
512	10500	781	9180	419	0.001598	0.296093	0.001598
512	10500	782	9116	548	0.002090	0.304855	0.002090
512	10500	783	9250	425	0.001621	0.298912	0.001621
512	10500	784	9096	487	0.001858	0.299740	0.001858
512	10500	785	9326	348	0.001328	0.294781	0.001328
512	10500	786	9152	548	0.002090	0.305714	0.002090
512	10500	787	9169	634	0.002419	0.298580	0.002419
512	10500	788	8938	606	0.002312	0.302750	0.002312
512	10500	789	9033	816	0.003113	0.302853	0.003113
512	10500	790	8998	914	0.003487	0.295071	0.003487
512	10500	791	9041	336	0.001282	0.301170	0.001282
512	10500	792	9155	427	0.001629	0.289734	0.001629
512	10500	793	9090	563	0.002148	0.291153	0.002148
512	10500	794	8949	515	0.001965	0.302128	0.001965
512	10500	795	9233	730	0.002785	0.294552	0.002785
512	10500	796	9141	607	0.002316	0.298557	0.002316
512	10500	797	8950	1637	0.006245	0.309628	0.006245
512	10500	798	8992	707	0.002697	0.305988	0.002697
512	10500	799	9084	730	0.002785	0.301628	0.002785
512	10500	800	9090	598	0.002281	0.295181	0.002281
512	10500	801	9280	577	0.002201	0.300529	0.002201
512	10500	802	8964	806	0.003075	0.301323	0.003075
512	10500	803	8843	653	0.002491	0.310352	0.002491
512	10500	804	9233	521	0.001987	0.303513	0.001987
512	10500	805	9025	875	0.003338	0.302353	0.003338
512	10500	806	9022	1015	0.003872	0.304245	0.003872
512	10500	807	9330	503	0.001919	0.293240	0.001919
512	10500	808	9055	908	0.003464	0.303654	0.003464
512	10500	809	9074	578	0.002205	0.305790	0.002205
512	10500	810	9130	389	0.001484	0.299267	0.001484
512	10500	811	9078	434	0.001656	0.310528	0.001656
512	10500	812	9104	329	0.001255	0.292095	0.001255
512	10500	813	9135	418	0.001595	0.299778	0.001595
512	10500	814	9218	861	0.003284	0.303963	0.003284
512	10500	815	8837	587	0.002239	0.305420	0.002239
512	10500	816	8960	493	0.001881	0.299717	0.001881
512	10500	817	8887	998	0.003807	0.309490	0.003807
512	10500	818	9001	1022	0.003899	0.303223	0.003899
512	10500	819	9160	575	0.002193	0.299210	0.002193
512	10500	820	9011	1077	0.004108	0.302277	0.004108
512	10500	821	8857	1304	0.004974	0.315334	0.004974
512	10500	822	8863	400	0.001526	0.300163	0.001526
512	10500	823	8906	439	0.001675	0.299793	0.001675
512	10500	824	9179	542	0.002068	0.298904	0.002068
512	10500	825	9080	510	0.001945	0.294865	0.001945
512	10500	826	9153	451	0.001720	0.296062	0.001720
512	10500	827	9102	638	0.002434	0.302639	0.002434
512	10500	828	8969	1820	0.006943	0.314156	0.006943
512	10500	829	9068	1564	0.005966	0.298000	0.005966
512	10500	830	9200	482	0.001839	0.301010	0.001839
512	10500	831	9054	469	0.001789	0.309204	0.001789
512	10500	832	9348	925	0.003529	0.300602	0.003529
512	10500	833	9265	439	0.001675	0.288105	0.001675
512	10500	834	8936	665	0.002537	0.303097	0.002537
512	10500	835	9059	622	0.002373	0.304176	0.002373
512	10500	836	9029	1067	0.004070	0.306404	0.004070
512	10500	837	9101	479	0.001827	0.302258	0.001827
512	10500	838	9280	470	0.001793	0.298767	0.001793
512	10500	839	9147	594	0.002266	0.304707	0.002266
512	10500	840	9274	353	0.001347	0.301208	0.001347
512	10500	841	9145	613	0.002338	0.296364	0.002338
512	10500	842	9267	571	0.002178	0.293507	0.002178
512	10500	843	9112	721	0.002750	0.306580	0.002750
512	10500	844	8956	464	0.001770	0.302513	0.001770
512	10500	845	9122	612	0.002335	0.298359	0.002335
512	10500	846	8954	592	0.002258	0.304005	0.002258
512	10500	847	8975	635	0.002422	0.300625	0.002422
512	10500	848	8999	632	0.002411	0.305477	0.002411
512	10500	849	9000	797	0.003040	0.301781	0.003040
512	10500	850	8956	499	0.001904	0.302013	0.001904
512	10500	851	9015	920	0.003510	0.307926	0.003510
512	10500	852	9212	455	0.001736	0.293503	0.001736
512	10500	853	9023	644	0.002457	0.302673	0.002457
512	10500	854	9080	457	0.001743	0.307285	0.001743
512	10500	855	9127	475	0.001812	0.301483	0.001812
512	10500	856	9224	500	0.001907	0.300644	0.001907
512	10500	857	9119	717	0.002735	0.300774	0.002735
512	10500	858	9140	786	0.002998	0.296928	0.002998
512	10500	859	9221	559	0.002132	0.296101	0.002132
512	10500	860	9044	685	0.002613	0.301598	0.002613
512	10500	861	8902	1177	0.004490	0.304161	0.004490
512	10500	862	9137	359	0.001369	0.298912	0.001369
512	10500	863	8885	468	0.001785	0.295551	0.001785
512	10500	864	9297	390	0.001488	0.288445	0.001488
512	10500	865	9182	651	0.002483	0.305458	0.002483
512	10500	866	9221	557	0.002125	0.306473	0.002125
512	10500	867	9095	476	0.001816	0.294853	0.001816
512	10500	868	9013	561	0.002140	0.302925	0.002140
512	10500	869	9079	1079	0.004116	0.306767	0.004116
512	10500	870	9085	795	0.003033	0.296814	0.003033
512	10500	871	9086	781	0.002979	0.307339	0.002979
512	10500	872	9181	460	0.001755	0.303764	0.001755
512	10500	873	9337	488	0.001862	0.289364	0.001862
512	10500	874	9061	532	0.002029	0.302956	0.002029
512	10500	875	8985	471	0.001797	0.296875	0.001797
512	10500	876	8965	987	0.003765	0.305035	0.003765
512	10500	877	9123	486	0.001854	0.308575	0.001854
512	10500	878	9073	449	0.001713	0.294296	0.001713
512	10500	879	9157	538	0.002052	0.306587	0.002052
512	10500	880	9267	434	0.001656	0.302853	0.001656
512	10500	881	9043	407	0.001553	0.295143	0.001553
512	10500	882	9157	507	0.001934	0.297882	0.001934
512	10500	883	9321	427	0.001629	0.293530	0.001629
512	10500	884	8933	685	0.002613	0.306477	0.002613
512	10500	885	8931	779	0.002972	0.299526	0.002972
512	10500	886	9135	618	0.002357	0.301842	0.002357
512	10500	887	9077	505	0.001926	0.306496	0.001926
512	10500	888	9079	1472	0.005615	0.301102	0.005615
512	10500	889	9106	540	0.002060	0.295479	0.002060
512	10500	890	9127	423	0.001614	0.300995	0.001614
512	10500	891	9240	522	0.001991	0.298660	0.001991
512	10500	892	9064	424	0.001617	0.308208	0.001617
512	10500	893	9196	645	0.002460	0.306538	0.002460
512	10500	894	9230	462	0.001762	0.309608	0.001762
512	10500	895	9184	274	0.001045	0.297871	0.001045
512	10500	896	9016	651	0.002483	0.302895	0.002483
512	10500	897	8914	554	0.002113	0.302814	0.002113
512	10500	898	9272	385	0.001469	0.298145	0.001469
512	10500	899	8999	626	0.002388	0.302708	0.002388
512	10500	900	9030	424	0.001617	0.304676	0.001617
512	10500	901	9065	858	0.003273	0.303265	0.003273
512	10500	902	9052	506	0.001930	0.303989	0.001930
512	10500	903	9138	400	0.001526	0.293163	0.001526
512	10500	904	8980	654	0.002495	0.302658	0.002495
512	10500	905	9115	632	0.002411	0.301689	0.002411
512	10500	906	8980	678	0.002586	0.300476	0.002586
512	10500	907	8976	437	0.001667	0.301952	0.001667
512	10500	908	9178	997	0.003803	0.300838	0.003803
512	10500	909	8942	481	0.001835	0.308708	0.001835
512	10500	910	9165	528	0.002014	0.304169	0.002014
512	10500	911	9311	892	0.003403	0.299461	0.003403
512	10500	912	9011	732	0.002792	0.301865	0.002792
512	10500	913	8950	654	0.002495	0.300297	0.002495
512	10500	914	9036	398	0.001518	0.303123	0.001518
512	10500	915	9009	591	0.002254	0.309654	0.002254
512	10500	916	9107	396	0.001511	0.298603	0.001511
512	10500	917	9054	380	0.001450	0.307430	0.001450
512	10500	918	8865	765	0.002918	0.305035	0.002918
512	10500	919	9204	667	0.002544	0.306862	0.002544
512	10500	920	8961	648	0.002472	0.304546	0.002472
512	10500	921	9055	939	0.003582	0.305916	0.003582
512	10500	922	8992	619	0.002361	0.301968	0.002361
512	10500	923	8891	821	0.003132	0.312256	0.003132
512	10500	924	9164	385	0.001469	0.300858	0.001469
512	10500	925	9036	947	0.003613	0.309437	0.003613
512	10500	926	9189	587	0.002239	0.297157	0.002239
512	10500	927	9143	390	0.001488	0.293026	0.001488
512	10500	928	9118	518	0.001976	0.299004	0.001976
512	10500	929	8979	842	0.003212	0.304245	0.003212
512	10500	930	9103	1041	0.003971	0.309410	0.003971
512	10500	931	9186	317	0.001209	0.306400	0.001209
512	10500	932	9172	576	0.002197	0.301331	0.002197
512	10500	933	9033	688	0.002625	0.301956	0.002625
512	10500	934	9041	596	0.002274	0.297436	0.002274
512	10500	935	9032	589	0.002247	0.303326	0.002247
512	10500	936	9093	456	0.001740	0.292595	0.001740
512	10500	937	9103	897	0.003422	0.296486	0.003422
512	10500	938	9084	484	0.001846	0.297737	0.001846
512	10500	939	9159	702	0.002678	0.297417	0.002678
512	10500	940	9067	683	0.002605	0.300808	0.002605
512	10500	941	9072	596	0.002274	0.300129	0.002274
512	10500	942	9191	621	0.002369	0.299484	0.002369
512	10500	943	9054	575	0.002193	0.298740	0.002193
512	10500	944	9177	425	0.001621	0.302025	0.001621
512	10500	945	8876	496	0.001892	0.313137	0.001892
512	10500	946	9039	421	0.001606	0.307850	0.001606
512	10500	947	8922	704	0.002686	0.308315	0.002686
512	10500	948	9068	733	0.002796	0.300755	0.002796
512	10500	949	9036	827	0.003155	0.300495	0.003155
512	10500	950	9107	697	0.002659	0.299488	0.002659
512	10500	951	9114	619	0.002361	0.303596	0.002361
512	10500	952	8592	719	0.002743	0.311199	0.002743
512	10500	953	9006	655	0.002499	0.303688	0.002499
512	10500	954	9265	600	0.002289	0.297573	0.002289
512	10500	955	8755	1035	0.003948	0.305859	0.003948
512	10500	956	8798	968	0.003693	0.305614	0.003693
512	10500	957	9259	561	0.002140	0.289852	0.002140
512	10500	958	9039	416	0.001587	0.294701	0.001587
512	10500	959	9017	895	0.003414	0.299992	0.003414
512	10500	960	9060	555	0.002117	0.307888	0.002117
512	10500	961	9121	458	0.001747	0.301117	0.001747
512	10500	962	9204	515	0.001965	0.295765	0.001965
512	10500	963	9098	407	0.001553	0.302952	0.001553
512	10500	964	9156	759	0.002895	0.299404	0.002895
512	10500	965	9013	434	0.001656	0.303406	0.001656
512	10500	966	9040	457	0.001743	0.302853	0.001743
512	10500	967	9059	451	0.001720	0.299526	0.001720
512	10500	968	8986	963	0.003674	0.304695	0.003674
512	10500	969	9086	849	0.003239	0.303791	0.003239
512	10500	970	9034	411	0.001568	0.296795	0.001568
512	10500	971	9235	325	0.001240	0.299129	0.001240
512	10500	972	9324	465	0.001774	0.302025	0.001774
512	10500	973	9131	485	0.001850	0.301044	0.001850
512	10500	974	9124	635	0.002422	0.304794	0.002422
512	10500	975	8937	458	0.001747	0.296387	0.001747
512	10500	976	9067	478	0.001823	0.299061	0.001823
512	10500	977	9352	331	0.001263	0.288551	0.001263
512	10500	978	9071	608	0.002319	0.298466	0.002319
512	10500	979	9226	482	0.001839	0.300060	0.001839
512	10500	980	9081	827	0.003155	0.299309	0.003155
512	10500	981	8838	643	0.002453	0.308792	0.002453
512	10500	982	9086	992	0.003784	0.304653	0.003784
512	10500	983	8956	680	0.002594	0.298950	0.002594
512	10500	984	9188	374	0.001427	0.296013	0.001427
512	10500	985	9163	467	0.001781	0.294750	0.001781
512	10500	986	9058	600	0.002289	0.308075	0.002289
512	10500	987	8964	401	0.001530	0.302994	0.001530
512	10500	988	9207	446	0.001701	0.296379	0.001701
512	10500	989	9129	839	0.003201	0.306213	0.003201
512	10500	990	9125	733	0.002796	0.296265	0.002796
512	10500	991	8902	646	0.002464	0.305946	0.002464
512	10500	992	9009	1043	0.003979	0.303356	0.003979
512	10500	993	9263	630	0.002403	0.303608	0.002403
512	10500	994	8874	772	0.002945	0.301781	0.002945
512	10500	995	9204	481	0.001835	0.302063	0.001835
512	10500	996	9145	621	0.002369	0.299698	0.002369
512	10500	997	8963	1258	0.004799	0.308311	0.004799
512	10500	998	9164	334	0.001274	0.300171	0.001274
512	10500	999	9188	905	0.003452	0.287796	0.003452
512	10500	1000	8925	807	0.003078	0.303421	0.003078
