512	9450	2	2509	8410	0.032082	0.112705	0.032082
512	9450	3	2510	15482	0.059059	0.194149	0.059059
512	9450	4	3100	19875	0.075817	0.196857	0.075817
512	9450	5	2163	16868	0.064346	0.150223	0.064346
512	9450	6	2763	7929	0.030247	0.131828	0.030247
512	9450	7	2722	11030	0.042076	0.171810	0.042076
512	9450	8	2458	8961	0.034184	0.170444	0.034184
512	9450	9	2472	20971	0.079998	0.259113	0.079998
512	9450	10	2513	22733	0.086720	0.248932	0.086720
512	9450	11	2266	55212	0.210617	0.323277	0.210617
512	9450	12	2700	47534	0.181328	0.273186	0.181328
512	9450	13	2548	10013	0.038197	0.148289	0.038197
512	9450	14	2700	12937	0.049351	0.172405	0.049351
512	9450	15	2186	29942	0.114220	0.190144	0.114220
512	9450	16	2096	4936	0.018829	0.096783	0.018829
512	9450	17	2521	18095	0.069027	0.205494	0.069027
512	9450	18	2297	15888	0.060608	0.169842	0.060608
512	9450	19	2351	38060	0.145187	0.236801	0.145187
512	9450	20	2484	25934	0.098930	0.261242	0.098930
512	9450	21	2167	13030	0.049706	0.153843	0.049706
512	9450	22	2363	5387	0.020550	0.080757	0.020550
512	9450	23	2657	19145	0.073032	0.239239	0.073032
512	9450	24	2077	26276	0.100235	0.224796	0.100235
512	9450	25	2408	24376	0.092987	0.287426	0.092987
512	9450	26	2264	12837	0.048969	0.185059	0.048969
512	9450	27	2619	16426	0.062660	0.220619	0.062660
512	9450	28	2098	16787	0.064037	0.234707	0.064037
512	9450	29	2357	16423	0.062649	0.201668	0.062649
512	9450	30	2339	14908	0.056870	0.179493	0.056870
512	9450	31	2461	23194	0.088478	0.239384	0.088478
512	9450	32	2663	13209	0.050388	0.209320	0.050388
512	9450	33	2294	16790	0.064049	0.186630	0.064049
512	9450	34	2327	23947	0.091351	0.250118	0.091351
512	9450	35	2428	25910	0.098839	0.333530	0.098839
512	9450	36	2382	12121	0.046238	0.218582	0.046238
512	9450	37	2679	12757	0.048664	0.203751	0.048664
512	9450	38	1998	14128	0.053894	0.153957	0.053894
512	9450	39	1936	37676	0.143723	0.272617	0.143723
512	9450	40	2210	24294	0.092674	0.228252	0.092674
512	9450	41	2139	43778	0.167000	0.237801	0.167000
512	9450	42	2256	11246	0.042900	0.169403	0.042900
512	9450	43	2509	27905	0.106449	0.239582	0.106449
512	9450	44	2220	25931	0.098919	0.206806	0.098919
512	9450	45	2781	10651	0.040630	0.156479	0.040630
512	9450	46	2144	22864	0.087219	0.210243	0.087219
512	9450	47	2419	38315	0.146160	0.202248	0.146160
512	9450	48	2511	12656	0.048279	0.176582	0.048279
512	9450	49	2247	17740	0.067673	0.244572	0.067673
512	9450	50	2214	16231	0.061916	0.220181	0.061916
512	9450	51	2465	9162	0.034950	0.126186	0.034950
512	9450	52	2684	24782	0.094536	0.261909	0.094536
512	9450	53	2361	32562	0.124214	0.251850	0.124214
512	9450	54	1818	25562	0.097511	0.202915	0.097511
512	9450	55	2531	17139	0.065380	0.188145	0.065380
512	9450	56	2249	26717	0.101917	0.190979	0.101917
512	9450	57	2217	52523	0.200359	0.288715	0.024170
512	9450	58	2297	16456	0.062775	0.191395	0.062775
512	9450	59	3272	11312	0.043152	0.157543	0.043152
512	9450	60	2503	35497	0.135410	0.270226	0.135410
512	9450	61	2582	26798	0.102226	0.196976	0.102226
512	9450	62	2224	18213	0.069477	0.259918	0.069477
512	9450	63	2228	17339	0.066143	0.224407	0.066143
512	9450	64	2334	17414	0.066429	0.188908	0.066429
512	9450	65	2461	17277	0.065907	0.202888	0.065907
512	9450	66	2294	24383	0.093014	0.262939	0.093014
512	9450	67	2245	3638	0.013878	0.068306	0.013878
512	9450	68	2091	36131	0.137829	0.258411	0.137829
512	9450	69	2087	55108	0.210220	0.337292	0.210220
512	9450	70	2292	28201	0.107578	0.244667	0.107578
512	9450	71	2238	32799	0.125118	0.170265	0.125118
512	9450	72	2441	15065	0.057468	0.211208	0.057468
512	9450	73	2157	42588	0.162460	0.279503	0.162460
512	9450	74	2387	12071	0.046047	0.181232	0.046047
512	9450	75	2491	38445	0.146656	0.193665	0.146656
512	9450	76	2380	15915	0.060711	0.167038	0.060711
512	9450	77	2285	29349	0.111958	0.241978	0.111958
512	9450	78	2240	29764	0.113541	0.255527	0.113541
512	9450	79	2280	22498	0.085823	0.282120	0.085823
512	9450	80	2306	40167	0.153225	0.305161	0.153225
512	9450	81	2633	18285	0.069752	0.185654	0.069752
512	9450	82	2949	7915	0.030193	0.155556	0.030193
512	9450	83	2434	14147	0.053967	0.224171	0.053967
512	9450	84	2127	18323	0.069897	0.246227	0.069897
512	9450	85	2431	18733	0.071461	0.204845	0.071461
512	9450	86	2844	10999	0.041958	0.181511	0.041958
512	9450	87	2382	6684	0.025497	0.137043	0.025497
512	9450	88	2439	13949	0.053211	0.240326	0.053211
512	9450	89	2020	24722	0.094307	0.183445	0.094307
512	9450	90	2507	8783	0.033504	0.128830	0.033504
512	9450	91	2127	18872	0.071991	0.239178	0.071991
512	9450	92	2290	24565	0.093708	0.228443	0.093708
512	9450	93	2176	21987	0.083874	0.255657	0.083874
512	9450	94	2930	19627	0.074871	0.227554	0.074871
512	9450	95	2680	14647	0.055874	0.179161	0.055874
512	9450	96	2211	29046	0.110802	0.280209	0.110802
512	9450	97	2529	8855	0.033779	0.176918	0.033779
512	9450	98	2642	11919	0.045467	0.218647	0.045467
512	9450	99	2268	31079	0.118557	0.295563	0.118557
512	9450	100	2346	13083	0.049908	0.180321	0.049908
512	9450	101	2756	4968	0.018951	0.111042	0.018951
512	9450	102	2400	17384	0.066315	0.177792	0.066315
512	9450	103	2525	32981	0.125813	0.278080	0.125813
512	9450	104	2974	10457	0.039890	0.175175	0.039890
512	9450	105	2644	8163	0.031139	0.156040	0.031139
512	9450	106	2432	19607	0.074795	0.193722	0.074795
512	9450	107	2629	6939	0.026470	0.145168	0.026470
512	9450	108	2342	31255	0.119228	0.237766	0.119228
512	9450	109	2323	18838	0.071861	0.200321	0.071861
512	9450	110	2872	9941	0.037922	0.244759	0.037922
512	9450	111	1987	16681	0.063633	0.215256	0.063633
512	9450	112	2416	14362	0.054787	0.228691	0.054787
512	9450	113	2717	25156	0.095963	0.212166	0.095963
512	9450	114	2435	18914	0.072151	0.151665	0.072151
512	9450	115	2383	12095	0.046139	0.194950	0.046139
512	9450	116	2572	17004	0.064865	0.177479	0.064865
512	9450	117	2285	24960	0.095215	0.204281	0.095215
512	9450	118	2200	34408	0.131256	0.330460	0.131256
512	9450	119	2681	14308	0.054581	0.201473	0.054581
512	9450	120	2588	17646	0.067314	0.250992	0.067314
512	9450	121	1936	24032	0.091675	0.241909	0.091675
512	9450	122	2156	23976	0.091461	0.184383	0.091461
512	9450	123	2773	10683	0.040752	0.149426	0.040752
512	9450	124	2769	7818	0.029823	0.139751	0.029823
512	9450	125	2263	14318	0.054619	0.128426	0.054619
512	9450	126	2156	26441	0.100864	0.240669	0.100864
512	9450	127	2382	17678	0.067436	0.216793	0.067436
512	9450	128	2413	32587	0.124310	0.303642	0.124310
512	9450	129	2166	37718	0.143883	0.256248	0.143883
512	9450	130	2090	15876	0.060562	0.186108	0.060562
512	9450	131	2632	32157	0.122669	0.235859	0.122669
512	9450	132	2403	27794	0.106026	0.205193	0.106026
512	9450	133	2394	21540	0.082169	0.227570	0.082169
512	9450	134	2267	34641	0.132145	0.242546	0.132145
512	9450	135	2179	46660	0.177994	0.298615	0.177994
512	9450	136	2446	14668	0.055954	0.180840	0.055954
512	9450	137	2346	16326	0.062279	0.120079	0.062279
512	9450	138	2176	33459	0.127636	0.240742	0.127636
512	9450	139	2558	22077	0.084217	0.202282	0.084217
512	9450	140	2723	17685	0.067463	0.146168	0.067463
512	9450	141	2338	29477	0.112446	0.175087	0.112446
512	9450	142	2397	19572	0.074661	0.216904	0.074661
512	9450	143	2946	9487	0.036190	0.170479	0.036190
512	9450	144	2636	12656	0.048279	0.195770	0.048279
512	9450	145	2455	19558	0.074608	0.170662	0.074608
512	9450	146	2414	15996	0.061020	0.161289	0.061020
512	9450	147	2524	13456	0.051331	0.196239	0.051331
512	9450	148	2016	47133	0.179798	0.229221	0.179798
512	9450	149	2307	21314	0.081306	0.283974	0.081306
512	9450	150	2079	45933	0.175220	0.244747	0.175220
512	9450	151	2311	23379	0.089184	0.172371	0.089184
512	9450	152	2380	14995	0.057201	0.182606	0.057201
512	9450	153	2166	53198	0.202934	0.271896	0.202934
512	9450	154	2264	13057	0.049809	0.217484	0.049809
512	9450	155	2340	10162	0.038765	0.152607	0.038765
512	9450	156	2103	62141	0.237049	0.367397	0.237049
512	9450	157	2379	23942	0.091331	0.207729	0.091331
512	9450	158	2627	9967	0.038021	0.107422	0.038021
512	9450	159	2197	45009	0.171696	0.270267	0.171696
512	9450	160	2183	19760	0.075378	0.226276	0.075378
512	9450	161	2053	10940	0.041733	0.129860	0.041733
512	9450	162	2432	13354	0.050941	0.163460	0.050941
512	9450	163	2582	7459	0.028454	0.138500	0.028454
512	9450	164	2172	27469	0.104786	0.172192	0.104786
512	9450	165	2403	12613	0.048115	0.221790	0.048115
512	9450	166	2665	15347	0.058544	0.256252	0.058544
512	9450	167	1861	16972	0.064743	0.146881	0.064743
512	9450	168	2028	16605	0.063343	0.214096	0.063343
512	9450	169	2495	11060	0.042191	0.156403	0.042191
512	9450	170	2297	16506	0.062965	0.289799	0.062965
512	9450	171	2127	9789	0.037342	0.172943	0.037342
512	9450	172	2396	20030	0.076408	0.184349	0.076408
512	9450	173	2116	25790	0.098381	0.240810	0.098381
512	9450	174	2468	20779	0.079266	0.268856	0.079266
512	9450	175	2712	36074	0.137611	0.240971	0.137611
512	9450	176	2507	11213	0.042774	0.221691	0.042774
512	9450	177	2375	18450	0.070381	0.152473	0.070381
512	9450	178	2668	26051	0.099377	0.233967	0.099377
512	9450	179	2177	20124	0.076767	0.202972	0.076767
512	9450	180	2773	12065	0.046024	0.193680	0.046024
512	9450	181	2574	31892	0.121658	0.230721	0.121658
512	9450	182	2259	28016	0.106873	0.270428	0.106873
512	9450	183	2458	31641	0.120701	0.240631	0.120701
512	9450	184	2543	36529	0.139347	0.275131	0.139347
512	9450	185	2002	23411	0.089306	0.203247	0.089306
512	9450	186	2279	22807	0.087002	0.253483	0.087002
512	9450	187	2481	16231	0.061916	0.287174	0.061916
512	9450	188	2436	17809	0.067936	0.255383	0.067936
512	9450	189	2291	26000	0.099182	0.291199	0.099182
512	9450	190	2429	10188	0.038864	0.150475	0.038864
512	9450	191	2498	53510	0.204124	0.279057	0.204124
512	9450	192	1858	9910	0.037804	0.109833	0.037804
512	9450	193	2400	12979	0.049511	0.212509	0.049511
512	9450	194	2541	12244	0.046707	0.232250	0.046707
512	9450	195	2334	13525	0.051594	0.121513	0.051594
512	9450	196	1893	12123	0.046246	0.152618	0.046246
512	9450	197	2581	23257	0.088718	0.269627	0.088718
512	9450	198	2187	13698	0.052254	0.198166	0.052254
512	9450	199	2242	9881	0.037693	0.153896	0.037693
512	9450	200	2515	31521	0.120243	0.221958	0.120243
512	9450	201	2074	21267	0.081127	0.217670	0.081127
512	9450	202	2390	16909	0.064503	0.197422	0.064503
512	9450	203	3022	7526	0.028709	0.205914	0.028709
512	9450	204	2390	26460	0.100937	0.234779	0.100937
512	9450	205	2282	16977	0.064762	0.194698	0.064762
512	9450	206	2410	18058	0.068886	0.197350	0.068886
512	9450	207	2404	28482	0.108650	0.198769	0.108650
512	9450	208	2551	19836	0.075668	0.197304	0.075668
512	9450	209	2066	13319	0.050808	0.135738	0.050808
512	9450	210	2289	26342	0.100487	0.240799	0.100487
512	9450	211	2229	21880	0.083466	0.171047	0.083466
512	9450	212	2330	15300	0.058365	0.220592	0.058365
512	9450	213	2559	35676	0.136093	0.306858	0.136093
512	9450	214	2085	26829	0.102345	0.226429	0.102345
512	9450	215	2587	18200	0.069427	0.192097	0.069427
512	9450	216	2365	7762	0.029610	0.188763	0.029610
512	9450	217	2318	27189	0.103718	0.214706	0.103718
512	9450	218	2337	13294	0.050713	0.219292	0.050713
512	9450	219	2426	34830	0.132866	0.245457	0.132866
512	9450	220	2205	10929	0.041691	0.152184	0.041691
512	9450	221	2121	18928	0.072205	0.207561	0.072205
512	9450	222	2364	10405	0.039692	0.113628	0.039692
512	9450	223	2166	10202	0.038918	0.132256	0.038918
512	9450	224	2067	19526	0.074486	0.223534	0.074486
512	9450	225	2474	18817	0.071781	0.208084	0.071781
512	9450	226	2400	20223	0.077145	0.163956	0.077145
512	9450	227	2559	17046	0.065025	0.230232	0.065025
512	9450	228	2321	17258	0.065834	0.166100	0.065834
512	9450	229	1907	46471	0.177273	0.277905	0.177273
512	9450	230	2821	18880	0.072021	0.166229	0.072021
512	9450	231	2697	7648	0.029175	0.142036	0.029175
512	9450	232	2629	18166	0.069298	0.207260	0.069298
512	9450	233	2291	13274	0.050636	0.157085	0.050636
512	9450	234	2093	37733	0.143940	0.190414	0.143940
512	9450	235	2715	33033	0.126011	0.274761	0.126011
512	9450	236	1975	15421	0.058826	0.172520	0.058826
512	9450	237	2276	19847	0.075710	0.263481	0.075710
512	9450	238	2486	13450	0.051308	0.195374	0.051308
512	9450	239	2171	23297	0.088871	0.198559	0.088871
512	9450	240	2468	14159	0.054012	0.137627	0.054012
512	9450	241	2603	33035	0.126019	0.261089	0.126019
512	9450	242	2344	34583	0.131924	0.251434	0.131924
512	9450	243	2255	26287	0.100277	0.331120	0.100277
512	9450	244	2413	11212	0.042770	0.166042	0.042770
512	9450	245	2366	11072	0.042236	0.165665	0.042236
512	9450	246	2372	28673	0.109379	0.217522	0.109379
512	9450	247	2191	24371	0.092968	0.204075	0.092968
512	9450	248	2519	17173	0.065510	0.245720	0.065510
512	9450	249	2277	19065	0.072727	0.201221	0.072727
512	9450	250	2709	8554	0.032631	0.144939	0.032631
512	9450	251	2512	27579	0.105206	0.210079	0.105206
512	9450	252	2259	19615	0.074825	0.170368	0.074825
512	9450	253	2209	44682	0.170448	0.240726	0.170448
512	9450	254	2545	13767	0.052517	0.172016	0.052517
512	9450	255	2467	9625	0.036716	0.153530	0.036716
512	9450	256	2157	17315	0.066051	0.145393	0.066051
512	9450	257	2163	9960	0.037994	0.128426	0.037994
512	9450	258	2855	9377	0.035770	0.154423	0.035770
512	9450	259	2297	48527	0.185116	0.274994	0.185116
512	9450	260	2497	25617	0.097721	0.257694	0.097721
512	9450	261	1954	13019	0.049664	0.188793	0.049664
512	9450	262	2534	33814	0.128990	0.232834	0.128990
512	9450	263	2304	25078	0.095665	0.235054	0.095665
512	9450	264	2326	16946	0.064644	0.199406	0.064644
512	9450	265	2054	34742	0.132530	0.232220	0.132530
512	9450	266	2534	11320	0.043182	0.137779	0.043182
512	9450	267	2146	28450	0.108528	0.228481	0.108528
512	9450	268	2067	16943	0.064632	0.149616	0.064632
512	9450	269	2563	24234	0.092445	0.177986	0.092445
512	9450	270	2716	42568	0.162384	0.258327	0.162384
512	9450	271	2419	11629	0.044361	0.175945	0.044361
512	9450	272	1844	53910	0.205650	0.343140	0.205650
512	9450	273	2396	53387	0.203655	0.268951	0.203655
512	9450	274	2275	20681	0.078892	0.184502	0.078892
512	9450	275	2273	30927	0.117977	0.229965	0.117977
512	9450	276	2179	14698	0.056068	0.215168	0.056068
512	9450	277	2227	27601	0.105289	0.275101	0.105289
512	9450	278	2324	14146	0.053963	0.164288	0.053963
512	9450	279	2492	11558	0.044090	0.190399	0.044090
512	9450	280	2123	32937	0.125645	0.281960	0.125645
512	9450	281	2288	21101	0.080494	0.201756	0.080494
512	9450	282	2239	41074	0.156685	0.252308	0.156685
512	9450	283	2400	31754	0.121132	0.355015	0.121132
512	9450	284	2230	12542	0.047844	0.187870	0.047844
512	9450	285	2607	5150	0.019646	0.140869	0.019646
512	9450	286	2247	8490	0.032387	0.133228	0.032387
512	9450	287	2503	20111	0.076717	0.208839	0.076717
512	9450	288	2556	13772	0.052536	0.182308	0.052536
512	9450	289	2231	20728	0.079071	0.214592	0.079071
512	9450	290	2213	19247	0.073421	0.195087	0.073421
512	9450	291	3003	9195	0.035076	0.172279	0.035076
512	9450	292	2042	10737	0.040958	0.149235	0.040958
512	9450	293	2573	29711	0.113338	0.260998	0.113338
512	9450	294	2651	15553	0.059330	0.197891	0.059330
512	9450	295	2497	15592	0.059479	0.207005	0.059479
512	9450	296	2328	34408	0.131256	0.269089	0.131256
512	9450	297	2191	9485	0.036182	0.195168	0.036182
512	9450	298	2537	33568	0.128052	0.216225	0.128052
512	9450	299	2132	26712	0.101898	0.261642	0.101898
512	9450	300	2214	19610	0.074806	0.193443	0.074806
512	9450	301	2387	16634	0.063454	0.191109	0.063454
512	9450	302	2353	45098	0.172035	0.283588	0.172035
512	9450	303	2751	5353	0.020420	0.109436	0.020420
512	9450	304	2042	31840	0.121460	0.230988	0.121460
512	9450	305	2502	12243	0.046703	0.183498	0.046703
512	9450	306	1919	24018	0.091621	0.189140	0.091621
512	9450	307	2185	17256	0.065826	0.152893	0.065826
512	9450	308	1951	20306	0.077461	0.196499	0.077461
512	9450	309	2239	12570	0.047951	0.125065	0.047951
512	9450	310	2348	13450	0.051308	0.155861	0.051308
512	9450	311	2245	12150	0.046349	0.170650	0.046349
512	9450	312	2550	12959	0.049435	0.223976	0.049435
512	9450	313	2351	27220	0.103836	0.177914	0.103836
512	9450	314	2142	24904	0.095001	0.247166	0.095001
512	9450	315	2497	9064	0.034576	0.159016	0.034576
512	9450	316	2238	25427	0.096996	0.205128	0.096996
512	9450	317	2245	17940	0.068436	0.233761	0.068436
512	9450	318	2703	15810	0.060310	0.187191	0.060310
512	9450	319	2906	17255	0.065823	0.270325	0.065823
512	9450	320	2051	17145	0.065403	0.159283	0.065403
512	9450	321	2551	14134	0.053917	0.220119	0.053917
512	9450	322	2543	20519	0.078274	0.178741	0.078274
512	9450	323	2728	11631	0.044369	0.172527	0.044369
512	9450	324	2475	15276	0.058273	0.160240	0.058273
512	9450	325	2254	10077	0.038441	0.174133	0.038441
512	9450	326	2686	13853	0.052845	0.216221	0.052845
512	9450	327	2266	25918	0.098869	0.272633	0.098869
512	9450	328	1844	27906	0.106453	0.196362	0.106453
512	9450	329	2841	16258	0.062019	0.236862	0.062019
512	9450	330	2244	83148	0.317184	0.414383	0.036880
512	9450	331	2370	14940	0.056992	0.158031	0.056992
512	9450	332	2881	14814	0.056511	0.184494	0.056511
512	9450	333	2193	25922	0.098885	0.196507	0.098885
512	9450	334	2578	15774	0.060173	0.229378	0.060173
512	9450	335	2118	10535	0.040188	0.129787	0.040188
512	9450	336	2297	14855	0.056667	0.153160	0.056667
512	9450	337	2768	2189	0.008350	0.075790	0.008350
512	9450	338	2324	19109	0.072895	0.230122	0.072895
512	9450	339	2293	21134	0.080620	0.222572	0.080620
512	9450	340	2839	19601	0.074772	0.176537	0.074772
512	9450	341	2167	10752	0.041016	0.137291	0.041016
512	9450	342	2600	9691	0.036968	0.193359	0.036968
512	9450	343	2528	20029	0.076405	0.168427	0.076405
512	9450	344	2411	9605	0.036640	0.139687	0.036640
512	9450	345	2521	20633	0.078709	0.198536	0.078709
512	9450	346	2515	12908	0.049240	0.148388	0.049240
512	9450	347	2703	18844	0.071884	0.213341	0.071884
512	9450	348	2249	23844	0.090958	0.217049	0.090958
512	9450	349	2484	18121	0.069126	0.198021	0.069126
512	9450	350	2602	20814	0.079399	0.249207	0.079399
512	9450	351	1951	23350	0.089073	0.187679	0.089073
512	9450	352	2409	49671	0.189480	0.292000	0.189480
512	9450	353	1843	11997	0.045765	0.143093	0.045765
512	9450	354	2248	50233	0.191624	0.244644	0.191624
512	9450	355	2790	16206	0.061821	0.215252	0.061821
512	9450	356	2240	13265	0.050602	0.144840	0.050602
512	9450	357	2233	14347	0.054729	0.180634	0.054729
512	9450	358	2290	10901	0.041584	0.145210	0.041584
512	9450	359	2626	23402	0.089272	0.206161	0.089272
512	9450	360	2404	20991	0.080074	0.204220	0.080074
512	9450	361	2703	23234	0.088631	0.230900	0.088631
512	9450	362	1991	13502	0.051506	0.197163	0.051506
512	9450	363	2138	79602	0.303658	0.434040	0.303658
512	9450	364	2837	22930	0.087471	0.197643	0.087471
512	9450	365	2144	31315	0.119457	0.228249	0.119457
512	9450	366	2477	18399	0.070187	0.195862	0.070187
512	9450	367	2048	18980	0.072403	0.276932	0.072403
512	9450	368	2630	16885	0.064411	0.144058	0.064411
512	9450	369	2511	20464	0.078064	0.178692	0.078064
512	9450	370	2063	7502	0.028618	0.089161	0.028618
512	9450	371	2539	16591	0.063290	0.242371	0.063290
512	9450	372	2277	12845	0.049000	0.156143	0.049000
512	9450	373	2552	14154	0.053993	0.217644	0.053993
512	9450	374	1997	15248	0.058167	0.162495	0.058167
512	9450	375	2140	56497	0.215519	0.295525	0.215519
512	9450	376	2143	19760	0.075378	0.201389	0.075378
512	9450	377	2533	19948	0.076096	0.224579	0.076096
512	9450	378	2545	39698	0.151436	0.216572	0.151436
512	9450	379	2230	21896	0.083527	0.260773	0.083527
512	9450	380	2395	39789	0.151783	0.235218	0.151783
512	9450	381	2164	56331	0.214886	0.275509	0.214886
512	9450	382	2486	20822	0.079430	0.207146	0.079430
512	9450	383	1916	18721	0.071415	0.229584	0.071415
512	9450	384	2152	14245	0.054340	0.163925	0.054340
512	9450	385	2190	28225	0.107670	0.274330	0.107670
512	9450	386	2905	18015	0.068722	0.193684	0.068722
512	9450	387	2543	41252	0.157364	0.308674	0.157364
512	9450	388	2449	9060	0.034561	0.117054	0.034561
512	9450	389	2685	10473	0.039951	0.161110	0.039951
512	9450	390	2089	20887	0.079678	0.212536	0.079678
512	9450	391	2535	13387	0.051067	0.173286	0.051067
512	9450	392	2627	21643	0.082561	0.227798	0.082561
512	9450	393	2575	12316	0.046982	0.151981	0.046982
512	9450	394	2429	16013	0.061085	0.183559	0.061085
512	9450	395	2481	11665	0.044498	0.154163	0.044498
512	9450	396	2705	16907	0.064495	0.216896	0.064495
512	9450	397	2136	33483	0.127728	0.198441	0.127728
512	9450	398	2412	28584	0.109039	0.233841	0.109039
512	9450	399	2375	13618	0.051949	0.211128	0.051949
512	9450	400	2439	19933	0.076038	0.178238	0.076038
512	9450	401	2431	44201	0.168613	0.318081	0.168613
512	9450	402	2708	10614	0.040489	0.168137	0.040489
512	9450	403	2360	28443	0.108501	0.270573	0.108501
512	9450	404	2155	33791	0.128902	0.269512	0.128902
512	9450	405	2024	21665	0.082645	0.147373	0.082645
512	9450	406	2206	16282	0.062111	0.181976	0.062111
512	9450	407	2250	6783	0.025875	0.154167	0.025875
512	9450	408	2399	10158	0.038750	0.130405	0.038750
512	9450	409	3043	18074	0.068947	0.182129	0.068947
512	9450	410	2194	30697	0.117100	0.264500	0.117100
512	9450	411	2617	35155	0.134106	0.257309	0.134106
512	9450	412	2423	17558	0.066978	0.230339	0.066978
512	9450	413	2578	35053	0.133717	0.262531	0.133717
512	9450	414	2251	46721	0.178226	0.320198	0.178226
512	9450	415	2435	19360	0.073853	0.191063	0.073853
512	9450	416	2536	21262	0.081108	0.228954	0.081108
512	9450	417	2173	17553	0.066959	0.166008	0.066959
512	9450	418	2030	24343	0.092861	0.227859	0.092861
512	9450	419	2361	26439	0.100857	0.251938	0.100857
512	9450	420	2223	33237	0.126789	0.244755	0.126789
512	9450	421	2359	28901	0.110249	0.215176	0.110249
512	9450	422	2918	36539	0.139385	0.273140	0.139385
512	9450	423	2031	10142	0.038689	0.113628	0.038689
512	9450	424	1925	12537	0.047825	0.150970	0.047825
512	9450	425	2286	9858	0.037605	0.153408	0.037605
512	9450	426	2367	20846	0.079521	0.248425	0.079521
512	9450	427	1958	46892	0.178879	0.281555	0.178879
512	9450	428	2514	19810	0.075569	0.237637	0.075569
512	9450	429	2268	24676	0.094131	0.226475	0.094131
512	9450	430	2326	34189	0.130421	0.207878	0.130421
512	9450	431	2572	7055	0.026913	0.147202	0.026913
512	9450	432	2593	47624	0.181671	0.324394	0.065018
512	9450	433	2373	17445	0.066547	0.159996	0.066547
512	9450	434	2235	9746	0.037178	0.125271	0.037178
512	9450	435	2255	7245	0.027637	0.168545	0.027637
512	9450	436	2262	8228	0.031387	0.183983	0.031387
512	9450	437	2687	17192	0.065582	0.173801	0.065582
512	9450	438	2361	22010	0.083961	0.238678	0.083961
512	9450	439	2505	16109	0.061451	0.209465	0.061451
512	9450	440	2067	27295	0.104122	0.274242	0.104122
512	9450	441	2494	16235	0.061932	0.208729	0.061932
512	9450	442	2178	17069	0.065113	0.133507	0.065113
512	9450	443	2548	21514	0.082069	0.201992	0.082069
512	9450	444	2154	17132	0.065353	0.210770	0.065353
512	9450	445	2463	13309	0.050770	0.203342	0.050770
512	9450	446	2468	22157	0.084522	0.168388	0.084522
512	9450	447	2251	26468	0.100967	0.211033	0.100967
512	9450	448	2549	17743	0.067684	0.227489	0.067684
512	9450	449	2313	20160	0.076904	0.195316	0.076904
512	9450	450	2650	15478	0.059044	0.218948	0.059044
512	9450	451	2848	34644	0.132156	0.206425	0.132156
512	9450	452	2134	38126	0.145439	0.271519	0.145439
512	9450	453	2496	27356	0.104355	0.273201	0.104355
512	9450	454	2477	13610	0.051918	0.218929	0.051918
512	9450	455	2517	28763	0.109722	0.209389	0.109722
512	9450	456	2259	11356	0.043320	0.134838	0.043320
512	9450	457	2577	8491	0.032391	0.151470	0.032391
512	9450	458	2940	11028	0.042068	0.205875	0.042068
512	9450	459	2407	50727	0.193508	0.298420	0.193508
512	9450	460	2124	25355	0.096722	0.232693	0.096722
512	9450	461	2039	13599	0.051876	0.150219	0.051876
512	9450	462	2470	17318	0.066063	0.159805	0.066063
512	9450	463	2422	13483	0.051434	0.150616	0.051434
512	9450	464	2439	25935	0.098934	0.199459	0.098934
512	9450	465	2356	75736	0.288910	0.356190	0.288910
512	9450	466	1969	42531	0.162243	0.248108	0.162243
512	9450	467	2207	45086	0.171989	0.298378	0.171989
512	9450	468	2595	13846	0.052818	0.225964	0.052818
512	9450	469	2373	10543	0.040218	0.199570	0.040218
512	9450	470	2750	23776	0.090698	0.304268	0.090698
512	9450	471	2092	11633	0.044376	0.164970	0.044376
512	9450	472	2190	11313	0.043156	0.203785	0.043156
512	9450	473	2343	25076	0.095657	0.279842	0.095657
512	9450	474	2795	12535	0.047817	0.210041	0.047817
512	9450	475	2346	14399	0.054928	0.217815	0.054928
512	9450	476	2097	30676	0.117020	0.218815	0.117020
512	9450	477	2226	64319	0.245358	0.309578	0.245358
512	9450	478	2622	26390	0.100670	0.257969	0.100670
512	9450	479	2295	11804	0.045029	0.163754	0.045029
512	9450	480	2590	6015	0.022945	0.122841	0.022945
512	9450	481	2186	16417	0.062626	0.151012	0.062626
512	9450	482	1832	10113	0.038578	0.094662	0.038578
512	9450	483	2491	48049	0.183292	0.324375	0.183292
512	9450	484	2738	19280	0.073547	0.222797	0.073547
512	9450	485	2239	22387	0.085400	0.170353	0.085400
512	9450	486	2463	9240	0.035248	0.139065	0.035248
512	9450	487	2416	31050	0.118446	0.322697	0.118446
512	9450	488	2449	43065	0.164280	0.245480	0.014072
512	9450	489	2733	34396	0.131210	0.236851	0.131210
512	9450	490	2337	30657	0.116947	0.210701	0.116947
512	9450	491	1921	17661	0.067371	0.218296	0.067371
512	9450	492	2311	20288	0.077393	0.281338	0.077393
512	9450	493	1742	19110	0.072899	0.147411	0.072899
512	9450	494	2650	22453	0.085651	0.169834	0.085651
512	9450	495	2029	25824	0.098511	0.273506	0.098511
512	9450	496	2294	9285	0.035419	0.176708	0.035419
512	9450	497	2056	37448	0.142853	0.235619	0.142853
512	9450	498	2313	13710	0.052299	0.151913	0.052299
512	9450	499	2486	7401	0.028233	0.147396	0.028233
512	9450	500	2669	14099	0.053783	0.177044	0.053783
512	9450	501	1858	8217	0.031345	0.110573	0.031345
512	9450	502	2149	13841	0.052799	0.202183	0.052799
512	9450	503	2472	36555	0.139446	0.264240	0.139446
512	9450	504	2421	7542	0.028770	0.133781	0.028770
512	9450	505	2535	32037	0.122211	0.220284	0.122211
512	9450	506	2413	40207	0.153378	0.285885	0.153378
512	9450	507	2258	12623	0.048153	0.146358	0.048153
512	9450	508	2685	17751	0.067715	0.243305	0.067715
512	9450	509	2780	14803	0.056469	0.249920	0.056469
512	9450	510	2310	27418	0.104591	0.208618	0.104591
512	9450	511	2343	8876	0.033859	0.114872	0.033859
512	9450	512	2663	22921	0.087437	0.235611	0.087437
512	9450	513	2407	7112	0.027130	0.124550	0.027130
512	9450	514	2041	28244	0.107742	0.199471	0.107742
512	9450	515	2441	13994	0.053383	0.204010	0.053383
512	9450	516	2450	27281	0.104069	0.206783	0.104069
512	9450	517	2092	37968	0.144836	0.183308	0.144836
512	9450	518	2259	46914	0.178963	0.291706	0.178963
512	9450	519	2815	6527	0.024899	0.157131	0.024899
512	9450	520	2187	29853	0.113880	0.225311	0.113880
512	9450	521	2755	17128	0.065338	0.243465	0.065338
512	9450	522	2473	12087	0.046108	0.225769	0.046108
512	9450	523	2471	17999	0.068661	0.201828	0.068661
512	9450	524	2487	18799	0.071712	0.227272	0.071712
512	9450	525	2407	26875	0.102520	0.232101	0.102520
512	9450	526	2417	26623	0.101559	0.266090	0.101559
512	9450	527	2620	21574	0.082298	0.184769	0.082298
512	9450	528	2016	20515	0.078259	0.189568	0.078259
512	9450	529	1926	11163	0.042583	0.112980	0.042583
512	9450	530	2251	24657	0.094059	0.262611	0.094059
512	9450	531	2466	41847	0.159634	0.252575	0.159634
512	9450	532	2721	15661	0.059742	0.189415	0.059742
512	9450	533	2493	14184	0.054108	0.181850	0.054108
512	9450	534	2141	30757	0.117329	0.291115	0.117329
512	9450	535	2463	21265	0.081120	0.203938	0.081120
512	9450	536	2366	8223	0.031368	0.125683	0.031368
512	9450	537	2218	8327	0.031765	0.115921	0.031765
512	9450	538	2297	22015	0.083981	0.229462	0.083981
512	9450	539	2256	21690	0.082741	0.258343	0.082741
512	9450	540	2659	12103	0.046169	0.145901	0.046169
512	9450	541	2089	38056	0.145172	0.263981	0.145172
512	9450	542	2311	31426	0.119881	0.206745	0.119881
512	9450	543	2344	22957	0.087574	0.188232	0.087574
512	9450	544	2295	31804	0.121323	0.244781	0.121323
512	9450	545	2459	26287	0.100277	0.211735	0.100277
512	9450	546	2324	29692	0.113266	0.299042	0.113266
512	9450	547	2894	6623	0.025265	0.121906	0.025265
512	9450	548	2461	17171	0.065502	0.162060	0.065502
512	9450	549	2642	16331	0.062298	0.185436	0.062298
512	9450	550	2464	16265	0.062046	0.205723	0.062046
512	9450	551	2634	13112	0.050018	0.208633	0.050018
512	9450	552	2275	22465	0.085697	0.192329	0.085697
512	9450	553	2720	12614	0.048119	0.211861	0.048119
512	9450	554	2262	20515	0.078259	0.179710	0.078259
512	9450	555	2338	37553	0.143253	0.268642	0.143253
512	9450	556	2424	5371	0.020489	0.132164	0.020489
512	9450	557	2617	17794	0.067879	0.208046	0.067879
512	9450	558	2612	7596	0.028976	0.104469	0.028976
512	9450	559	2556	12729	0.048557	0.181419	0.048557
512	9450	560	2517	8346	0.031837	0.142323	0.031837
512	9450	561	2301	31852	0.121506	0.307720	0.121506
512	9450	562	2484	15243	0.058147	0.235092	0.058147
512	9450	563	2255	14978	0.057137	0.142006	0.057137
512	9450	564	2108	12162	0.046394	0.099838	0.046394
512	9450	565	2007	39268	0.149796	0.238167	0.149796
512	9450	566	2448	24802	0.094612	0.229534	0.094612
512	9450	567	2393	17646	0.067314	0.194130	0.067314
512	9450	568	2183	13551	0.051693	0.161228	0.051693
512	9450	569	2291	50277	0.191792	0.272774	0.191792
512	9450	570	2255	20694	0.078941	0.263546	0.078941
512	9450	571	2655	18890	0.072060	0.181976	0.072060
512	9450	572	2222	8837	0.033710	0.138458	0.033710
512	9450	573	2581	14146	0.053963	0.202553	0.053963
512	9450	574	2313	18735	0.071468	0.175022	0.071468
512	9450	575	2744	9140	0.034866	0.145760	0.034866
512	9450	576	2599	20208	0.077087	0.162838	0.077087
512	9450	577	2432	12460	0.047531	0.208271	0.047531
512	9450	578	2534	19063	0.072720	0.198273	0.072720
512	9450	579	2392	14543	0.055477	0.208660	0.055477
512	9450	580	2020	10147	0.038708	0.113956	0.038708
512	9450	581	2471	34794	0.132729	0.273785	0.132729
512	9450	582	2662	13810	0.052681	0.215511	0.052681
512	9450	583	2476	5120	0.019531	0.115147	0.019531
512	9450	584	2403	16119	0.061489	0.143116	0.061489
512	9450	585	2181	25735	0.098171	0.180389	0.098171
512	9450	586	2259	24830	0.094719	0.205112	0.094719
512	9450	587	2594	10685	0.040760	0.190960	0.040760
512	9450	588	2717	19615	0.074825	0.209999	0.074825
512	9450	589	1689	47935	0.182858	0.223267	0.182858
512	9450	590	2359	65826	0.251106	0.331501	0.251106
512	9450	591	2854	18712	0.071381	0.204784	0.071381
512	9450	592	2686	19351	0.073818	0.253162	0.073818
512	9450	593	2492	30648	0.116913	0.242378	0.116913
512	9450	594	2321	17798	0.067894	0.176849	0.067894
512	9450	595	2093	30961	0.118107	0.268013	0.118107
512	9450	596	2272	24306	0.092720	0.204002	0.092720
512	9450	597	1976	16066	0.061287	0.185970	0.061287
512	9450	598	2516	11897	0.045383	0.149250	0.045383
512	9450	599	2404	7814	0.029808	0.152534	0.029808
512	9450	600	2438	26447	0.100887	0.223301	0.100887
512	9450	601	2853	21608	0.082428	0.214539	0.082428
512	9450	602	2447	19052	0.072678	0.207417	0.072678
512	9450	603	2326	15946	0.060829	0.137566	0.060829
512	9450	604	2089	40103	0.152981	0.362995	0.152981
512	9450	605	2363	9385	0.035801	0.140438	0.035801
512	9450	606	2729	7295	0.027828	0.123493	0.027828
512	9450	607	2542	28363	0.108196	0.265694	0.108196
512	9450	608	2554	15028	0.057327	0.172428	0.057327
512	9450	609	2413	25147	0.095928	0.238098	0.095928
512	9450	610	1977	18235	0.069561	0.139297	0.069561
512	9450	611	2626	33839	0.129086	0.249924	0.129086
512	9450	612	2873	13784	0.052582	0.202465	0.052582
512	9450	613	2410	34273	0.130741	0.228378	0.130741
512	9450	614	2189	8884	0.033890	0.108322	0.033890
512	9450	615	2475	13606	0.051903	0.191509	0.051903
512	9450	616	2429	34062	0.129936	0.248779	0.129936
512	9450	617	2160	29834	0.113808	0.246185	0.113808
512	9450	618	2129	29595	0.112896	0.194630	0.112896
512	9450	619	2293	46096	0.175842	0.299229	0.175842
512	9450	620	2201	27113	0.103428	0.201599	0.103428
512	9450	621	2496	37859	0.144421	0.240162	0.144421
512	9450	622	2386	6931	0.026440	0.136547	0.026440
512	9450	623	2037	42506	0.162148	0.243443	0.162148
512	9450	624	2627	24924	0.095078	0.232830	0.095078
512	9450	625	2798	13775	0.052547	0.183830	0.052547
512	9450	626	2087	41458	0.158150	0.232109	0.158150
512	9450	627	2191	35216	0.134338	0.212917	0.134338
512	9450	628	2264	16110	0.061455	0.183895	0.061455
512	9450	629	2387	10975	0.041866	0.125660	0.041866
512	9450	630	2125	16124	0.061508	0.247082	0.061508
512	9450	631	2965	7260	0.027695	0.166710	0.027695
512	9450	632	2399	6725	0.025654	0.141476	0.025654
512	9450	633	2654	17878	0.068199	0.239090	0.068199
512	9450	634	2319	9875	0.037670	0.162601	0.037670
512	9450	635	2101	51105	0.194950	0.294151	0.062675
512	9450	636	2135	53175	0.202847	0.271484	0.202847
512	9450	637	2381	10554	0.040260	0.135124	0.040260
512	9450	638	2533	11451	0.043682	0.175686	0.043682
512	9450	639	2776	10598	0.040428	0.183514	0.040428
512	9450	640	2442	7783	0.029690	0.093098	0.029690
512	9450	641	2319	8059	0.030743	0.134892	0.030743
512	9450	642	2282	14138	0.053932	0.166786	0.053932
512	9450	643	2402	19421	0.074085	0.239536	0.074085
512	9450	644	2392	47472	0.181091	0.257950	0.181091
512	9450	645	2785	8350	0.031853	0.113995	0.031853
512	9450	646	2255	38393	0.146458	0.237949	0.146458
512	9450	647	2130	11052	0.042160	0.156418	0.042160
512	9450	648	2354	18943	0.072262	0.220161	0.072262
512	9450	649	2434	43579	0.166241	0.375076	0.166241
512	9450	650	2280	29274	0.111671	0.275143	0.111671
512	9450	651	2336	11684	0.044571	0.182438	0.044571
512	9450	652	2145	16046	0.061211	0.174217	0.061211
512	9450	653	2449	16319	0.062252	0.234486	0.062252
512	9450	654	2500	26881	0.102543	0.330177	0.102543
512	9450	655	2731	20013	0.076344	0.241634	0.076344
512	9450	656	2018	35041	0.133671	0.231266	0.133671
512	9450	657	2262	43287	0.165127	0.280853	0.165127
512	9450	658	2363	7583	0.028927	0.132408	0.028927
512	9450	659	2242	26499	0.101086	0.193611	0.101086
512	9450	660	2980	12071	0.046047	0.193584	0.046047
512	9450	661	2444	9125	0.034809	0.135014	0.034809
512	9450	662	2928	21472	0.081909	0.199818	0.081909
512	9450	663	2588	11093	0.042316	0.167648	0.042316
512	9450	664	2448	20273	0.077335	0.246365	0.077335
512	9450	665	2393	7009	0.026737	0.090633	0.026737
512	9450	666	2578	7618	0.029060	0.166431	0.029060
512	9450	667	2113	17400	0.066376	0.132530	0.066376
512	9450	668	2184	10808	0.041229	0.142570	0.041229
512	9450	669	2157	8321	0.031742	0.122646	0.031742
512	9450	670	2619	22166	0.084557	0.239704	0.084557
512	9450	671	2194	12079	0.046078	0.146954	0.046078
512	9450	672	2409	17689	0.067478	0.193577	0.067478
512	9450	673	2411	50825	0.193882	0.317318	0.193882
512	9450	674	1914	14108	0.053818	0.128628	0.053818
512	9450	675	2431	12688	0.048401	0.166965	0.048401
512	9450	676	1953	26069	0.099445	0.263664	0.099445
512	9450	677	2316	12874	0.049110	0.150505	0.049110
512	9450	678	2848	13123	0.050060	0.204319	0.050060
512	9450	679	2132	3131	0.011944	0.071030	0.011944
512	9450	680	2220	14462	0.055168	0.152298	0.055168
512	9450	681	2349	21618	0.082466	0.270042	0.082466
512	9450	682	2127	24966	0.095238	0.219524	0.095238
512	9450	683	2422	30842	0.117653	0.276394	0.117653
512	9450	684	2557	17124	0.065323	0.214001	0.065323
512	9450	685	1932	18680	0.071259	0.219372	0.071259
512	9450	686	2581	17660	0.067368	0.197758	0.067368
512	9450	687	2571	11541	0.044025	0.178249	0.044025
512	9450	688	2307	29306	0.111794	0.201645	0.111794
512	9450	689	2849	9897	0.037754	0.197941	0.037754
512	9450	690	2345	10780	0.041122	0.215683	0.041122
512	9450	691	2057	25947	0.098980	0.225601	0.098980
512	9450	692	2123	56014	0.213676	0.300991	0.213676
512	9450	693	2135	22578	0.086128	0.161385	0.086128
512	9450	694	2639	20064	0.076538	0.204777	0.076538
512	9450	695	2481	25777	0.098331	0.219269	0.098331
512	9450	696	2379	22371	0.085339	0.154873	0.085339
512	9450	697	2609	8186	0.031227	0.162186	0.031227
512	9450	698	2789	11222	0.042809	0.159378	0.042809
512	9450	699	2716	25739	0.098186	0.226849	0.098186
512	9450	700	2054	16508	0.062973	0.136795	0.062973
512	9450	701	2120	4747	0.018108	0.096970	0.018108
512	9450	702	2300	11064	0.042206	0.201088	0.042206
512	9450	703	2721	20147	0.076855	0.215210	0.076855
512	9450	704	2765	24987	0.095318	0.262726	0.095318
512	9450	705	2137	29834	0.113808	0.266602	0.113808
512	9450	706	2072	13186	0.050301	0.134365	0.050301
512	9450	707	2462	6350	0.024223	0.127636	0.024223
512	9450	708	2302	35655	0.136013	0.268936	0.136013
512	9450	709	2322	21417	0.081699	0.302387	0.081699
512	9450	710	2423	24136	0.092072	0.262680	0.092072
512	9450	711	1774	7221	0.027546	0.122948	0.027546
512	9450	712	2357	14843	0.056622	0.205849	0.056622
512	9450	713	2466	9394	0.035835	0.112019	0.035835
512	9450	714	2422	23737	0.090549	0.264675	0.090549
512	9450	715	2432	39936	0.152344	0.250126	0.152344
512	9450	716	1847	17673	0.067417	0.234562	0.067417
512	9450	717	3194	8816	0.033630	0.182991	0.033630
512	9450	718	2114	51971	0.198254	0.273579	0.198254
512	9450	719	2846	18389	0.070148	0.219711	0.070148
512	9450	720	2197	11066	0.042213	0.157429	0.042213
512	9450	721	2173	13537	0.051640	0.172737	0.051640
512	9450	722	2490	27540	0.105057	0.309692	0.105057
512	9450	723	2055	9803	0.037395	0.156197	0.037395
512	9450	724	2399	28975	0.110531	0.240143	0.110531
512	9450	725	2380	48095	0.183468	0.336098	0.183468
512	9450	726	2111	9812	0.037430	0.157173	0.037430
512	9450	727	2266	39138	0.149300	0.251316	0.149300
512	9450	728	2397	11954	0.045601	0.165726	0.045601
512	9450	729	2503	20797	0.079334	0.181431	0.079334
512	9450	730	2504	8327	0.031765	0.159298	0.031765
512	9450	731	2186	22326	0.085167	0.191238	0.085167
512	9450	732	2386	27657	0.105503	0.154694	0.105503
512	9450	733	2198	15991	0.061001	0.196045	0.061001
512	9450	734	2330	51205	0.195332	0.255760	0.195332
512	9450	735	2403	10644	0.040604	0.204380	0.040604
512	9450	736	2352	12729	0.048557	0.221317	0.048557
512	9450	737	2896	16963	0.064709	0.222321	0.064709
512	9450	738	2137	48950	0.186729	0.238029	0.186729
512	9450	739	2376	9603	0.036633	0.151691	0.036633
512	9450	740	2354	14370	0.054817	0.182114	0.054817
512	9450	741	2424	21428	0.081741	0.218628	0.081741
512	9450	742	2630	19543	0.074551	0.161476	0.074551
512	9450	743	2253	5199	0.019833	0.093948	0.019833
512	9450	744	2126	15598	0.059502	0.209282	0.059502
512	9450	745	2068	47916	0.182785	0.283981	0.182785
512	9450	746	2426	31375	0.119686	0.231522	0.119686
512	9450	747	1899	14686	0.056023	0.156715	0.056023
512	9450	748	2673	13586	0.051826	0.247944	0.051826
512	9450	749	2437	22927	0.087460	0.249687	0.087460
512	9450	750	2752	38764	0.147873	0.249863	0.147873
512	9450	751	2614	22399	0.085445	0.297497	0.085445
512	9450	752	2401	35386	0.134987	0.271519	0.134987
512	9450	753	2192	23930	0.091286	0.194981	0.091286
512	9450	754	2349	11564	0.044113	0.198624	0.044113
512	9450	755	2195	19786	0.075478	0.175537	0.075478
512	9450	756	2621	12623	0.048153	0.193710	0.048153
512	9450	757	2443	13382	0.051048	0.142284	0.051048
512	9450	758	2273	57816	0.220551	0.325447	0.220551
512	9450	759	2415	21202	0.080879	0.171822	0.080879
512	9450	760	2609	9588	0.036575	0.228283	0.036575
512	9450	761	2800	11451	0.043682	0.188618	0.043682
512	9450	762	2688	17202	0.065620	0.184521	0.065620
512	9450	763	2189	27921	0.106510	0.206436	0.106510
512	9450	764	2707	11873	0.045292	0.144325	0.045292
512	9450	765	2237	18902	0.072105	0.176704	0.072105
512	9450	766	2563	23259	0.088726	0.280964	0.088726
512	9450	767	2188	23716	0.090469	0.217918	0.090469
512	9450	768	2366	13528	0.051605	0.176811	0.051605
512	9450	769	2262	29105	0.111027	0.253410	0.111027
512	9450	770	2415	13323	0.050823	0.182007	0.050823
512	9450	771	2710	22715	0.086651	0.233852	0.086651
512	9450	772	2366	11130	0.042458	0.166817	0.042458
512	9450	773	2436	9506	0.036263	0.126877	0.036263
512	9450	774	2658	12367	0.047176	0.190193	0.047176
512	9450	775	2385	20355	0.077648	0.231148	0.077648
512	9450	776	2507	12333	0.047047	0.235340	0.047047
512	9450	777	2477	17850	0.068092	0.237946	0.068092
512	9450	778	2187	45409	0.173222	0.340660	0.173222
512	9450	779	2504	14910	0.056877	0.208942	0.056877
512	9450	780	2336	17739	0.067669	0.194183	0.067669
512	9450	781	2253	13965	0.053272	0.188816	0.053272
512	9450	782	2884	7212	0.027512	0.165020	0.027512
512	9450	783	1946	18490	0.070534	0.166000	0.070534
512	9450	784	2377	17937	0.068424	0.182384	0.068424
512	9450	785	2484	9968	0.038025	0.193928	0.038025
512	9450	786	2160	9496	0.036224	0.150913	0.036224
512	9450	787	2300	15213	0.058033	0.213352	0.058033
512	9450	788	2325	16062	0.061272	0.193287	0.061272
512	9450	789	2773	18396	0.070175	0.210423	0.070175
512	9450	790	2308	29936	0.114197	0.304798	0.114197
512	9450	791	2605	16940	0.064621	0.175098	0.064621
512	9450	792	2339	8556	0.032639	0.116692	0.032639
512	9450	793	2323	13285	0.050678	0.172409	0.050678
512	9450	794	1652	23223	0.088589	0.169716	0.088589
512	9450	795	2543	33284	0.126968	0.213913	0.126968
512	9450	796	2394	11928	0.045502	0.193527	0.045502
512	9450	797	2435	26396	0.100693	0.203896	0.100693
512	9450	798	2363	20659	0.078808	0.247284	0.078808
512	9450	799	2965	10286	0.039238	0.177521	0.039238
512	9450	800	2465	8925	0.034046	0.164993	0.034046
512	9450	801	2399	16176	0.061707	0.167461	0.061707
512	9450	802	2202	15556	0.059341	0.174366	0.059341
512	9450	803	2537	17608	0.067169	0.204872	0.067169
512	9450	804	2284	7749	0.029560	0.115547	0.029560
512	9450	805	2181	9373	0.035755	0.155708	0.035755
512	9450	806	2298	23544	0.089813	0.227684	0.089813
512	9450	807	2504	19881	0.075840	0.216911	0.075840
512	9450	808	2957	39256	0.149750	0.334133	0.149750
512	9450	809	2372	12663	0.048306	0.229004	0.048306
512	9450	810	2320	11983	0.045712	0.179005	0.045712
512	9450	811	2540	14159	0.054012	0.232235	0.054012
512	9450	812	2789	9516	0.036301	0.167557	0.036301
512	9450	813	2303	26446	0.100883	0.316875	0.100883
512	9450	814	2539	13748	0.052444	0.195812	0.052444
512	9450	815	2250	28623	0.109188	0.250080	0.109188
512	9450	816	2195	7092	0.027054	0.157539	0.027054
512	9450	817	1986	31735	0.121059	0.180775	0.121059
512	9450	818	2298	37293	0.142262	0.334484	0.142262
512	9450	819	2689	22350	0.085258	0.199940	0.085258
512	9450	820	1860	14519	0.055386	0.191330	0.055386
512	9450	821	2389	8881	0.033878	0.144714	0.033878
512	9450	822	2296	25793	0.098392	0.211426	0.098392
512	9450	823	2483	17834	0.068031	0.269993	0.068031
512	9450	824	2221	12780	0.048752	0.182804	0.048752
512	9450	825	2371	38718	0.147697	0.302181	0.147697
512	9450	826	2407	18023	0.068752	0.209587	0.068752
512	9450	827	2396	19204	0.073257	0.207314	0.073257
512	9450	828	2405	21597	0.082386	0.205292	0.082386
512	9450	829	2436	17117	0.065296	0.180111	0.065296
512	9450	830	1915	11759	0.044857	0.155575	0.044857
512	9450	831	2230	18398	0.070183	0.164825	0.070183
512	9450	832	2643	11923	0.045483	0.209717	0.045483
512	9450	833	2171	41938	0.159981	0.247318	0.159981
512	9450	834	2459	14238	0.054314	0.191681	0.054314
512	9450	835	2492	32818	0.125191	0.255306	0.125191
512	9450	836	2258	11496	0.043854	0.124340	0.043854
512	9450	837	2256	6588	0.025131	0.110806	0.025131
512	9450	838	2162	19492	0.074356	0.218437	0.074356
512	9450	839	2443	11132	0.042465	0.124607	0.042465
512	9450	840	2325	30072	0.114716	0.263950	0.114716
512	9450	841	2565	15897	0.060642	0.185467	0.060642
512	9450	842	2318	29750	0.113487	0.253365	0.113487
512	9450	843	2403	14024	0.053497	0.188240	0.053497
512	9450	844	2350	18099	0.069042	0.164070	0.069042
512	9450	845	2311	27264	0.104004	0.172764	0.104004
512	9450	846	2024	40171	0.153240	0.250931	0.153240
512	9450	847	2101	13650	0.052071	0.175579	0.052071
512	9450	848	2717	21964	0.083786	0.275673	0.083786
512	9450	849	2260	30865	0.117741	0.236862	0.117741
512	9450	850	2404	38972	0.148666	0.200691	0.148666
512	9450	851	2125	64547	0.246227	0.302288	0.013962
512	9450	852	2176	34235	0.130596	0.291634	0.130596
512	9450	853	2667	21084	0.080429	0.163670	0.080429
512	9450	854	2464	11057	0.042179	0.180622	0.042179
512	9450	855	2674	20964	0.079971	0.205574	0.079971
512	9450	856	2588	11126	0.042442	0.188492	0.042442
512	9450	857	2373	23262	0.088737	0.212208	0.088737
512	9450	858	2494	7094	0.027061	0.173935	0.027061
512	9450	859	2092	28237	0.107716	0.212494	0.107716
512	9450	860	2027	25423	0.096981	0.265533	0.096981
512	9450	861	2425	20596	0.078568	0.222431	0.078568
512	9450	862	2181	23316	0.088943	0.236675	0.088943
512	9450	863	2658	8112	0.030945	0.141907	0.030945
512	9450	864	1916	25793	0.098392	0.251297	0.098392
512	9450	865	2159	9185	0.035038	0.159679	0.035038
512	9450	866	2516	13099	0.049969	0.204979	0.049969
512	9450	867	2200	9295	0.035458	0.149967	0.035458
512	9450	868	2249	29998	0.114433	0.282162	0.114433
512	9450	869	2269	15710	0.059929	0.202068	0.059929
512	9450	870	2375	8579	0.032726	0.180584	0.032726
512	9450	871	2130	10473	0.039951	0.147415	0.039951
512	9450	872	3223	24663	0.094082	0.212494	0.094082
512	9450	873	2483	30912	0.117920	0.255478	0.117920
512	9450	874	2122	45806	0.174736	0.263851	0.174736
512	9450	875	2720	26626	0.101570	0.307465	0.101570
512	9450	876	2254	17654	0.067345	0.207020	0.067345
512	9450	877	2462	22081	0.084232	0.173714	0.084232
512	9450	878	1972	20616	0.078644	0.201477	0.078644
512	9450	879	2517	16032	0.061157	0.221287	0.061157
512	9450	880	2514	19219	0.073315	0.264786	0.073315
512	9450	881	2250	26271	0.100216	0.226952	0.100216
512	9450	882	1584	43121	0.164494	0.195873	0.164494
512	9450	883	2201	8376	0.031952	0.111595	0.031952
512	9450	884	2516	15640	0.059662	0.178429	0.059662
512	9450	885	2452	17777	0.067814	0.189362	0.067814
512	9450	886	2570	17987	0.068615	0.274738	0.068615
512	9450	887	2493	8802	0.033577	0.133747	0.033577
512	9450	888	2813	9107	0.034740	0.175663	0.034740
512	9450	889	2548	9309	0.035511	0.190823	0.035511
512	9450	890	2396	26676	0.101761	0.236652	0.101761
512	9450	891	2653	14655	0.055904	0.194389	0.055904
512	9450	892	2452	7883	0.030071	0.117138	0.030071
512	9450	893	2598	39107	0.149181	0.266441	0.149181
512	9450	894	2409	41204	0.157181	0.248886	0.157181
512	9450	895	2782	25758	0.098259	0.303787	0.098259
512	9450	896	2002	21727	0.082882	0.124622	0.082882
512	9450	897	2137	36585	0.139561	0.196926	0.139561
512	9450	898	2074	17691	0.067486	0.160049	0.067486
512	9450	899	2070	37228	0.142014	0.319336	0.142014
512	9450	900	2593	21973	0.083820	0.176689	0.083820
512	9450	901	2377	24557	0.093678	0.163155	0.093678
512	9450	902	2049	31687	0.120876	0.276558	0.120876
512	9450	903	2080	44069	0.168110	0.284760	0.168110
512	9450	904	2191	16735	0.063839	0.183315	0.063839
512	9450	905	2531	13046	0.049767	0.189926	0.049767
512	9450	906	2086	16963	0.064709	0.162579	0.064709
512	9450	907	2410	23300	0.088882	0.202679	0.088882
512	9450	908	2070	35185	0.134220	0.290291	0.134220
512	9450	909	2483	8038	0.030663	0.178242	0.030663
512	9450	910	2757	14197	0.054157	0.243614	0.054157
512	9450	911	2250	16874	0.064369	0.159531	0.064369
512	9450	912	2475	24925	0.095081	0.226540	0.095081
512	9450	913	2436	22689	0.086552	0.165340	0.086552
512	9450	914	2547	17646	0.067314	0.213867	0.067314
512	9450	915	2414	8622	0.032890	0.118828	0.032890
512	9450	916	2492	10896	0.041565	0.156837	0.041565
512	9450	917	2189	32344	0.123383	0.267181	0.123383
512	9450	918	2329	26204	0.099960	0.261681	0.099960
512	9450	919	2462	39498	0.150673	0.208553	0.150673
512	9450	920	2542	18711	0.071377	0.148743	0.071377
512	9450	921	1973	11585	0.044193	0.181503	0.044193
512	9450	922	2409	24817	0.094669	0.211140	0.094669
512	9450	923	2511	12618	0.048134	0.188309	0.048134
512	9450	924	2265	14946	0.057014	0.174793	0.057014
512	9450	925	2254	55046	0.209984	0.361774	0.209984
512	9450	926	2260	18168	0.069305	0.241821	0.069305
512	9450	927	2160	10681	0.040745	0.121101	0.040745
512	9450	928	1857	26333	0.100452	0.260326	0.100452
512	9450	929	2322	16099	0.061413	0.198265	0.061413
512	9450	930	2471	20513	0.078251	0.264210	0.078251
512	9450	931	2693	13823	0.052731	0.229832	0.052731
512	9450	932	2386	9048	0.034515	0.153152	0.034515
512	9450	933	2367	13817	0.052708	0.163010	0.052708
512	9450	934	1931	41128	0.156891	0.274338	0.156891
512	9450	935	2575	13480	0.051422	0.194073	0.051422
512	9450	936	2516	9125	0.034809	0.179012	0.034809
512	9450	937	2228	18977	0.072392	0.196697	0.072392
512	9450	938	2367	18790	0.071678	0.231556	0.071678
512	9450	939	2626	26834	0.102364	0.253803	0.102364
512	9450	940	2381	11253	0.042927	0.196815	0.042927
512	9450	941	2480	41648	0.158875	0.266972	0.158875
512	9450	942	2761	1954	0.007454	0.065678	0.007454
512	9450	943	2062	29998	0.114433	0.219952	0.114433
512	9450	944	2295	26707	0.101879	0.223549	0.101879
512	9450	945	2429	6264	0.023895	0.128700	0.023895
512	9450	946	2459	12115	0.046215	0.165535	0.046215
512	9450	947	2777	11862	0.045250	0.226585	0.045250
512	9450	948	2231	17233	0.065739	0.232586	0.065739
512	9450	949	2803	13703	0.052273	0.177010	0.052273
512	9450	950	2653	10616	0.040497	0.213467	0.040497
512	9450	951	2235	6406	0.024437	0.080555	0.024437
512	9450	952	2260	25478	0.097191	0.224613	0.097191
512	9450	953	2445	15452	0.058945	0.129086	0.058945
512	9450	954	2543	24132	0.092056	0.289013	0.092056
512	9450	955	2151	24106	0.091957	0.276318	0.091957
512	9450	956	2723	11585	0.044193	0.225433	0.044193
512	9450	957	2253	41250	0.157356	0.265556	0.157356
512	9450	958	3002	22368	0.085327	0.172035	0.085327
512	9450	959	2142	9221	0.035175	0.132187	0.035175
512	9450	960	2098	31309	0.119434	0.281376	0.119434
512	9450	961	2200	13552	0.051697	0.149681	0.051697
512	9450	962	2703	8054	0.030724	0.136566	0.030724
512	9450	963	2215	21692	0.082748	0.192936	0.082748
512	9450	964	2039	38646	0.147423	0.263786	0.147423
512	9450	965	2745	19021	0.072559	0.238361	0.072559
512	9450	966	2409	37013	0.141193	0.312271	0.141193
512	9450	967	2693	18751	0.071529	0.239971	0.071529
512	9450	968	2332	12109	0.046192	0.203960	0.046192
512	9450	969	2277	24959	0.095211	0.185917	0.095211
512	9450	970	1887	41543	0.158474	0.335243	0.158474
512	9450	971	1934	11732	0.044754	0.115402	0.044754
512	9450	972	2444	14553	0.055515	0.228886	0.055515
512	9450	973	2599	21287	0.081203	0.256237	0.081203
512	9450	974	2599	18904	0.072113	0.214176	0.072113
512	9450	975	2443	18679	0.071255	0.253117	0.071255
512	9450	976	2625	15229	0.058094	0.189209	0.058094
512	9450	977	2719	8188	0.031235	0.134106	0.031235
512	9450	978	2506	20911	0.079769	0.283829	0.079769
512	9450	979	2211	14244	0.054337	0.192146	0.054337
512	9450	980	2056	30668	0.116989	0.328598	0.116989
512	9450	981	2475	37386	0.142616	0.249405	0.142616
512	9450	982	2266	29940	0.114212	0.212273	0.114212
512	9450	983	2118	26888	0.102570	0.179024	0.102570
512	9450	984	2276	28745	0.109653	0.203186	0.109653
512	9450	985	2412	17301	0.065998	0.186581	0.065998
512	9450	986	2414	15894	0.060631	0.203156	0.060631
512	9450	987	2393	15035	0.057354	0.167751	0.057354
512	9450	988	2525	17648	0.067322	0.209301	0.067322
512	9450	989	2965	21508	0.082047	0.219189	0.082047
512	9450	990	2413	45457	0.173405	0.256557	0.173405
512	9450	991	2532	35185	0.134220	0.251789	0.134220
512	9450	992	2847	22918	0.087425	0.187416	0.087425
512	9450	993	2416	24925	0.095081	0.261063	0.095081
512	9450	994	2574	12033	0.045902	0.190697	0.045902
512	9450	995	2458	35881	0.136875	0.277779	0.136875
512	9450	996	2428	38927	0.148495	0.261978	0.148495
512	9450	997	2664	10798	0.041191	0.158955	0.041191
512	9450	998	2057	15295	0.058346	0.194744	0.058346
512	9450	999	2153	23880	0.091095	0.197254	0.091095
512	9450	1000	2735	18707	0.071362	0.265736	0.071362
