256	9580	1001	0.015000	110	55719	0.850204	0.857162	0.000748	4.078775
256	9580	1002	0.015000	300	43951	0.670639	0.691650	0.000732	3.723984
256	9580	1003	0.015000	191	50575	0.771713	0.784668	0.001266	4.994234
256	9580	1004	0.015000	8	63929	0.975479	0.975861	0.000183	1.559024
256	9580	1005	0.015000	1	64548	0.984924	0.984924	0.000000	0.000000
256	9580	1006	0.015000	24	62799	0.958237	0.959671	0.000397	2.594087
256	9580	1007	0.015000	74	60547	0.923874	0.927963	0.000626	4.006093
256	9580	1008	0.015000	12	63272	0.965454	0.965744	0.000076	0.894427
256	9580	1009	0.015000	103	55137	0.841324	0.848145	0.000732	3.973764
256	9580	1010	0.015000	9	63517	0.969193	0.969421	0.000076	1.131371
256	9580	1011	0.015000	103	56160	0.856934	0.862030	0.000366	2.512123
256	9580	1012	0.015000	196	50013	0.763138	0.776108	0.000504	3.026361
256	9580	1013	0.015000	60	59021	0.900589	0.903076	0.000443	2.725229
256	9580	1014	0.015000	41	61670	0.941010	0.943375	0.000412	3.161410
256	9580	1015	0.015000	60	60224	0.918945	0.922333	0.000381	2.934485
256	9580	1016	0.015000	66	58271	0.889145	0.893005	0.000565	3.294638
256	9580	1017	0.015000	340	28787	0.439255	0.463287	0.000946	4.236658
256	9580	1018	0.015000	1	64533	0.984695	0.984695	0.000000	0.000000
256	9580	1019	0.015000	110	56981	0.869461	0.875565	0.000397	2.926365
256	9580	1020	0.015000	142	51050	0.778961	0.789642	0.000992	4.130418
256	9580	1021	0.015000	246	48838	0.745209	0.762192	0.000732	3.562317
256	9580	1022	0.015000	1	64539	0.984787	0.984787	0.000000	0.000000
256	9580	1023	0.015000	3	63933	0.975540	0.975571	0.000015	0.000000
256	9580	1024	0.015000	127	53457	0.815689	0.822220	0.000427	2.809877
256	9580	1025	0.015000	37	61370	0.936432	0.938416	0.000305	2.578759
256	9580	1026	0.015000	247	43593	0.665176	0.679947	0.000534	3.252377
256	9580	1027	0.015000	140	53038	0.809296	0.819244	0.000397	2.533795
256	9580	1028	0.015000	150	54401	0.830093	0.839127	0.000916	3.782048
256	9580	1029	0.015000	1	64542	0.984833	0.984833	0.000000	0.000000
256	9580	1030	0.015000	245	46739	0.713181	0.730164	0.001007	4.972560
256	9580	1031	0.015000	263	41230	0.629120	0.644897	0.000519	3.035117
256	9580	1032	0.015000	310	43734	0.667328	0.688873	0.001053	5.033014
256	9580	1033	0.015000	225	47596	0.726257	0.740311	0.000870	4.677010
256	9580	1034	0.015000	1	64506	0.984283	0.984283	0.000000	0.000000
256	9580	1035	0.015000	1	64246	0.980316	0.980316	0.000000	0.000000
256	9580	1036	0.015000	243	50823	0.775497	0.789444	0.000519	3.312057
256	9580	1037	0.015000	187	53775	0.820541	0.833252	0.000671	4.252612
256	9580	1038	0.015000	1	64546	0.984894	0.984894	0.000000	0.000000
256	9580	1039	0.015000	33	61934	0.945038	0.946396	0.000214	1.901932
256	9580	1040	0.015000	78	57867	0.882980	0.885864	0.000305	2.120731
256	9580	1041	0.015000	13	62597	0.955154	0.955582	0.000092	1.245400
256	9580	1042	0.015000	109	57735	0.880966	0.889816	0.000793	3.828179
256	9580	1043	0.015000	26	62631	0.955673	0.957031	0.000275	2.220138
256	9580	1044	0.015000	130	56342	0.859711	0.869659	0.000854	4.560814
256	9580	1045	0.015000	256	45204	0.689758	0.706772	0.000748	4.358947
256	9580	1046	0.015000	36	60777	0.927383	0.928757	0.000137	1.728483
256	9580	1047	0.015000	205	44793	0.683487	0.697144	0.000671	3.131666
256	9580	1048	0.015000	49	61488	0.938232	0.940369	0.000214	1.784285
256	9580	1049	0.015000	218	52567	0.802109	0.816345	0.000488	2.986951
256	9580	1050	0.015000	1	64545	0.984879	0.984879	0.000000	0.000000
256	9580	1051	0.015000	108	56732	0.865662	0.872299	0.000656	3.393437
256	9580	1052	0.015000	249	44475	0.678635	0.693893	0.000610	3.425456
256	9580	1053	0.015000	284	42581	0.649734	0.671585	0.001083	5.682745
256	9580	1054	0.015000	27	61880	0.944214	0.946136	0.000427	2.859597
256	9580	1055	0.015000	29	61340	0.935974	0.938339	0.000565	3.106110
256	9580	1056	0.015000	1	64543	0.984848	0.984848	0.000000	0.000000
256	9580	1057	0.015000	105	55008	0.839355	0.846771	0.000900	3.939648
256	9580	1058	0.015000	165	52306	0.798126	0.809464	0.000900	4.119376
256	9580	1059	0.015000	140	55228	0.842712	0.851608	0.000610	3.076930
256	9580	1060	0.015000	117	55692	0.849792	0.857483	0.000885	5.875568
256	9580	1061	0.015000	87	58888	0.898560	0.902252	0.000259	2.109461
256	9580	1062	0.015000	6	63873	0.974625	0.974716	0.000031	0.500000
256	9580	1063	0.015000	166	53455	0.815659	0.825317	0.000656	3.948834
256	9580	1064	0.015000	14	61797	0.942947	0.943161	0.000031	0.500000
256	9580	1065	0.015000	12	63240	0.964966	0.965347	0.000153	1.835756
256	9580	1066	0.015000	95	57635	0.879440	0.885437	0.000504	2.769372
256	9580	1067	0.015000	281	37365	0.570145	0.589478	0.000870	3.717891
256	9580	1068	0.015000	1	64479	0.983871	0.983871	0.000000	0.000000
256	9580	1069	0.015000	207	52067	0.794479	0.806458	0.000626	3.323344
256	9580	1070	0.015000	166	49872	0.760986	0.772064	0.000809	3.827167
256	9580	1071	0.015000	118	55639	0.848984	0.855347	0.000565	3.081555
256	9580	1072	0.015000	235	46669	0.712112	0.727463	0.000824	4.320494
256	9580	1073	0.015000	148	54159	0.826401	0.836349	0.000763	3.569930
256	9580	1074	0.015000	8	63623	0.970810	0.971466	0.000534	3.092585
256	9580	1075	0.015000	146	49764	0.759338	0.770386	0.000854	3.495761
256	9580	1076	0.015000	252	41882	0.639069	0.656540	0.000946	4.430525
256	9580	1077	0.015000	339	32110	0.489960	0.510834	0.001221	5.144020
256	9580	1078	0.015000	17	63376	0.967041	0.967728	0.000153	1.378405
256	9580	1079	0.015000	1	64259	0.980515	0.980515	0.000000	0.000000
256	9580	1080	0.015000	102	57288	0.874146	0.880310	0.000412	3.156199
256	9580	1081	0.015000	314	36072	0.550415	0.572006	0.001099	4.998592
256	9580	1082	0.015000	204	47109	0.718826	0.732666	0.000626	3.891295
256	9580	1083	0.015000	49	59140	0.902405	0.905167	0.000305	2.493492
256	9580	1084	0.015000	163	53284	0.813049	0.822647	0.000977	5.050913
256	9580	1085	0.015000	323	41613	0.634964	0.656265	0.000809	3.868247
256	9580	1086	0.015000	91	58642	0.894806	0.900757	0.000519	3.062357
256	9580	1087	0.015000	93	59637	0.909988	0.915314	0.000366	3.104376
256	9580	1088	0.015000	1	64549	0.984940	0.984940	0.000000	0.000000
256	9580	1089	0.015000	106	55285	0.843582	0.850494	0.000900	5.766300
256	9580	1090	0.015000	112	52879	0.806870	0.814194	0.000687	3.272934
256	9580	1091	0.015000	52	58732	0.896179	0.899139	0.000305	2.111871
256	9580	1092	0.015000	278	39781	0.607010	0.621735	0.000534	2.930766
256	9580	1093	0.015000	82	58278	0.889252	0.895493	0.000580	2.979268
256	9580	1094	0.015000	177	54014	0.824188	0.834610	0.000381	2.746926
256	9580	1095	0.015000	105	54749	0.835403	0.840286	0.000320	2.259773
256	9580	1096	0.015000	254	48925	0.746536	0.761108	0.000519	3.654286
256	9580	1097	0.015000	285	31896	0.486694	0.504059	0.000702	3.516233
256	9580	1098	0.015000	393	34170	0.521393	0.549423	0.000717	4.541843
256	9580	1099	0.015000	40	60876	0.928894	0.932571	0.000671	3.313976
256	9580	1100	0.015000	109	53274	0.812897	0.820908	0.000824	3.478131
256	9580	1101	0.015000	120	58046	0.885712	0.894180	0.000488	3.062978
256	9580	1102	0.015000	34	61095	0.932236	0.934692	0.000381	2.779928
256	9580	1103	0.015000	136	52505	0.801163	0.810394	0.001312	4.677209
256	9580	1104	0.015000	80	58417	0.891373	0.895279	0.000397	3.043083
256	9580	1105	0.015000	183	51266	0.782257	0.793533	0.000702	4.099022
256	9580	1106	0.015000	42	60181	0.918289	0.920151	0.000183	1.724013
256	9580	1107	0.015000	104	55613	0.848587	0.856354	0.001038	4.297113
256	9580	1108	0.015000	196	49473	0.754898	0.769928	0.000900	5.172464
256	9580	1109	0.015000	30	62111	0.947739	0.949066	0.000214	1.994891
256	9580	1110	0.015000	186	48962	0.747101	0.759109	0.000641	3.158152
256	9580	1111	0.015000	39	61973	0.945633	0.947845	0.000259	2.003457
256	9580	1112	0.015000	191	50954	0.777496	0.790833	0.000488	3.045612
256	9580	1113	0.015000	65	60935	0.929794	0.933655	0.000534	3.117299
256	9580	1114	0.015000	25	62086	0.947357	0.949524	0.000763	3.965350
256	9580	1115	0.015000	22	61820	0.943298	0.944061	0.000107	1.340119
256	9580	1116	0.015000	214	50036	0.763489	0.777145	0.000687	3.400799
256	9580	1117	0.015000	38	60922	0.929596	0.932861	0.000397	2.960789
256	9580	1118	0.015000	59	60470	0.922699	0.926895	0.000519	3.483525
256	9580	1119	0.015000	104	56332	0.859558	0.867264	0.000458	2.907653
256	9580	1120	0.015000	1	64383	0.982407	0.982407	0.000000	0.000000
256	9580	1121	0.015000	78	58721	0.896011	0.900177	0.000427	2.814639
256	9580	1122	0.015000	1	63950	0.975800	0.975800	0.000000	0.000000
256	9580	1123	0.015000	67	60190	0.918427	0.921616	0.000275	2.218052
256	9580	1124	0.015000	60	60471	0.922714	0.926575	0.000626	3.150782
256	9580	1125	0.015000	112	56800	0.866699	0.873154	0.000549	2.732266
256	9580	1126	0.015000	111	53440	0.815430	0.821167	0.000412	2.572941
256	9580	1127	0.015000	101	57450	0.876617	0.882523	0.000397	2.602153
256	9580	1128	0.015000	54	60827	0.928146	0.931946	0.000778	3.521669
256	9580	1129	0.015000	109	54903	0.837753	0.844376	0.000717	3.467628
256	9580	1130	0.015000	233	47825	0.729752	0.745255	0.000748	4.633237
256	9580	1131	0.015000	1	64540	0.984802	0.984802	0.000000	0.000000
256	9580	1132	0.015000	1	64443	0.983322	0.983322	0.000000	0.000000
256	9580	1133	0.015000	57	59725	0.911331	0.914703	0.000443	3.239178
256	9580	1134	0.015000	66	59598	0.909393	0.913254	0.000595	3.110501
256	9580	1135	0.015000	1	64518	0.984467	0.984467	0.000000	0.000000
256	9580	1136	0.015000	160	53581	0.817581	0.828751	0.000702	4.288398
256	9580	1137	0.015000	271	37605	0.573807	0.590652	0.001602	7.660364
256	9580	1138	0.015000	1	64511	0.984360	0.984360	0.000000	0.000000
256	9580	1139	0.015000	395	29354	0.447906	0.475647	0.001068	6.183536
256	9580	1140	0.015000	46	61849	0.943741	0.946136	0.000259	2.233746
256	9580	1141	0.015000	207	45825	0.699234	0.713760	0.000549	3.414182
256	9580	1142	0.015000	49	61026	0.931183	0.934052	0.000320	2.425301
256	9580	1143	0.015000	236	40366	0.615936	0.629517	0.000412	2.615245
256	9580	1144	0.015000	104	54881	0.837418	0.845200	0.001495	6.455193
256	9580	1145	0.015000	43	61284	0.935120	0.937698	0.000488	4.063461
256	9580	1146	0.015000	153	54221	0.827347	0.838074	0.000687	3.818732
256	9580	1147	0.015000	202	45944	0.701050	0.715958	0.000534	3.504167
256	9580	1148	0.015000	76	58615	0.894394	0.901001	0.001236	4.747969
256	9580	1149	0.015000	1	64505	0.984268	0.984268	0.000000	0.000000
256	9580	1150	0.015000	123	57577	0.878555	0.884018	0.000793	4.328846
256	9580	1151	0.015000	23	61760	0.942383	0.943649	0.000168	1.729663
256	9580	1152	0.015000	271	41001	0.625626	0.642441	0.000839	4.695347
256	9580	1153	0.015000	38	61679	0.941147	0.942657	0.000244	1.910088
256	9580	1154	0.015000	1	64475	0.983810	0.983810	0.000000	0.000000
256	9580	1155	0.015000	89	58862	0.898163	0.902786	0.000412	2.605787
256	9580	1156	0.015000	7	63612	0.970642	0.970886	0.000092	1.707825
256	9580	1157	0.015000	294	34860	0.531921	0.553619	0.001007	5.589903
256	9580	1158	0.015000	129	56446	0.861298	0.870438	0.001114	4.163032
256	9580	1159	0.015000	119	57103	0.871323	0.878891	0.000397	2.558777
256	9580	1160	0.015000	246	48010	0.732574	0.750076	0.000732	4.107232
256	9580	1161	0.015000	51	59430	0.906830	0.910294	0.000504	2.677663
256	9580	1162	0.015000	61	59549	0.908646	0.910934	0.000336	2.293541
256	9580	1163	0.015000	411	37233	0.568130	0.594971	0.000778	4.479266
256	9580	1164	0.015000	187	46709	0.712723	0.723114	0.000595	4.654252
256	9580	1165	0.015000	4	63638	0.971039	0.971161	0.000092	1.301708
256	9580	1166	0.015000	1	64549	0.984940	0.984940	0.000000	0.000000
256	9580	1167	0.015000	87	55249	0.843033	0.850174	0.000732	3.546259
256	9580	1168	0.015000	173	53415	0.815048	0.825333	0.000412	2.485624
256	9580	1169	0.015000	1	63895	0.974960	0.974960	0.000000	0.000000
256	9580	1170	0.015000	160	50706	0.773712	0.783081	0.000732	4.516703
256	9580	1171	0.015000	325	47060	0.718079	0.739395	0.000427	3.323924
256	9580	1172	0.015000	305	38052	0.580627	0.599579	0.000702	3.927269
256	9580	1173	0.015000	1	64543	0.984848	0.984848	0.000000	0.000000
256	9580	1174	0.015000	23	62125	0.947952	0.949127	0.000259	2.211952
256	9580	1175	0.015000	197	46905	0.715714	0.726730	0.000320	2.369496
256	9580	1176	0.015000	264	45608	0.695923	0.715424	0.000732	3.646726
256	9580	1177	0.015000	84	58257	0.888931	0.894440	0.000549	3.627527
256	9580	1178	0.015000	94	53740	0.820007	0.827042	0.000748	3.651662
256	9580	1179	0.015000	174	50374	0.768646	0.780182	0.000565	3.256953
256	9580	1180	0.015000	58	59204	0.903381	0.907120	0.000870	3.931469
256	9580	1181	0.015000	111	51190	0.781097	0.787460	0.000366	3.649581
256	9580	1182	0.015000	330	43645	0.665970	0.690994	0.001602	4.630035
256	9580	1183	0.015000	1	64365	0.982132	0.982132	0.000000	0.000000
256	9580	1184	0.015000	217	45746	0.698029	0.714050	0.001633	6.058238
256	9580	1185	0.015000	413	37807	0.576889	0.603180	0.000992	4.744502
256	9580	1186	0.015000	205	52488	0.800903	0.813583	0.000488	3.320156
256	9580	1187	0.015000	1	64549	0.984940	0.984940	0.000000	0.000000
256	9580	1188	0.015000	114	56741	0.865799	0.873810	0.000732	4.442827
256	9580	1189	0.015000	8	63686	0.971771	0.972198	0.000137	1.670366
256	9580	1190	0.015000	199	41240	0.629272	0.641159	0.000412	3.424674
256	9580	1191	0.015000	16	63068	0.962341	0.963135	0.000229	1.715291
256	9580	1192	0.015000	52	61941	0.945145	0.948883	0.000641	4.794649
256	9580	1193	0.015000	271	47050	0.717926	0.737091	0.000778	3.915289
256	9580	1194	0.015000	268	45163	0.689133	0.706360	0.000702	3.979561
256	9580	1195	0.015000	173	53977	0.823624	0.833038	0.000443	2.689655
256	9580	1196	0.015000	411	32848	0.501221	0.527390	0.000992	4.857106
256	9580	1197	0.015000	40	61273	0.934952	0.937057	0.000320	1.988630
256	9580	1198	0.015000	171	53642	0.818512	0.827774	0.000519	3.057975
256	9580	1199	0.015000	178	50335	0.768051	0.779129	0.000610	3.404960
256	9580	1200	0.015000	177	54731	0.835129	0.845627	0.000717	3.860750
256	9580	1201	0.015000	47	60808	0.927856	0.931747	0.000488	3.387563
256	9580	1202	0.015000	87	57815	0.882187	0.887848	0.000702	3.567934
256	9580	1203	0.015000	297	43875	0.669479	0.690323	0.000839	4.517807
256	9580	1204	0.015000	143	52491	0.800949	0.811020	0.000656	3.853454
256	9580	1205	0.015000	84	58448	0.891846	0.897095	0.000748	3.611726
256	9580	1206	0.015000	29	60854	0.928558	0.929428	0.000076	0.894427
256	9580	1207	0.015000	64	58504	0.892700	0.896347	0.000458	3.345976
256	9580	1208	0.015000	179	54064	0.824951	0.835663	0.001038	4.595465
256	9580	1209	0.015000	133	53162	0.811188	0.820770	0.000778	3.864884
256	9580	1210	0.015000	191	53398	0.814789	0.831223	0.001038	4.904230
256	9580	1211	0.015000	64	60734	0.926727	0.930069	0.000381	2.616868
256	9580	1212	0.015000	36	62343	0.951279	0.952820	0.000214	2.020305
256	9580	1213	0.015000	97	55332	0.844299	0.849609	0.000427	2.988712
256	9580	1214	0.015000	48	61348	0.936096	0.939545	0.000732	5.655243
256	9580	1215	0.015000	182	51997	0.793411	0.803452	0.000427	4.699833
256	9580	1216	0.015000	68	58895	0.898666	0.902817	0.000763	4.204807
256	9580	1217	0.015000	122	58322	0.889923	0.897339	0.000641	4.379205
256	9580	1218	0.015000	130	53046	0.809418	0.819061	0.000519	3.867731
256	9580	1219	0.015000	103	57428	0.876282	0.882690	0.001007	4.843795
256	9580	1220	0.015000	151	51492	0.785706	0.794373	0.000427	2.391257
256	9580	1221	0.015000	532	20654	0.315155	0.379578	0.315155	66.598151
256	9580	1222	0.015000	72	59400	0.906372	0.910095	0.000473	2.680333
256	9580	1223	0.015000	52	61483	0.938156	0.941864	0.000687	5.043612
256	9580	1224	0.015000	1	64549	0.984940	0.984940	0.000000	0.000000
256	9580	1225	0.015000	88	56218	0.857819	0.863495	0.000549	3.780840
256	9580	1226	0.015000	1	64549	0.984940	0.984940	0.000000	0.000000
256	9580	1227	0.015000	444	38643	0.589645	0.622406	0.002350	7.021811
256	9580	1228	0.015000	312	45265	0.690689	0.711487	0.000671	3.840707
256	9580	1229	0.015000	63	58943	0.899399	0.903000	0.000534	3.376751
256	9580	1230	0.015000	24	62188	0.948914	0.950256	0.000366	3.092048
256	9580	1231	0.015000	249	46314	0.706696	0.723465	0.000763	3.855645
256	9580	1232	0.015000	58	60342	0.920746	0.923965	0.000366	2.864716
256	9580	1233	0.015000	117	55927	0.853378	0.861023	0.000717	3.905748
256	9580	1234	0.015000	86	59320	0.905151	0.909958	0.000244	2.200852
256	9580	1235	0.015000	377	20153	0.307510	0.335419	0.307510	63.593214
256	9580	1236	0.015000	168	52788	0.805481	0.815613	0.000580	3.652969
256	9580	1237	0.015000	89	54503	0.831650	0.837708	0.000824	4.999451
256	9580	1238	0.015000	50	59142	0.902435	0.905518	0.000412	2.630412
256	9580	1239	0.015000	297	44176	0.674072	0.694687	0.000473	2.881640
256	9580	1240	0.015000	49	60005	0.915604	0.919647	0.000610	3.707004
256	9580	1241	0.015000	113	54658	0.834015	0.840454	0.000305	2.063977
256	9580	1242	0.015000	1	64549	0.984940	0.984940	0.000000	0.000000
256	9580	1243	0.015000	171	52935	0.807724	0.815796	0.000397	3.054970
256	9580	1244	0.015000	56	60302	0.920135	0.923401	0.000427	3.068105
256	9580	1245	0.015000	23	62358	0.951508	0.953201	0.000687	3.483293
256	9580	1246	0.015000	254	41325	0.630569	0.647873	0.000793	4.385417
256	9580	1247	0.015000	87	57378	0.875519	0.880463	0.000443	2.677692
256	9580	1248	0.015000	177	48306	0.737091	0.750549	0.000961	4.206619
256	9580	1249	0.015000	1	64549	0.984940	0.984940	0.000000	0.000000
256	9580	1250	0.015000	100	58419	0.891403	0.896286	0.000305	2.292924
256	9580	1251	0.015000	289	45893	0.700272	0.719254	0.000839	3.981362
256	9580	1252	0.015000	172	51117	0.779984	0.789917	0.000580	3.577496
256	9580	1253	0.015000	1	64299	0.981125	0.981125	0.000000	0.000000
256	9580	1254	0.015000	122	52628	0.803040	0.811005	0.000702	4.698469
256	9580	1255	0.015000	1	64549	0.984940	0.984940	0.000000	0.000000
256	9580	1256	0.015000	62	60399	0.921616	0.925659	0.000565	4.352778
256	9580	1257	0.015000	14	63308	0.966003	0.966568	0.000107	1.340119
256	9580	1258	0.015000	35	60880	0.928955	0.930832	0.000519	3.020260
256	9580	1259	0.015000	219	39857	0.608170	0.620102	0.000458	3.123388
256	9580	1260	0.015000	54	60830	0.928192	0.930298	0.000183	1.695582
256	9580	1261	0.015000	191	52417	0.799820	0.813339	0.000702	3.726216
256	9580	1262	0.015000	363	38950	0.594330	0.619431	0.001343	5.277305
256	9580	1263	0.015000	39	61342	0.936005	0.939178	0.000549	2.927888
256	9580	1264	0.015000	47	60982	0.930511	0.933350	0.000610	3.584254
256	9580	1265	0.015000	74	59624	0.909790	0.913528	0.000366	2.897257
256	9580	1266	0.015000	57	57440	0.876465	0.879517	0.000275	2.065292
256	9580	1267	0.015000	14	63000	0.961304	0.961777	0.000092	0.957427
256	9580	1268	0.015000	1	64519	0.984482	0.984482	0.000000	0.000000
256	9580	1269	0.015000	65	60093	0.916946	0.921219	0.000443	2.936911
256	9580	1270	0.015000	1	64547	0.984909	0.984909	0.000000	0.000000
256	9580	1271	0.015000	48	61133	0.932816	0.934723	0.000244	1.840304
256	9580	1272	0.015000	111	56033	0.854996	0.860107	0.000626	3.583125
256	9580	1273	0.015000	109	57294	0.874237	0.880844	0.000336	2.479669
256	9580	1274	0.015000	298	40002	0.610382	0.628067	0.000458	2.600214
256	9580	1275	0.015000	414	38321	0.584732	0.615280	0.001221	5.330440
256	9580	1276	0.015000	134	55462	0.846283	0.853806	0.000534	3.535707
256	9580	1277	0.015000	188	50993	0.778091	0.789078	0.001068	4.115426
256	9580	1278	0.015000	1	64549	0.984940	0.984940	0.000000	0.000000
256	9580	1279	0.015000	5	64016	0.976807	0.976974	0.000076	0.979796
256	9580	1280	0.015000	79	58609	0.894302	0.898849	0.000671	3.346316
256	9580	1281	0.015000	239	50271	0.767075	0.786011	0.001175	5.655274
256	9580	1282	0.015000	29	62741	0.957352	0.958572	0.000198	1.439099
256	9580	1283	0.015000	63	59157	0.902664	0.906479	0.000488	3.195914
256	9580	1284	0.015000	108	52857	0.806534	0.812592	0.000519	3.435012
256	9580	1285	0.015000	56	60846	0.928436	0.931198	0.000473	3.771849
256	9580	1286	0.015000	1	64549	0.984940	0.984940	0.000000	0.000000
256	9580	1287	0.015000	287	44006	0.671478	0.688522	0.000565	3.590833
256	9580	1288	0.015000	134	54977	0.838882	0.845749	0.000458	2.983101
256	9580	1289	0.015000	153	50638	0.772675	0.781860	0.000397	2.573189
256	9580	1290	0.015000	382	31492	0.480530	0.504288	0.480530	73.906668
256	9580	1291	0.015000	124	56961	0.869156	0.877808	0.000626	3.916286
256	9580	1292	0.015000	66	59140	0.902405	0.905869	0.000397	2.682675
256	9580	1293	0.015000	338	43707	0.666916	0.691055	0.000702	3.742983
256	9580	1294	0.015000	303	49084	0.748962	0.769287	0.000519	3.023266
256	9580	1295	0.015000	198	52929	0.807632	0.820709	0.000839	4.250425
256	9580	1296	0.015000	108	56299	0.859055	0.865173	0.000320	2.140210
256	9580	1297	0.015000	1	64539	0.984787	0.984787	0.000000	0.000000
256	9580	1298	0.015000	304	37421	0.570999	0.590561	0.000946	4.809400
256	9580	1299	0.015000	78	59526	0.908295	0.915024	0.001083	6.229207
256	9580	1300	0.015000	46	61082	0.932037	0.933807	0.000168	1.720081
256	9580	1301	0.015000	98	56387	0.860397	0.866165	0.000366	2.696126
256	9580	1302	0.015000	133	52872	0.806763	0.815140	0.001007	4.931999
256	9580	1303	0.015000	103	57116	0.871521	0.877151	0.000366	3.100179
256	9580	1304	0.015000	257	43723	0.667160	0.686447	0.000916	4.211294
256	9580	1305	0.015000	8	63818	0.973785	0.974030	0.000076	0.894427
256	9580	1306	0.015000	3	63904	0.975098	0.975159	0.000046	0.666667
256	9580	1307	0.015000	127	55203	0.842331	0.850510	0.000488	3.258103
256	9580	1308	0.015000	83	57727	0.880844	0.886383	0.000809	4.185108
256	9580	1309	0.015000	162	48606	0.741669	0.751984	0.000504	3.497260
256	9580	1310	0.015000	69	61039	0.931381	0.936676	0.000549	2.707728
256	9580	1311	0.015000	302	33883	0.517014	0.536499	0.000946	5.118904
256	9580	1312	0.015000	53	60888	0.929077	0.931396	0.000229	1.820867
256	9580	1313	0.015000	70	59283	0.904587	0.909485	0.000824	3.847576
256	9580	1314	0.015000	94	59147	0.902512	0.907852	0.000656	3.367680
256	9580	1315	0.015000	258	41322	0.630524	0.649673	0.001862	6.009197
256	9580	1316	0.015000	43	62082	0.947296	0.950516	0.000366	2.321398
256	9580	1317	0.015000	92	57248	0.873535	0.880188	0.000854	5.169820
256	9580	1318	0.015000	182	48475	0.739670	0.750565	0.000610	4.021816
256	9580	1319	0.015000	65	59771	0.912033	0.915909	0.000305	2.391652
256	9580	1320	0.015000	284	35077	0.535233	0.558472	0.001144	5.484913
256	9580	1321	0.015000	104	58057	0.885880	0.893082	0.000702	3.859354
256	9580	1322	0.015000	143	55605	0.848465	0.857864	0.000381	2.709982
256	9580	1323	0.015000	9	63359	0.966782	0.967743	0.000534	3.455135
256	9580	1324	0.015000	1	64549	0.984940	0.984940	0.000000	0.000000
256	9580	1325	0.015000	176	52979	0.808395	0.818497	0.000397	2.590378
256	9580	1326	0.015000	128	55561	0.847794	0.855576	0.001251	4.863362
256	9580	1327	0.015000	397	32160	0.490723	0.515427	0.000732	3.238227
256	9580	1328	0.015000	60	59896	0.913940	0.916641	0.000565	3.034980
256	9580	1329	0.015000	47	61874	0.944122	0.946259	0.000244	2.010713
256	9580	1330	0.015000	55	60612	0.924866	0.928406	0.000488	3.012344
256	9580	1331	0.015000	84	58306	0.889679	0.894058	0.000610	3.318791
256	9580	1332	0.015000	125	57209	0.872940	0.881912	0.000824	4.867694
256	9580	1333	0.015000	67	58266	0.889069	0.894287	0.000595	2.855954
256	9580	1334	0.015000	3	64015	0.976791	0.976837	0.000031	0.500000
256	9580	1335	0.015000	3	63927	0.975449	0.975555	0.000061	0.866025
256	9580	1336	0.015000	135	53133	0.810745	0.817596	0.000778	4.388742
256	9580	1337	0.015000	208	50215	0.766220	0.779861	0.000473	3.025043
256	9580	1338	0.015000	120	54923	0.838058	0.844803	0.000488	2.711016
256	9580	1339	0.015000	205	50947	0.777390	0.791977	0.000961	4.488557
256	9580	1340	0.015000	320	37344	0.569824	0.591446	0.001297	5.445953
256	9580	1341	0.015000	183	51784	0.790161	0.801727	0.000763	3.754038
256	9580	1342	0.015000	70	59956	0.914856	0.918808	0.000336	2.341681
256	9580	1343	0.015000	199	50777	0.774796	0.788422	0.000854	3.926460
256	9580	1344	0.015000	1	64549	0.984940	0.984940	0.000000	0.000000
256	9580	1345	0.015000	113	55565	0.847855	0.855515	0.000565	3.352877
256	9580	1346	0.015000	75	59603	0.909470	0.912750	0.000214	2.249717
256	9580	1347	0.015000	98	58319	0.889877	0.895325	0.000717	4.106769
256	9580	1348	0.015000	14	62867	0.959274	0.959824	0.000137	1.632993
256	9580	1349	0.015000	111	53657	0.818741	0.827347	0.001099	5.469155
256	9580	1350	0.015000	175	51595	0.787277	0.798676	0.000641	3.572377
256	9580	1351	0.015000	1	64549	0.984940	0.984940	0.000000	0.000000
256	9580	1352	0.015000	132	51035	0.778732	0.788956	0.000687	3.281222
256	9580	1353	0.015000	1	64411	0.982834	0.982834	0.000000	0.000000
256	9580	1354	0.015000	86	59080	0.901489	0.906158	0.000473	2.768186
256	9580	1355	0.015000	47	59328	0.905273	0.908218	0.000549	3.039605
256	9580	1356	0.015000	201	52422	0.799896	0.814163	0.000946	4.581156
256	9580	1357	0.015000	150	53186	0.811554	0.821594	0.000626	3.392963
256	9580	1358	0.015000	97	54835	0.836716	0.842758	0.000397	2.945511
256	9580	1359	0.015000	29	62010	0.946198	0.947983	0.000244	3.385978
256	9580	1360	0.015000	97	57621	0.879227	0.883316	0.000229	1.828175
256	9580	1361	0.015000	81	58217	0.888321	0.894547	0.000549	2.956866
256	9580	1362	0.015000	317	34857	0.531876	0.551605	0.000565	3.125100
256	9580	1363	0.015000	35	61352	0.936157	0.937836	0.000397	2.964783
256	9580	1364	0.015000	217	47675	0.727463	0.742920	0.001602	5.976750
256	9580	1365	0.015000	5	63437	0.967972	0.968063	0.000031	0.500000
256	9580	1366	0.015000	30	61859	0.943893	0.945572	0.000168	1.499311
256	9580	1367	0.015000	1	64259	0.980515	0.980515	0.000000	0.000000
256	9580	1368	0.015000	92	58246	0.888763	0.893982	0.000305	2.851315
256	9580	1369	0.015000	242	45545	0.694962	0.712723	0.000900	4.509367
256	9580	1370	0.015000	339	45917	0.700638	0.725372	0.000992	5.426998
256	9580	1371	0.015000	1	64549	0.984940	0.984940	0.000000	0.000000
256	9580	1372	0.015000	178	47982	0.732147	0.742783	0.000961	3.852470
256	9580	1373	0.015000	66	60716	0.926453	0.931122	0.000488	3.859596
256	9580	1374	0.015000	257	39927	0.609238	0.625549	0.000412	2.773082
256	9580	1375	0.015000	56	61078	0.931976	0.935181	0.000290	1.875635
256	9580	1376	0.015000	91	57288	0.874146	0.880081	0.000458	3.263434
256	9580	1377	0.015000	54	57613	0.879105	0.882721	0.000763	4.326199
256	9580	1378	0.015000	238	43896	0.669800	0.685776	0.001038	4.813611
256	9580	1379	0.015000	71	59547	0.908615	0.912598	0.000320	2.548398
256	9580	1380	0.015000	117	53934	0.822968	0.830902	0.000931	4.561385
256	9580	1381	0.015000	21	63325	0.966263	0.967041	0.000168	1.521200
256	9580	1382	0.015000	1	64549	0.984940	0.984940	0.000000	0.000000
256	9580	1383	0.015000	72	60563	0.924118	0.928070	0.000336	2.879466
256	9580	1384	0.015000	3	63756	0.972839	0.972885	0.000031	0.500000
256	9580	1385	0.015000	175	53193	0.811661	0.823822	0.000992	4.893420
256	9580	1386	0.015000	173	47801	0.729385	0.740402	0.000641	3.568014
256	9580	1387	0.015000	51	60510	0.923309	0.925323	0.000366	2.256934
256	9580	1388	0.015000	70	58831	0.897690	0.901581	0.000397	2.706829
256	9580	1389	0.015000	1	64467	0.983688	0.983688	0.000000	0.000000
256	9580	1390	0.015000	37	62623	0.955551	0.957153	0.000214	2.263283
256	9580	1391	0.015000	38	60938	0.929840	0.932800	0.000534	2.892072
256	9580	1392	0.015000	71	59911	0.914169	0.918518	0.000443	3.056348
256	9580	1393	0.015000	17	63014	0.961517	0.962204	0.000137	1.405457
256	9580	1394	0.015000	91	58814	0.897430	0.903320	0.000458	2.636917
256	9580	1395	0.015000	1	64543	0.984848	0.984848	0.000000	0.000000
256	9580	1396	0.015000	62	59424	0.906738	0.910919	0.000656	4.918151
256	9580	1397	0.015000	1	64462	0.983612	0.983612	0.000000	0.000000
256	9580	1398	0.015000	82	59698	0.910919	0.915543	0.000504	3.424645
256	9580	1399	0.015000	361	27686	0.422455	0.449921	0.422455	73.679929
256	9580	1400	0.015000	51	61002	0.930817	0.934662	0.000443	2.851038
256	9580	1401	0.015000	24	62359	0.951523	0.953827	0.000534	3.330502
256	9580	1402	0.015000	189	49622	0.757172	0.769211	0.000565	3.498721
256	9580	1403	0.015000	56	59461	0.907303	0.910568	0.000275	2.449490
256	9580	1404	0.015000	1	64148	0.978821	0.978821	0.000000	0.000000
256	9580	1405	0.015000	138	54352	0.829346	0.837708	0.000824	4.428405
256	9580	1406	0.015000	81	59999	0.915512	0.920395	0.001038	4.218077
256	9580	1407	0.015000	225	49225	0.751114	0.766220	0.000793	4.602787
256	9580	1408	0.015000	126	56985	0.869522	0.876633	0.000336	2.282705
256	9580	1409	0.015000	13	63190	0.964203	0.964767	0.000137	1.351725
256	9580	1410	0.015000	167	46650	0.711823	0.720322	0.000351	3.116515
256	9580	1411	0.015000	38	60220	0.918884	0.920456	0.000198	1.538462
256	9580	1412	0.015000	23	62652	0.955994	0.957062	0.000320	3.016207
256	9580	1413	0.015000	180	50695	0.773544	0.786972	0.000671	3.338280
256	9580	1414	0.015000	36	60924	0.929626	0.931061	0.000229	1.763834
256	9580	1415	0.015000	33	62027	0.946457	0.948151	0.000229	2.403701
256	9580	1416	0.015000	245	41833	0.638321	0.655594	0.001389	4.784121
256	9580	1417	0.015000	83	57522	0.877716	0.881699	0.000214	1.709816
256	9580	1418	0.015000	81	59956	0.914856	0.919067	0.000229	2.056966
256	9580	1419	0.015000	85	57156	0.872131	0.877441	0.000427	2.746984
256	9580	1420	0.015000	64	59028	0.900696	0.903946	0.000824	4.019670
256	9580	1421	0.015000	48	59820	0.912781	0.915649	0.000458	3.292416
256	9580	1422	0.015000	210	47766	0.728851	0.741776	0.000565	2.924919
256	9580	1423	0.015000	1	64549	0.984940	0.984940	0.000000	0.000000
256	9580	1424	0.015000	188	54853	0.836990	0.851044	0.000565	3.107521
256	9580	1425	0.015000	252	49465	0.754776	0.772552	0.000565	3.028233
256	9580	1426	0.015000	146	53698	0.819366	0.830582	0.000870	4.676089
256	9580	1427	0.015000	23	62327	0.951035	0.952225	0.000229	1.801234
256	9580	1428	0.015000	106	56329	0.859512	0.866104	0.000473	2.898563
256	9580	1429	0.015000	51	61227	0.934250	0.937210	0.000320	2.932344
256	9580	1430	0.015000	156	52864	0.806641	0.824570	0.003510	8.106391
256	9580	1431	0.015000	158	54315	0.828781	0.837845	0.000565	3.481559
256	9580	1432	0.015000	95	54871	0.837265	0.843414	0.000580	3.890467
256	9580	1433	0.015000	41	61269	0.934891	0.937836	0.000305	2.465259
256	9580	1434	0.015000	502	31378	0.478790	0.514511	0.001511	6.074966
256	9580	1435	0.015000	108	54292	0.828430	0.836182	0.000488	4.146134
256	9580	1436	0.015000	13	63683	0.971725	0.972046	0.000092	0.971825
256	9580	1437	0.015000	109	57587	0.878708	0.884125	0.000488	2.840658
256	9580	1438	0.015000	168	49755	0.759201	0.769119	0.000488	2.990545
256	9580	1439	0.015000	237	39356	0.600525	0.615295	0.000610	4.054858
256	9580	1440	0.015000	236	47416	0.723511	0.739487	0.000793	3.686444
256	9580	1441	0.015000	79	58293	0.889481	0.895050	0.000580	3.142727
256	9580	1442	0.015000	89	53493	0.816238	0.822021	0.000687	3.369288
256	9580	1443	0.015000	114	56379	0.860275	0.866730	0.000488	2.864621
256	9580	1444	0.015000	116	56010	0.854645	0.861374	0.000534	3.279622
256	9580	1445	0.015000	141	50693	0.773514	0.780624	0.000351	2.605795
256	9580	1446	0.015000	1	64549	0.984940	0.984940	0.000000	0.000000
256	9580	1447	0.015000	131	54656	0.833984	0.843842	0.001923	6.588219
256	9580	1448	0.015000	2	63966	0.976044	0.976059	0.000015	0.000000
256	9580	1449	0.015000	26	62541	0.954300	0.955978	0.000610	3.429195
256	9580	1450	0.015000	1	64489	0.984024	0.984024	0.000000	0.000000
256	9580	1451	0.015000	1	64549	0.984940	0.984940	0.000000	0.000000
256	9580	1452	0.015000	18	62519	0.953964	0.954529	0.000168	1.854189
256	9580	1453	0.015000	140	55613	0.848587	0.859329	0.002274	8.186016
256	9580	1454	0.015000	150	50256	0.766846	0.778290	0.000473	3.339917
256	9580	1455	0.015000	160	48379	0.738205	0.748672	0.000656	3.705929
256	9580	1456	0.015000	42	60855	0.928574	0.930481	0.000198	1.617215
256	9580	1457	0.015000	11	63721	0.972305	0.972977	0.000244	1.992172
256	9580	1458	0.015000	93	55759	0.850815	0.857544	0.000809	3.675034
256	9580	1459	0.015000	32	62170	0.948639	0.951065	0.000626	3.635374
256	9580	1460	0.015000	1	64547	0.984909	0.984909	0.000000	0.000000
256	9580	1461	0.015000	491	34637	0.528519	0.559525	0.000748	3.675170
256	9580	1462	0.015000	119	51928	0.792358	0.798981	0.000671	3.562314
256	9580	1463	0.015000	201	45420	0.693054	0.707672	0.000656	3.763420
256	9580	1464	0.015000	190	48089	0.733780	0.746460	0.000504	2.867762
256	9580	1465	0.015000	140	51592	0.787231	0.794479	0.000443	2.923113
256	9580	1466	0.015000	497	23089	0.352310	0.409439	0.019684	19.283487
256	9580	1467	0.015000	429	14181	0.216385	0.252106	0.216385	61.394710
256	9580	1468	0.015000	1	64549	0.984940	0.984940	0.000000	0.000000
256	9580	1469	0.015000	258	39408	0.601318	0.621567	0.001038	4.506387
256	9580	1470	0.015000	85	59743	0.911606	0.916595	0.000397	2.853421
256	9580	1471	0.015000	5	63718	0.972260	0.972473	0.000107	1.106567
256	9580	1472	0.015000	64	61047	0.931503	0.937531	0.000763	3.976632
256	9580	1473	0.015000	3	64087	0.977890	0.977966	0.000046	0.666667
256	9580	1474	0.015000	23	62391	0.952011	0.953171	0.000244	2.102825
256	9580	1475	0.015000	181	52697	0.804092	0.812668	0.000290	2.135312
256	9580	1476	0.015000	38	61232	0.934326	0.935898	0.000198	2.041000
256	9580	1477	0.015000	48	61830	0.943451	0.946075	0.000290	2.181514
256	9580	1478	0.015000	188	53481	0.816055	0.828644	0.000687	4.259485
256	9580	1479	0.015000	48	60260	0.919495	0.922028	0.000275	2.316074
256	9580	1480	0.015000	133	58047	0.885727	0.892883	0.000397	2.801099
256	9580	1481	0.015000	162	52026	0.793854	0.805588	0.000809	4.026877
256	9580	1482	0.015000	147	55419	0.845627	0.854950	0.000473	3.560683
256	9580	1483	0.015000	51	59763	0.911911	0.914825	0.000244	2.049200
256	9580	1484	0.015000	19	63065	0.962296	0.962982	0.000107	1.030158
256	9580	1485	0.015000	32	62303	0.950668	0.951996	0.000183	1.846543
256	9580	1486	0.015000	116	57031	0.870224	0.877731	0.000443	2.710354
256	9580	1487	0.015000	66	60104	0.917114	0.920319	0.000275	2.288592
256	9580	1488	0.015000	11	63211	0.964523	0.964996	0.000137	1.777778
256	9580	1489	0.015000	62	60338	0.920685	0.924713	0.000473	2.550224
256	9580	1490	0.015000	80	55085	0.840530	0.846161	0.000702	3.965172
256	9580	1491	0.015000	321	43333	0.661209	0.683502	0.000854	4.017103
256	9580	1492	0.015000	35	61051	0.931564	0.933334	0.000458	3.381321
256	9580	1493	0.015000	1	64549	0.984940	0.984940	0.000000	0.000000
256	9580	1494	0.015000	100	56271	0.858627	0.865372	0.000519	3.756655
256	9580	1495	0.015000	40	61125	0.932693	0.934830	0.000336	2.644580
256	9580	1496	0.015000	35	61070	0.931854	0.934326	0.000565	3.112453
256	9580	1497	0.015000	5	63881	0.974747	0.974869	0.000046	0.816497
256	9580	1498	0.015000	145	52418	0.799835	0.807800	0.000427	2.797138
256	9580	1499	0.015000	204	47508	0.724915	0.740707	0.000717	3.601971
256	9580	1500	0.015000	33	61705	0.941544	0.942764	0.000122	1.648863
256	9580	1501	0.015000	133	55337	0.844376	0.852875	0.000809	4.107318
256	9580	1502	0.015000	119	53585	0.817642	0.824005	0.000381	3.013038
256	9580	1503	0.015000	1	64548	0.984924	0.984924	0.000000	0.000000
256	9580	1504	0.015000	59	59463	0.907333	0.910690	0.000427	2.886457
256	9580	1505	0.015000	1	64549	0.984940	0.984940	0.000000	0.000000
256	9580	1506	0.015000	160	49306	0.752350	0.762833	0.000732	3.496216
256	9580	1507	0.015000	1	64549	0.984940	0.984940	0.000000	0.000000
256	9580	1508	0.015000	104	58983	0.900009	0.908463	0.000946	4.399088
256	9580	1509	0.015000	163	51663	0.788315	0.800552	0.001404	5.227605
256	9580	1510	0.015000	181	51348	0.783508	0.795486	0.000565	3.723065
256	9580	1511	0.015000	152	54314	0.828766	0.837402	0.000595	3.469222
256	9580	1512	0.015000	37	61043	0.931442	0.932999	0.000259	1.958037
256	9580	1513	0.015000	20	62910	0.959930	0.960693	0.000137	1.247219
256	9580	1514	0.015000	206	50710	0.773773	0.790894	0.001160	5.733748
256	9580	1515	0.015000	84	57067	0.870773	0.875839	0.000504	3.170064
256	9580	1516	0.015000	20	62323	0.950974	0.951782	0.000107	1.087968
256	9580	1517	0.015000	141	54386	0.829865	0.839981	0.000900	4.659198
256	9580	1518	0.015000	127	56118	0.856293	0.864838	0.000885	4.003640
256	9580	1519	0.015000	186	46747	0.713303	0.724701	0.000534	3.456789
256	9580	1520	0.015000	1	64280	0.980835	0.980835	0.000000	0.000000
256	9580	1521	0.015000	199	48809	0.744766	0.757156	0.001114	5.270538
256	9580	1522	0.015000	175	52488	0.800903	0.811676	0.001144	5.733798
256	9580	1523	0.015000	99	56728	0.865601	0.873413	0.000916	2.588436
256	9580	1524	0.015000	186	52212	0.796692	0.808701	0.000504	3.191472
256	9580	1525	0.015000	342	45722	0.697662	0.721634	0.001236	5.245040
256	9580	1526	0.015000	58	58824	0.897583	0.900375	0.000305	1.894730
256	9580	1527	0.015000	118	50028	0.763367	0.772842	0.000610	3.168201
256	9580	1528	0.015000	134	54870	0.837250	0.845551	0.000534	3.690031
256	9580	1529	0.015000	1	64549	0.984940	0.984940	0.000000	0.000000
256	9580	1530	0.015000	193	47116	0.718933	0.731216	0.000641	3.757985
256	9580	1531	0.015000	84	56959	0.869125	0.872894	0.000305	2.457132
256	9580	1532	0.015000	55	60344	0.920776	0.924072	0.000549	3.767449
256	9580	1533	0.015000	1	64449	0.983414	0.983414	0.000000	0.000000
256	9580	1534	0.015000	152	50206	0.766083	0.775574	0.000702	3.257535
256	9580	1535	0.015000	34	62111	0.947739	0.949341	0.000229	2.322834
256	9580	1536	0.015000	39	61776	0.942627	0.945099	0.001068	5.001924
256	9580	1537	0.015000	1	64549	0.984940	0.984940	0.000000	0.000000
256	9580	1538	0.015000	3	63956	0.975891	0.975922	0.000015	0.000000
256	9580	1539	0.015000	2	64068	0.977600	0.977615	0.000015	0.000000
256	9580	1540	0.015000	154	50031	0.763412	0.773651	0.000824	3.596981
256	9580	1541	0.015000	171	52720	0.804443	0.815659	0.000488	2.908769
256	9580	1542	0.015000	1	64037	0.977127	0.977127	0.000000	0.000000
256	9580	1543	0.015000	51	60195	0.918503	0.920868	0.000229	2.149935
256	9580	1544	0.015000	9	63442	0.968048	0.968399	0.000168	1.671343
256	9580	1545	0.015000	343	38306	0.584503	0.621353	0.010803	15.308615
256	9580	1546	0.015000	100	55694	0.849823	0.858673	0.000992	5.037281
256	9580	1547	0.015000	111	55124	0.841125	0.848297	0.000778	3.849834
256	9580	1548	0.015000	1	64549	0.984940	0.984940	0.000000	0.000000
256	9580	1549	0.015000	112	55976	0.854126	0.860962	0.000519	4.320027
256	9580	1550	0.015000	325	37789	0.576614	0.600540	0.001190	4.539874
256	9580	1551	0.015000	41	61636	0.940491	0.942825	0.000320	2.352207
256	9580	1552	0.015000	231	47361	0.722672	0.736420	0.000702	4.135980
256	9580	1553	0.015000	1	64533	0.984695	0.984695	0.000000	0.000000
256	9580	1554	0.015000	1	64549	0.984940	0.984940	0.000000	0.000000
256	9580	1555	0.015000	39	60157	0.917923	0.920868	0.000580	3.107604
256	9580	1556	0.015000	63	60916	0.929504	0.932770	0.000290	2.623144
256	9580	1557	0.015000	173	54537	0.832169	0.842682	0.000839	3.864053
256	9580	1558	0.015000	32	61429	0.937332	0.938843	0.000443	2.943786
256	9580	1559	0.015000	353	34108	0.520447	0.548859	0.000900	4.583610
256	9580	1560	0.015000	137	55783	0.851181	0.859497	0.000366	2.605416
256	9580	1561	0.015000	14	63111	0.962997	0.963760	0.000320	2.580232
256	9580	1562	0.015000	18	63048	0.962036	0.962494	0.000046	0.666667
256	9580	1563	0.015000	2	64197	0.979568	0.979584	0.000015	0.000000
256	9580	1564	0.015000	1	64549	0.984940	0.984940	0.000000	0.000000
256	9580	1565	0.015000	251	44079	0.672592	0.690933	0.000793	4.356777
256	9580	1566	0.015000	94	51717	0.789139	0.794861	0.000626	3.548760
256	9580	1567	0.015000	157	52364	0.799011	0.808578	0.000458	2.946561
256	9580	1568	0.015000	108	57441	0.876480	0.882996	0.000320	2.779908
256	9580	1569	0.015000	1	64530	0.984650	0.984650	0.000000	0.000000
256	9580	1570	0.015000	233	49094	0.749115	0.766083	0.000732	3.763402
256	9580	1571	0.015000	53	60527	0.923569	0.926163	0.000427	2.379494
256	9580	1572	0.015000	1	63870	0.974579	0.974579	0.000000	0.000000
256	9580	1573	0.015000	13	63281	0.965591	0.966171	0.000305	2.595188
256	9580	1574	0.015000	136	51439	0.784897	0.792236	0.000305	2.575849
256	9580	1575	0.015000	248	38682	0.590240	0.607864	0.001663	7.176623
256	9580	1576	0.015000	217	47550	0.725555	0.742554	0.001114	4.961590
256	9580	1577	0.015000	107	55957	0.853836	0.859985	0.000366	2.942446
256	9580	1578	0.015000	1	63942	0.975677	0.975677	0.000000	0.000000
256	9580	1579	0.015000	26	62428	0.952576	0.954254	0.000687	3.383037
256	9580	1580	0.015000	1	64546	0.984894	0.984894	0.000000	0.000000
256	9580	1581	0.015000	50	61560	0.939331	0.942947	0.000565	3.593477
256	9580	1582	0.015000	110	56945	0.868912	0.875671	0.000504	2.743052
256	9580	1583	0.015000	164	55415	0.845566	0.859406	0.000641	4.393938
256	9580	1584	0.015000	216	41656	0.635620	0.652649	0.001083	4.334780
256	9580	1585	0.015000	56	60041	0.916153	0.919128	0.000366	2.970924
256	9580	1586	0.015000	1	64549	0.984940	0.984940	0.000000	0.000000
256	9580	1587	0.015000	151	55266	0.843292	0.854202	0.000626	5.058727
256	9580	1588	0.015000	36	62648	0.955933	0.958710	0.000473	2.935661
256	9580	1589	0.015000	237	43827	0.668747	0.682449	0.000656	3.519090
256	9580	1590	0.015000	175	51623	0.787704	0.797958	0.000336	2.452861
256	9580	1591	0.015000	100	57115	0.871506	0.879395	0.000839	4.167723
256	9580	1592	0.015000	147	55759	0.850815	0.860626	0.000473	3.398904
256	9580	1593	0.015000	103	55874	0.852570	0.858566	0.000305	2.695830
256	9580	1594	0.015000	17	63144	0.963501	0.964233	0.000122	1.299038
256	9580	1595	0.015000	238	41619	0.635056	0.652191	0.000885	4.139978
256	9580	1596	0.015000	149	54004	0.824036	0.834320	0.000534	3.646189
256	9580	1597	0.015000	1	64549	0.984940	0.984940	0.000000	0.000000
256	9580	1598	0.015000	98	57838	0.882538	0.888138	0.000504	3.546879
256	9580	1599	0.015000	1	64499	0.984177	0.984177	0.000000	0.000000
256	9580	1600	0.015000	258	46544	0.710205	0.729660	0.001877	6.110696
256	9580	1601	0.015000	55	60212	0.918762	0.921387	0.000290	2.590201
256	9580	1602	0.015000	103	57594	0.878815	0.884232	0.000336	2.324857
256	9580	1603	0.015000	1	64534	0.984711	0.984711	0.000000	0.000000
256	9580	1604	0.015000	1	64275	0.980759	0.980759	0.000000	0.000000
256	9580	1605	0.015000	37	61772	0.942566	0.945419	0.000687	3.624743
256	9580	1606	0.015000	272	42864	0.654053	0.671295	0.000687	4.105401
256	9580	1607	0.015000	165	51986	0.793243	0.804871	0.001221	7.022542
256	9580	1608	0.015000	300	41048	0.626343	0.653778	0.006210	11.980015
256	9580	1609	0.015000	75	58624	0.894531	0.899338	0.000778	4.885856
256	9580	1610	0.015000	1	64549	0.984940	0.984940	0.000000	0.000000
256	9580	1611	0.015000	153	55212	0.842468	0.854126	0.001480	6.095774
256	9580	1612	0.015000	70	58844	0.897888	0.902908	0.000320	2.087649
256	9580	1613	0.015000	109	57770	0.881500	0.890106	0.000748	4.048951
256	9580	1614	0.015000	219	47939	0.731491	0.747955	0.000763	4.410215
256	9580	1615	0.015000	8	63305	0.965958	0.966125	0.000031	0.500000
256	9580	1616	0.015000	144	52300	0.798035	0.807709	0.000504	3.001071
256	9580	1617	0.015000	1	64549	0.984940	0.984940	0.000000	0.000000
256	9580	1618	0.015000	80	58017	0.885269	0.890869	0.000824	3.655332
256	9580	1619	0.015000	10	63623	0.970810	0.971008	0.000061	0.829156
256	9580	1620	0.015000	21	62541	0.954300	0.955704	0.000351	2.743613
256	9580	1621	0.015000	13	62883	0.959518	0.960037	0.000229	1.895023
256	9580	1622	0.015000	180	50614	0.772308	0.784637	0.000504	3.077213
256	9580	1623	0.015000	127	54914	0.837921	0.846436	0.000671	3.798583
256	9580	1624	0.015000	19	63409	0.967545	0.968536	0.000275	1.946824
256	9580	1625	0.015000	169	54278	0.828217	0.840485	0.001328	4.952623
256	9580	1626	0.015000	64	60978	0.930450	0.934860	0.000641	3.417475
256	9580	1627	0.015000	191	49556	0.756165	0.770081	0.000824	4.149636
256	9580	1628	0.015000	353	35016	0.534302	0.557159	0.001251	5.270240
256	9580	1629	0.015000	132	53119	0.810532	0.818405	0.000519	3.433092
256	9580	1630	0.015000	1	64549	0.984940	0.984940	0.000000	0.000000
256	9580	1631	0.015000	1	64513	0.984390	0.984390	0.000000	0.000000
256	9580	1632	0.015000	237	46850	0.714874	0.732025	0.000854	4.594772
256	9580	1633	0.015000	276	40551	0.618759	0.637833	0.000961	4.507545
256	9580	1634	0.015000	192	47791	0.729233	0.746078	0.000992	4.634320
256	9580	1635	0.015000	166	54349	0.829300	0.839676	0.000381	2.791415
256	9580	1636	0.015000	60	59906	0.914093	0.917786	0.000702	3.862536
256	9580	1637	0.015000	51	59156	0.902649	0.905655	0.000259	1.958037
256	9580	1638	0.015000	33	62169	0.948624	0.950333	0.000259	1.880514
256	9580	1639	0.015000	366	45456	0.693604	0.718826	0.000732	3.757862
256	9580	1640	0.015000	328	35030	0.534515	0.558838	0.000793	4.665553
256	9580	1641	0.015000	147	52857	0.806534	0.815033	0.000824	3.824377
256	9580	1642	0.015000	1	64542	0.984833	0.984833	0.000000	0.000000
256	9580	1643	0.015000	115	54469	0.831131	0.839142	0.000809	4.060244
256	9580	1644	0.015000	30	61534	0.938934	0.941162	0.000412	2.452288
256	9580	1645	0.015000	90	57423	0.876205	0.881042	0.000488	3.385833
256	9580	1646	0.015000	184	54849	0.836929	0.850311	0.001175	5.102425
256	9580	1647	0.015000	268	42102	0.642426	0.661728	0.000824	3.658474
256	9580	1648	0.015000	119	52217	0.796768	0.803238	0.000320	3.331718
256	9580	1649	0.015000	175	43021	0.656448	0.669250	0.000656	3.938274
256	9580	1650	0.015000	30	62055	0.946884	0.948746	0.000244	2.013625
256	9580	1651	0.015000	76	58303	0.889633	0.893997	0.000351	2.622428
256	9580	1652	0.015000	1	64377	0.982315	0.982315	0.000000	0.000000
256	9580	1653	0.015000	242	49370	0.753326	0.768341	0.000580	3.224302
256	9580	1654	0.015000	108	56960	0.869141	0.876877	0.000610	3.372684
256	9580	1655	0.015000	151	52462	0.800507	0.808105	0.000610	5.032085
256	9580	1656	0.015000	26	62810	0.958405	0.960587	0.000412	2.598934
256	9580	1657	0.015000	78	57689	0.880264	0.886353	0.000458	4.818969
256	9580	1658	0.015000	59	60472	0.922729	0.925842	0.000305	1.915724
256	9580	1659	0.015000	101	57976	0.884644	0.890656	0.000427	2.518300
256	9580	1660	0.015000	179	48367	0.738022	0.750977	0.001053	4.715159
256	9580	1661	0.015000	299	32211	0.491501	0.511505	0.000809	3.821943
256	9580	1662	0.015000	83	58756	0.896545	0.900711	0.000259	2.270585
256	9580	1663	0.015000	117	53289	0.813126	0.821259	0.000702	4.064287
256	9580	1664	0.015000	152	54305	0.828629	0.840729	0.000717	3.399065
256	9580	1665	0.015000	304	44134	0.673431	0.694016	0.001236	5.308039
256	9580	1666	0.015000	1	64549	0.984940	0.984940	0.000000	0.000000
256	9580	1667	0.015000	241	44830	0.684052	0.701096	0.000565	3.616778
256	9580	1668	0.015000	1	64547	0.984909	0.984909	0.000000	0.000000
256	9580	1669	0.015000	130	53632	0.818359	0.827026	0.000504	3.345707
256	9580	1670	0.015000	295	42718	0.651825	0.684006	0.007828	12.807120
256	9580	1671	0.015000	169	47481	0.724503	0.735504	0.000626	3.285177
256	9580	1672	0.015000	136	52414	0.799774	0.808563	0.000595	3.085671
256	9580	1673	0.015000	130	58067	0.886032	0.894730	0.001602	6.778531
256	9580	1674	0.015000	177	49854	0.760712	0.773819	0.001221	5.871049
256	9580	1675	0.015000	257	44724	0.682434	0.700745	0.001190	5.286293
256	9580	1676	0.015000	45	60514	0.923370	0.926163	0.000549	3.427265
256	9580	1677	0.015000	218	45177	0.689346	0.705429	0.000778	3.455323
256	9580	1678	0.015000	21	62768	0.957764	0.958740	0.000290	2.417618
256	9580	1679	0.015000	71	60034	0.916046	0.919800	0.000259	1.977381
256	9580	1680	0.015000	50	61672	0.941040	0.943863	0.000412	2.940657
256	9580	1681	0.015000	100	58378	0.890778	0.897049	0.000534	2.849418
256	9580	1682	0.015000	492	32461	0.495316	0.528534	0.000656	4.071827
256	9580	1683	0.015000	17	62573	0.954788	0.955582	0.000290	2.321763
256	9580	1684	0.015000	62	59324	0.905212	0.909058	0.000870	4.352080
256	9580	1685	0.015000	94	57264	0.873779	0.879700	0.000488	3.033343
256	9580	1686	0.015000	54	60936	0.929810	0.933594	0.000656	4.250919
256	9580	1687	0.015000	307	43032	0.656616	0.679977	0.001144	5.238252
256	9580	1688	0.015000	41	60603	0.924728	0.926407	0.000168	1.790701
256	9580	1689	0.015000	100	57701	0.880447	0.887161	0.000610	4.270685
256	9580	1690	0.015000	91	56589	0.863480	0.868240	0.000397	3.000000
256	9580	1691	0.015000	82	58188	0.887878	0.893234	0.000336	2.511955
256	9580	1692	0.015000	1	64549	0.984940	0.984940	0.000000	0.000000
256	9580	1693	0.015000	144	55908	0.853088	0.861923	0.000793	4.209958
256	9580	1694	0.015000	37	60926	0.929657	0.931671	0.000320	2.068005
256	9580	1695	0.015000	18	62214	0.949310	0.950073	0.000107	1.340119
256	9580	1696	0.015000	44	60708	0.926331	0.928772	0.000443	2.792465
256	9580	1697	0.015000	75	58818	0.897491	0.902405	0.000443	2.699364
256	9580	1698	0.015000	151	46820	0.714417	0.723572	0.000916	4.309518
256	9580	1699	0.015000	205	43987	0.671188	0.684219	0.000534	3.334911
256	9580	1700	0.015000	107	56431	0.861069	0.867462	0.000610	3.237090
256	9580	1701	0.015000	25	62051	0.946823	0.948120	0.000183	1.730045
256	9580	1702	0.015000	67	56084	0.855774	0.859634	0.000595	3.198043
256	9580	1703	0.015000	1	64515	0.984421	0.984421	0.000000	0.000000
256	9580	1704	0.015000	192	45586	0.695587	0.708496	0.000671	3.134552
256	9580	1705	0.015000	168	52626	0.803009	0.814545	0.000641	3.303609
256	9580	1706	0.015000	1	64549	0.984940	0.984940	0.000000	0.000000
256	9580	1707	0.015000	92	58774	0.896820	0.902191	0.000473	2.679944
256	9580	1708	0.015000	136	56006	0.854584	0.865067	0.000778	4.727727
256	9580	1709	0.015000	1	64549	0.984940	0.984940	0.000000	0.000000
256	9580	1710	0.015000	270	45082	0.687897	0.705582	0.000809	4.104977
256	9580	1711	0.015000	185	53535	0.816879	0.831192	0.002045	7.151220
256	9580	1712	0.015000	1	64534	0.984711	0.984711	0.000000	0.000000
256	9580	1713	0.015000	147	55164	0.841736	0.850250	0.000473	3.477593
256	9580	1714	0.015000	77	58359	0.890488	0.894226	0.000488	2.922836
256	9580	1715	0.015000	34	61203	0.933884	0.935898	0.000244	2.370061
256	9580	1716	0.015000	284	43609	0.665421	0.683289	0.000870	5.652010
256	9580	1717	0.015000	219	43941	0.670486	0.684967	0.000916	4.414717
256	9580	1718	0.015000	61	58434	0.891632	0.894913	0.000244	1.999023
256	9580	1719	0.015000	12	63290	0.965729	0.966339	0.000381	2.882221
256	9580	1720	0.015000	42	61159	0.933212	0.936066	0.000763	3.763296
256	9580	1721	0.015000	349	36489	0.556778	0.584045	0.000793	4.808423
256	9580	1722	0.015000	168	50977	0.777847	0.788193	0.000824	3.852831
256	9580	1723	0.015000	30	61322	0.935699	0.936722	0.000183	2.220485
