178	9700	4201	0.015000	1	31221	0.985387	0.985387	0.000000	0.000000
178	9700	4202	0.015000	1	31221	0.985387	0.985387	0.000000	0.000000
178	9700	4203	0.015000	1	31221	0.985387	0.985387	0.000000	0.000000
178	9700	4204	0.015000	1	31221	0.985387	0.985387	0.000000	0.000000
178	9700	4205	0.015000	1	31221	0.985387	0.985387	0.000000	0.000000
178	9700	4206	0.015000	1	31221	0.985387	0.985387	0.000000	0.000000
178	9700	4207	0.015000	1	31221	0.985387	0.985387	0.000000	0.000000
178	9700	4208	0.015000	1	31221	0.985387	0.985387	0.000000	0.000000
178	9700	4209	0.015000	1	31221	0.985387	0.985387	0.000000	0.000000
178	9700	4210	0.015000	1	31221	0.985387	0.985387	0.000000	0.000000
178	9700	4211	0.015000	1	31221	0.985387	0.985387	0.000000	0.000000
178	9700	4212	0.015000	1	31221	0.985387	0.985387	0.000000	0.000000
178	9700	4213	0.015000	1	31221	0.985387	0.985387	0.000000	0.000000
178	9700	4214	0.015000	1	31221	0.985387	0.985387	0.000000	0.000000
178	9700	4215	0.015000	1	31221	0.985387	0.985387	0.000000	0.000000
178	9700	4216	0.015000	1	31221	0.985387	0.985387	0.000000	0.000000
178	9700	4217	0.015000	1	31221	0.985387	0.985387	0.000000	0.000000
178	9700	4218	0.015000	1	31221	0.985387	0.985387	0.000000	0.000000
178	9700	4219	0.015000	1	31221	0.985387	0.985387	0.000000	0.000000
178	9700	4220	0.015000	1	31221	0.985387	0.985387	0.000000	0.000000
178	9700	4221	0.015000	1	31221	0.985387	0.985387	0.000000	0.000000
178	9700	4222	0.015000	16	29958	0.945525	0.947260	0.000505	1.886424
178	9700	4223	0.015000	1	31221	0.985387	0.985387	0.000000	0.000000
178	9700	4224	0.015000	1	31221	0.985387	0.985387	0.000000	0.000000
178	9700	4225	0.015000	1	31221	0.985387	0.985387	0.000000	0.000000
178	9700	4226	0.015000	1	31221	0.985387	0.985387	0.000000	0.000000
178	9700	4227	0.015000	1	31221	0.985387	0.985387	0.000000	0.000000
178	9700	4228	0.015000	1	31212	0.985103	0.985103	0.000000	0.000000
178	9700	4229	0.015000	1	31221	0.985387	0.985387	0.000000	0.000000
178	9700	4230	0.015000	1	31221	0.985387	0.985387	0.000000	0.000000
178	9700	4231	0.015000	1	31221	0.985387	0.985387	0.000000	0.000000
178	9700	4232	0.015000	1	31221	0.985387	0.985387	0.000000	0.000000
178	9700	4233	0.015000	1	31221	0.985387	0.985387	0.000000	0.000000
178	9700	4234	0.015000	1	31221	0.985387	0.985387	0.000000	0.000000
178	9700	4235	0.015000	1	31221	0.985387	0.985387	0.000000	0.000000
178	9700	4236	0.015000	1	31221	0.985387	0.985387	0.000000	0.000000
178	9700	4237	0.015000	1	31221	0.985387	0.985387	0.000000	0.000000
178	9700	4238	0.015000	1	31221	0.985387	0.985387	0.000000	0.000000
178	9700	4239	0.015000	1	31221	0.985387	0.985387	0.000000	0.000000
178	9700	4240	0.015000	1	31221	0.985387	0.985387	0.000000	0.000000
178	9700	4241	0.015000	1	31221	0.985387	0.985387	0.000000	0.000000
178	9700	4242	0.015000	1	31221	0.985387	0.985387	0.000000	0.000000
178	9700	4243	0.015000	1	31221	0.985387	0.985387	0.000000	0.000000
178	9700	4244	0.015000	1	31221	0.985387	0.985387	0.000000	0.000000
178	9700	4245	0.015000	1	31221	0.985387	0.985387	0.000000	0.000000
178	9700	4246	0.015000	1	31221	0.985387	0.985387	0.000000	0.000000
178	9700	4247	0.015000	1	31221	0.985387	0.985387	0.000000	0.000000
178	9700	4248	0.015000	1	31221	0.985387	0.985387	0.000000	0.000000
178	9700	4249	0.015000	1	31221	0.985387	0.985387	0.000000	0.000000
178	9700	4250	0.015000	1	31221	0.985387	0.985387	0.000000	0.000000
178	9700	4251	0.015000	1	31221	0.985387	0.985387	0.000000	0.000000
178	9700	4252	0.015000	1	31221	0.985387	0.985387	0.000000	0.000000
178	9700	4253	0.015000	1	31221	0.985387	0.985387	0.000000	0.000000
178	9700	4254	0.015000	1	31221	0.985387	0.985387	0.000000	0.000000
178	9700	4255	0.015000	1	31221	0.985387	0.985387	0.000000	0.000000
178	9700	4256	0.015000	1	31221	0.985387	0.985387	0.000000	0.000000
178	9700	4257	0.015000	1	31221	0.985387	0.985387	0.000000	0.000000
178	9700	4258	0.015000	1	31221	0.985387	0.985387	0.000000	0.000000
178	9700	4259	0.015000	1	31221	0.985387	0.985387	0.000000	0.000000
178	9700	4260	0.015000	1	31221	0.985387	0.985387	0.000000	0.000000
178	9700	4261	0.015000	1	31221	0.985387	0.985387	0.000000	0.000000
178	9700	4262	0.015000	1	31221	0.985387	0.985387	0.000000	0.000000
178	9700	4263	0.015000	1	31221	0.985387	0.985387	0.000000	0.000000
178	9700	4264	0.015000	1	31221	0.985387	0.985387	0.000000	0.000000
178	9700	4265	0.015000	1	31221	0.985387	0.985387	0.000000	0.000000
178	9700	4266	0.015000	1	31221	0.985387	0.985387	0.000000	0.000000
178	9700	4267	0.015000	1	31221	0.985387	0.985387	0.000000	0.000000
178	9700	4268	0.015000	1	31221	0.985387	0.985387	0.000000	0.000000
178	9700	4269	0.015000	1	31221	0.985387	0.985387	0.000000	0.000000
178	9700	4270	0.015000	1	31221	0.985387	0.985387	0.000000	0.000000
178	9700	4271	0.015000	1	31221	0.985387	0.985387	0.000000	0.000000
178	9700	4272	0.015000	1	31221	0.985387	0.985387	0.000000	0.000000
178	9700	4273	0.015000	1	31221	0.985387	0.985387	0.000000	0.000000
178	9700	4274	0.015000	1	31221	0.985387	0.985387	0.000000	0.000000
178	9700	4275	0.015000	1	31220	0.985355	0.985355	0.000000	0.000000
178	9700	4276	0.015000	1	31221	0.985387	0.985387	0.000000	0.000000
178	9700	4277	0.015000	1	31221	0.985387	0.985387	0.000000	0.000000
178	9700	4278	0.015000	1	31221	0.985387	0.985387	0.000000	0.000000
178	9700	4279	0.015000	1	31221	0.985387	0.985387	0.000000	0.000000
178	9700	4280	0.015000	1	31216	0.985229	0.985229	0.000000	0.000000
178	9700	4281	0.015000	1	31221	0.985387	0.985387	0.000000	0.000000
178	9700	4282	0.015000	1	31221	0.985387	0.985387	0.000000	0.000000
178	9700	4283	0.015000	1	31221	0.985387	0.985387	0.000000	0.000000
178	9700	4284	0.015000	1	31221	0.985387	0.985387	0.000000	0.000000
178	9700	4285	0.015000	1	31221	0.985387	0.985387	0.000000	0.000000
178	9700	4286	0.015000	1	31221	0.985387	0.985387	0.000000	0.000000
178	9700	4287	0.015000	1	31221	0.985387	0.985387	0.000000	0.000000
178	9700	4288	0.015000	1	31221	0.985387	0.985387	0.000000	0.000000
178	9700	4289	0.015000	1	31221	0.985387	0.985387	0.000000	0.000000
178	9700	4290	0.015000	1	31221	0.985387	0.985387	0.000000	0.000000
178	9700	4291	0.015000	1	31221	0.985387	0.985387	0.000000	0.000000
178	9700	4292	0.015000	1	31221	0.985387	0.985387	0.000000	0.000000
178	9700	4293	0.015000	1	31221	0.985387	0.985387	0.000000	0.000000
178	9700	4294	0.015000	1	31221	0.985387	0.985387	0.000000	0.000000
178	9700	4295	0.015000	1	31221	0.985387	0.985387	0.000000	0.000000
178	9700	4296	0.015000	1	31221	0.985387	0.985387	0.000000	0.000000
178	9700	4297	0.015000	1	31221	0.985387	0.985387	0.000000	0.000000
178	9700	4298	0.015000	1	31221	0.985387	0.985387	0.000000	0.000000
178	9700	4299	0.015000	1	31221	0.985387	0.985387	0.000000	0.000000
178	9700	4300	0.015000	1	31221	0.985387	0.985387	0.000000	0.000000
178	9700	4301	0.015000	1	31221	0.985387	0.985387	0.000000	0.000000
178	9700	4302	0.015000	1	31221	0.985387	0.985387	0.000000	0.000000
178	9700	4303	0.015000	1	31221	0.985387	0.985387	0.000000	0.000000
178	9700	4304	0.015000	1	31221	0.985387	0.985387	0.000000	0.000000
178	9700	4305	0.015000	1	31221	0.985387	0.985387	0.000000	0.000000
178	9700	4306	0.015000	1	31221	0.985387	0.985387	0.000000	0.000000
178	9700	4307	0.015000	1	31221	0.985387	0.985387	0.000000	0.000000
178	9700	4308	0.015000	1	31221	0.985387	0.985387	0.000000	0.000000
178	9700	4309	0.015000	1	31221	0.985387	0.985387	0.000000	0.000000
178	9700	4310	0.015000	1	31221	0.985387	0.985387	0.000000	0.000000
178	9700	4311	0.015000	1	31221	0.985387	0.985387	0.000000	0.000000
178	9700	4312	0.015000	1	31221	0.985387	0.985387	0.000000	0.000000
178	9700	4313	0.015000	1	31221	0.985387	0.985387	0.000000	0.000000
178	9700	4314	0.015000	1	31221	0.985387	0.985387	0.000000	0.000000
178	9700	4315	0.015000	1	31221	0.985387	0.985387	0.000000	0.000000
178	9700	4316	0.015000	70	25404	0.801793	0.812145	0.001168	3.173576
178	9700	4317	0.015000	1	31221	0.985387	0.985387	0.000000	0.000000
178	9700	4318	0.015000	1	31221	0.985387	0.985387	0.000000	0.000000
178	9700	4319	0.015000	17	30003	0.946945	0.948712	0.000505	2.174964
178	9700	4320	0.015000	1	31221	0.985387	0.985387	0.000000	0.000000
178	9700	4321	0.015000	1	31221	0.985387	0.985387	0.000000	0.000000
178	9700	4322	0.015000	1	31221	0.985387	0.985387	0.000000	0.000000
178	9700	4323	0.015000	1	31221	0.985387	0.985387	0.000000	0.000000
178	9700	4324	0.015000	1	31221	0.985387	0.985387	0.000000	0.000000
178	9700	4325	0.015000	1	31221	0.985387	0.985387	0.000000	0.000000
178	9700	4326	0.015000	1	31221	0.985387	0.985387	0.000000	0.000000
178	9700	4327	0.015000	1	31221	0.985387	0.985387	0.000000	0.000000
178	9700	4328	0.015000	1	31221	0.985387	0.985387	0.000000	0.000000
178	9700	4329	0.015000	1	31221	0.985387	0.985387	0.000000	0.000000
178	9700	4330	0.015000	1	31221	0.985387	0.985387	0.000000	0.000000
178	9700	4331	0.015000	1	31221	0.985387	0.985387	0.000000	0.000000
178	9700	4332	0.015000	1	31221	0.985387	0.985387	0.000000	0.000000
178	9700	4333	0.015000	1	31221	0.985387	0.985387	0.000000	0.000000
178	9700	4334	0.015000	1	31221	0.985387	0.985387	0.000000	0.000000
178	9700	4335	0.015000	1	31221	0.985387	0.985387	0.000000	0.000000
178	9700	4336	0.015000	1	31221	0.985387	0.985387	0.000000	0.000000
178	9700	4337	0.015000	1	31221	0.985387	0.985387	0.000000	0.000000
178	9700	4338	0.015000	1	31221	0.985387	0.985387	0.000000	0.000000
178	9700	4339	0.015000	1	31221	0.985387	0.985387	0.000000	0.000000
178	9700	4340	0.015000	1	31221	0.985387	0.985387	0.000000	0.000000
178	9700	4341	0.015000	1	31221	0.985387	0.985387	0.000000	0.000000
178	9700	4342	0.015000	1	31221	0.985387	0.985387	0.000000	0.000000
178	9700	4343	0.015000	1	31221	0.985387	0.985387	0.000000	0.000000
178	9700	4344	0.015000	1	31221	0.985387	0.985387	0.000000	0.000000
178	9700	4345	0.015000	1	31221	0.985387	0.985387	0.000000	0.000000
178	9700	4346	0.015000	1	31221	0.985387	0.985387	0.000000	0.000000
178	9700	4347	0.015000	1	31221	0.985387	0.985387	0.000000	0.000000
178	9700	4348	0.015000	1	31221	0.985387	0.985387	0.000000	0.000000
178	9700	4349	0.015000	1	31221	0.985387	0.985387	0.000000	0.000000
178	9700	4350	0.015000	1	31221	0.985387	0.985387	0.000000	0.000000
178	9700	4351	0.015000	1	31221	0.985387	0.985387	0.000000	0.000000
178	9700	4352	0.015000	13	30234	0.954236	0.954898	0.000158	1.095445
178	9700	4353	0.015000	1	31221	0.985387	0.985387	0.000000	0.000000
178	9700	4354	0.015000	1	31221	0.985387	0.985387	0.000000	0.000000
178	9700	4355	0.015000	1	31219	0.985324	0.985324	0.000000	0.000000
178	9700	4356	0.015000	1	31221	0.985387	0.985387	0.000000	0.000000
178	9700	4357	0.015000	1	31221	0.985387	0.985387	0.000000	0.000000
178	9700	4358	0.015000	1	31221	0.985387	0.985387	0.000000	0.000000
178	9700	4359	0.015000	1	31221	0.985387	0.985387	0.000000	0.000000
178	9700	4360	0.015000	1	31221	0.985387	0.985387	0.000000	0.000000
178	9700	4361	0.015000	1	31221	0.985387	0.985387	0.000000	0.000000
178	9700	4362	0.015000	1	31221	0.985387	0.985387	0.000000	0.000000
178	9700	4363	0.015000	1	31221	0.985387	0.985387	0.000000	0.000000
178	9700	4364	0.015000	1	31221	0.985387	0.985387	0.000000	0.000000
178	9700	4365	0.015000	1	31221	0.985387	0.985387	0.000000	0.000000
178	9700	4366	0.015000	1	31221	0.985387	0.985387	0.000000	0.000000
178	9700	4367	0.015000	1	31221	0.985387	0.985387	0.000000	0.000000
178	9700	4368	0.015000	1	31196	0.984598	0.984598	0.000000	0.000000
178	9700	4369	0.015000	1	31221	0.985387	0.985387	0.000000	0.000000
178	9700	4370	0.015000	1	31221	0.985387	0.985387	0.000000	0.000000
178	9700	4371	0.015000	1	31221	0.985387	0.985387	0.000000	0.000000
178	9700	4372	0.015000	1	31219	0.985324	0.985324	0.000000	0.000000
178	9700	4373	0.015000	1	31221	0.985387	0.985387	0.000000	0.000000
178	9700	4374	0.015000	1	31221	0.985387	0.985387	0.000000	0.000000
178	9700	4375	0.015000	1	31221	0.985387	0.985387	0.000000	0.000000
178	9700	4376	0.015000	1	31221	0.985387	0.985387	0.000000	0.000000
178	9700	4377	0.015000	1	31221	0.985387	0.985387	0.000000	0.000000
178	9700	4378	0.015000	1	31221	0.985387	0.985387	0.000000	0.000000
178	9700	4379	0.015000	1	31221	0.985387	0.985387	0.000000	0.000000
178	9700	4380	0.015000	1	31221	0.985387	0.985387	0.000000	0.000000
178	9700	4381	0.015000	1	31221	0.985387	0.985387	0.000000	0.000000
178	9700	4382	0.015000	1	31221	0.985387	0.985387	0.000000	0.000000
178	9700	4383	0.015000	1	31221	0.985387	0.985387	0.000000	0.000000
178	9700	4384	0.015000	1	31221	0.985387	0.985387	0.000000	0.000000
178	9700	4385	0.015000	1	31221	0.985387	0.985387	0.000000	0.000000
178	9700	4386	0.015000	1	31221	0.985387	0.985387	0.000000	0.000000
178	9700	4387	0.015000	1	31221	0.985387	0.985387	0.000000	0.000000
178	9700	4388	0.015000	1	31221	0.985387	0.985387	0.000000	0.000000
178	9700	4389	0.015000	1	31221	0.985387	0.985387	0.000000	0.000000
178	9700	4390	0.015000	1	31221	0.985387	0.985387	0.000000	0.000000
178	9700	4391	0.015000	1	31221	0.985387	0.985387	0.000000	0.000000
178	9700	4392	0.015000	1	31221	0.985387	0.985387	0.000000	0.000000
178	9700	4393	0.015000	1	31221	0.985387	0.985387	0.000000	0.000000
178	9700	4394	0.015000	1	31221	0.985387	0.985387	0.000000	0.000000
178	9700	4395	0.015000	1	31221	0.985387	0.985387	0.000000	0.000000
178	9700	4396	0.015000	1	31221	0.985387	0.985387	0.000000	0.000000
178	9700	4397	0.015000	1	31221	0.985387	0.985387	0.000000	0.000000
178	9700	4398	0.015000	1	31221	0.985387	0.985387	0.000000	0.000000
178	9700	4399	0.015000	1	31221	0.985387	0.985387	0.000000	0.000000
178	9700	4400	0.015000	1	31221	0.985387	0.985387	0.000000	0.000000
178	9700	4401	0.015000	1	31221	0.985387	0.985387	0.000000	0.000000
178	9700	4402	0.015000	1	31221	0.985387	0.985387	0.000000	0.000000
178	9700	4403	0.015000	1	31221	0.985387	0.985387	0.000000	0.000000
178	9700	4404	0.015000	1	31221	0.985387	0.985387	0.000000	0.000000
178	9700	4405	0.015000	105	24862	0.784686	0.798573	0.001010	3.582591
178	9700	4406	0.015000	1	31221	0.985387	0.985387	0.000000	0.000000
178	9700	4407	0.015000	1	31221	0.985387	0.985387	0.000000	0.000000
178	9700	4408	0.015000	1	31221	0.985387	0.985387	0.000000	0.000000
178	9700	4409	0.015000	1	31221	0.985387	0.985387	0.000000	0.000000
178	9700	4410	0.015000	1	31221	0.985387	0.985387	0.000000	0.000000
178	9700	4411	0.015000	1	31221	0.985387	0.985387	0.000000	0.000000
178	9700	4412	0.015000	1	31221	0.985387	0.985387	0.000000	0.000000
178	9700	4413	0.015000	1	31221	0.985387	0.985387	0.000000	0.000000
178	9700	4414	0.015000	1	31221	0.985387	0.985387	0.000000	0.000000
178	9700	4415	0.015000	1	31221	0.985387	0.985387	0.000000	0.000000
178	9700	4416	0.015000	1	31221	0.985387	0.985387	0.000000	0.000000
178	9700	4417	0.015000	1	31221	0.985387	0.985387	0.000000	0.000000
178	9700	4418	0.015000	1	31221	0.985387	0.985387	0.000000	0.000000
178	9700	4419	0.015000	1	31221	0.985387	0.985387	0.000000	0.000000
178	9700	4420	0.015000	1	31221	0.985387	0.985387	0.000000	0.000000
178	9700	4421	0.015000	1	31221	0.985387	0.985387	0.000000	0.000000
178	9700	4422	0.015000	1	31221	0.985387	0.985387	0.000000	0.000000
178	9700	4423	0.015000	1	31221	0.985387	0.985387	0.000000	0.000000
178	9700	4424	0.015000	1	31221	0.985387	0.985387	0.000000	0.000000
178	9700	4425	0.015000	1	31221	0.985387	0.985387	0.000000	0.000000
178	9700	4426	0.015000	1	31221	0.985387	0.985387	0.000000	0.000000
178	9700	4427	0.015000	1	31221	0.985387	0.985387	0.000000	0.000000
178	9700	4428	0.015000	1	31221	0.985387	0.985387	0.000000	0.000000
178	9700	4429	0.015000	1	31221	0.985387	0.985387	0.000000	0.000000
178	9700	4430	0.015000	1	31221	0.985387	0.985387	0.000000	0.000000
178	9700	4431	0.015000	1	31221	0.985387	0.985387	0.000000	0.000000
178	9700	4432	0.015000	1	31221	0.985387	0.985387	0.000000	0.000000
178	9700	4433	0.015000	1	31221	0.985387	0.985387	0.000000	0.000000
178	9700	4434	0.015000	1	31221	0.985387	0.985387	0.000000	0.000000
178	9700	4435	0.015000	1	31221	0.985387	0.985387	0.000000	0.000000
178	9700	4436	0.015000	1	31221	0.985387	0.985387	0.000000	0.000000
178	9700	4437	0.015000	1	31221	0.985387	0.985387	0.000000	0.000000
178	9700	4438	0.015000	1	31221	0.985387	0.985387	0.000000	0.000000
178	9700	4439	0.015000	1	31221	0.985387	0.985387	0.000000	0.000000
178	9700	4440	0.015000	1	31221	0.985387	0.985387	0.000000	0.000000
178	9700	4441	0.015000	1	31221	0.985387	0.985387	0.000000	0.000000
178	9700	4442	0.015000	1	31221	0.985387	0.985387	0.000000	0.000000
178	9700	4443	0.015000	1	31221	0.985387	0.985387	0.000000	0.000000
178	9700	4444	0.015000	1	31221	0.985387	0.985387	0.000000	0.000000
178	9700	4445	0.015000	1	31221	0.985387	0.985387	0.000000	0.000000
178	9700	4446	0.015000	1	31221	0.985387	0.985387	0.000000	0.000000
178	9700	4447	0.015000	1	31221	0.985387	0.985387	0.000000	0.000000
178	9700	4448	0.015000	1	31221	0.985387	0.985387	0.000000	0.000000
178	9700	4449	0.015000	1	31221	0.985387	0.985387	0.000000	0.000000
178	9700	4450	0.015000	1	31221	0.985387	0.985387	0.000000	0.000000
178	9700	4451	0.015000	1	31221	0.985387	0.985387	0.000000	0.000000
178	9700	4452	0.015000	1	31221	0.985387	0.985387	0.000000	0.000000
178	9700	4453	0.015000	1	31221	0.985387	0.985387	0.000000	0.000000
178	9700	4454	0.015000	1	31221	0.985387	0.985387	0.000000	0.000000
178	9700	4455	0.015000	1	31221	0.985387	0.985387	0.000000	0.000000
178	9700	4456	0.015000	1	31221	0.985387	0.985387	0.000000	0.000000
178	9700	4457	0.015000	1	31221	0.985387	0.985387	0.000000	0.000000
178	9700	4458	0.015000	1	31221	0.985387	0.985387	0.000000	0.000000
178	9700	4459	0.015000	1	31221	0.985387	0.985387	0.000000	0.000000
178	9700	4460	0.015000	1	31221	0.985387	0.985387	0.000000	0.000000
178	9700	4461	0.015000	1	31221	0.985387	0.985387	0.000000	0.000000
178	9700	4462	0.015000	1	31221	0.985387	0.985387	0.000000	0.000000
178	9700	4463	0.015000	1	31221	0.985387	0.985387	0.000000	0.000000
178	9700	4464	0.015000	1	31221	0.985387	0.985387	0.000000	0.000000
178	9700	4465	0.015000	1	31221	0.985387	0.985387	0.000000	0.000000
178	9700	4466	0.015000	1	31221	0.985387	0.985387	0.000000	0.000000
178	9700	4467	0.015000	1	31221	0.985387	0.985387	0.000000	0.000000
178	9700	4468	0.015000	1	31221	0.985387	0.985387	0.000000	0.000000
178	9700	4469	0.015000	1	31221	0.985387	0.985387	0.000000	0.000000
178	9700	4470	0.015000	1	31221	0.985387	0.985387	0.000000	0.000000
178	9700	4471	0.015000	1	31221	0.985387	0.985387	0.000000	0.000000
178	9700	4472	0.015000	1	31221	0.985387	0.985387	0.000000	0.000000
178	9700	4473	0.015000	1	31221	0.985387	0.985387	0.000000	0.000000
178	9700	4474	0.015000	1	31221	0.985387	0.985387	0.000000	0.000000
178	9700	4475	0.015000	1	31221	0.985387	0.985387	0.000000	0.000000
178	9700	4476	0.015000	1	31221	0.985387	0.985387	0.000000	0.000000
178	9700	4477	0.015000	1	31221	0.985387	0.985387	0.000000	0.000000
178	9700	4478	0.015000	1	31221	0.985387	0.985387	0.000000	0.000000
178	9700	4479	0.015000	1	31221	0.985387	0.985387	0.000000	0.000000
178	9700	4480	0.015000	1	31221	0.985387	0.985387	0.000000	0.000000
178	9700	4481	0.015000	1	31221	0.985387	0.985387	0.000000	0.000000
178	9700	4482	0.015000	1	31221	0.985387	0.985387	0.000000	0.000000
178	9700	4483	0.015000	1	31221	0.985387	0.985387	0.000000	0.000000
178	9700	4484	0.015000	1	31221	0.985387	0.985387	0.000000	0.000000
178	9700	4485	0.015000	1	31221	0.985387	0.985387	0.000000	0.000000
178	9700	4486	0.015000	1	31221	0.985387	0.985387	0.000000	0.000000
178	9700	4487	0.015000	1	31221	0.985387	0.985387	0.000000	0.000000
178	9700	4488	0.015000	1	31221	0.985387	0.985387	0.000000	0.000000
178	9700	4489	0.015000	1	31221	0.985387	0.985387	0.000000	0.000000
178	9700	4490	0.015000	1	31221	0.985387	0.985387	0.000000	0.000000
178	9700	4491	0.015000	1	31221	0.985387	0.985387	0.000000	0.000000
178	9700	4492	0.015000	1	31221	0.985387	0.985387	0.000000	0.000000
178	9700	4493	0.015000	1	31221	0.985387	0.985387	0.000000	0.000000
178	9700	4494	0.015000	1	31221	0.985387	0.985387	0.000000	0.000000
178	9700	4495	0.015000	1	31221	0.985387	0.985387	0.000000	0.000000
178	9700	4496	0.015000	1	31221	0.985387	0.985387	0.000000	0.000000
178	9700	4497	0.015000	1	31221	0.985387	0.985387	0.000000	0.000000
178	9700	4498	0.015000	1	31221	0.985387	0.985387	0.000000	0.000000
178	9700	4499	0.015000	1	31221	0.985387	0.985387	0.000000	0.000000
178	9700	4500	0.015000	1	31221	0.985387	0.985387	0.000000	0.000000
178	9700	4501	0.015000	1	31221	0.985387	0.985387	0.000000	0.000000
178	9700	4502	0.015000	1	31221	0.985387	0.985387	0.000000	0.000000
178	9700	4503	0.015000	1	31221	0.985387	0.985387	0.000000	0.000000
178	9700	4504	0.015000	1	31221	0.985387	0.985387	0.000000	0.000000
178	9700	4505	0.015000	1	31221	0.985387	0.985387	0.000000	0.000000
178	9700	4506	0.015000	1	31221	0.985387	0.985387	0.000000	0.000000
178	9700	4507	0.015000	1	31221	0.985387	0.985387	0.000000	0.000000
178	9700	4508	0.015000	1	31221	0.985387	0.985387	0.000000	0.000000
178	9700	4509	0.015000	1	31221	0.985387	0.985387	0.000000	0.000000
178	9700	4510	0.015000	1	31221	0.985387	0.985387	0.000000	0.000000
178	9700	4511	0.015000	1	31221	0.985387	0.985387	0.000000	0.000000
178	9700	4512	0.015000	1	31221	0.985387	0.985387	0.000000	0.000000
178	9700	4513	0.015000	1	31221	0.985387	0.985387	0.000000	0.000000
178	9700	4514	0.015000	1	31221	0.985387	0.985387	0.000000	0.000000
178	9700	4515	0.015000	1	31221	0.985387	0.985387	0.000000	0.000000
178	9700	4516	0.015000	1	31221	0.985387	0.985387	0.000000	0.000000
178	9700	4517	0.015000	1	31221	0.985387	0.985387	0.000000	0.000000
178	9700	4518	0.015000	1	31221	0.985387	0.985387	0.000000	0.000000
178	9700	4519	0.015000	1	31221	0.985387	0.985387	0.000000	0.000000
178	9700	4520	0.015000	1	31221	0.985387	0.985387	0.000000	0.000000
178	9700	4521	0.015000	1	31221	0.985387	0.985387	0.000000	0.000000
178	9700	4522	0.015000	1	31221	0.985387	0.985387	0.000000	0.000000
178	9700	4523	0.015000	1	31221	0.985387	0.985387	0.000000	0.000000
178	9700	4524	0.015000	1	31221	0.985387	0.985387	0.000000	0.000000
178	9700	4525	0.015000	1	31221	0.985387	0.985387	0.000000	0.000000
178	9700	4526	0.015000	1	31221	0.985387	0.985387	0.000000	0.000000
178	9700	4527	0.015000	1	31221	0.985387	0.985387	0.000000	0.000000
178	9700	4528	0.015000	1	31221	0.985387	0.985387	0.000000	0.000000
178	9700	4529	0.015000	1	31221	0.985387	0.985387	0.000000	0.000000
178	9700	4530	0.015000	1	31221	0.985387	0.985387	0.000000	0.000000
178	9700	4531	0.015000	1	31221	0.985387	0.985387	0.000000	0.000000
178	9700	4532	0.015000	1	31221	0.985387	0.985387	0.000000	0.000000
178	9700	4533	0.015000	1	31221	0.985387	0.985387	0.000000	0.000000
178	9700	4534	0.015000	1	31221	0.985387	0.985387	0.000000	0.000000
178	9700	4535	0.015000	1	31221	0.985387	0.985387	0.000000	0.000000
178	9700	4536	0.015000	1	31221	0.985387	0.985387	0.000000	0.000000
178	9700	4537	0.015000	1	31221	0.985387	0.985387	0.000000	0.000000
178	9700	4538	0.015000	1	31221	0.985387	0.985387	0.000000	0.000000
178	9700	4539	0.015000	1	31221	0.985387	0.985387	0.000000	0.000000
178	9700	4540	0.015000	1	31221	0.985387	0.985387	0.000000	0.000000
178	9700	4541	0.015000	1	31221	0.985387	0.985387	0.000000	0.000000
178	9700	4542	0.015000	1	31221	0.985387	0.985387	0.000000	0.000000
178	9700	4543	0.015000	1	31221	0.985387	0.985387	0.000000	0.000000
178	9700	4544	0.015000	1	31221	0.985387	0.985387	0.000000	0.000000
178	9700	4545	0.015000	1	31221	0.985387	0.985387	0.000000	0.000000
178	9700	4546	0.015000	1	31221	0.985387	0.985387	0.000000	0.000000
178	9700	4547	0.015000	1	31221	0.985387	0.985387	0.000000	0.000000
178	9700	4548	0.015000	1	31221	0.985387	0.985387	0.000000	0.000000
178	9700	4549	0.015000	1	31221	0.985387	0.985387	0.000000	0.000000
178	9700	4550	0.015000	1	31221	0.985387	0.985387	0.000000	0.000000
178	9700	4551	0.015000	1	31221	0.985387	0.985387	0.000000	0.000000
178	9700	4552	0.015000	1	31221	0.985387	0.985387	0.000000	0.000000
178	9700	4553	0.015000	1	31221	0.985387	0.985387	0.000000	0.000000
178	9700	4554	0.015000	1	31221	0.985387	0.985387	0.000000	0.000000
178	9700	4555	0.015000	1	31221	0.985387	0.985387	0.000000	0.000000
178	9700	4556	0.015000	1	31221	0.985387	0.985387	0.000000	0.000000
178	9700	4557	0.015000	1	30949	0.976802	0.976802	0.000000	0.000000
178	9700	4558	0.015000	1	31221	0.985387	0.985387	0.000000	0.000000
178	9700	4559	0.015000	1	31221	0.985387	0.985387	0.000000	0.000000
178	9700	4560	0.015000	1	31221	0.985387	0.985387	0.000000	0.000000
178	9700	4561	0.015000	1	31221	0.985387	0.985387	0.000000	0.000000
178	9700	4562	0.015000	1	31221	0.985387	0.985387	0.000000	0.000000
178	9700	4563	0.015000	1	31221	0.985387	0.985387	0.000000	0.000000
178	9700	4564	0.015000	1	31221	0.985387	0.985387	0.000000	0.000000
178	9700	4565	0.015000	1	31221	0.985387	0.985387	0.000000	0.000000
178	9700	4566	0.015000	1	31221	0.985387	0.985387	0.000000	0.000000
178	9700	4567	0.015000	1	31221	0.985387	0.985387	0.000000	0.000000
178	9700	4568	0.015000	1	31221	0.985387	0.985387	0.000000	0.000000
178	9700	4569	0.015000	1	31221	0.985387	0.985387	0.000000	0.000000
178	9700	4570	0.015000	1	31221	0.985387	0.985387	0.000000	0.000000
178	9700	4571	0.015000	1	31221	0.985387	0.985387	0.000000	0.000000
178	9700	4572	0.015000	1	31221	0.985387	0.985387	0.000000	0.000000
178	9700	4573	0.015000	1	31221	0.985387	0.985387	0.000000	0.000000
178	9700	4574	0.015000	1	31221	0.985387	0.985387	0.000000	0.000000
178	9700	4575	0.015000	1	31221	0.985387	0.985387	0.000000	0.000000
178	9700	4576	0.015000	1	31221	0.985387	0.985387	0.000000	0.000000
178	9700	4577	0.015000	1	31221	0.985387	0.985387	0.000000	0.000000
178	9700	4578	0.015000	1	31221	0.985387	0.985387	0.000000	0.000000
178	9700	4579	0.015000	1	31221	0.985387	0.985387	0.000000	0.000000
178	9700	4580	0.015000	1	31221	0.985387	0.985387	0.000000	0.000000
178	9700	4581	0.015000	1	31221	0.985387	0.985387	0.000000	0.000000
178	9700	4582	0.015000	1	31221	0.985387	0.985387	0.000000	0.000000
178	9700	4583	0.015000	1	31221	0.985387	0.985387	0.000000	0.000000
178	9700	4584	0.015000	1	31221	0.985387	0.985387	0.000000	0.000000
178	9700	4585	0.015000	1	31221	0.985387	0.985387	0.000000	0.000000
178	9700	4586	0.015000	1	31221	0.985387	0.985387	0.000000	0.000000
178	9700	4587	0.015000	1	31221	0.985387	0.985387	0.000000	0.000000
178	9700	4588	0.015000	1	31221	0.985387	0.985387	0.000000	0.000000
178	9700	4589	0.015000	1	31221	0.985387	0.985387	0.000000	0.000000
178	9700	4590	0.015000	1	31221	0.985387	0.985387	0.000000	0.000000
178	9700	4591	0.015000	1	31221	0.985387	0.985387	0.000000	0.000000
178	9700	4592	0.015000	1	31221	0.985387	0.985387	0.000000	0.000000
178	9700	4593	0.015000	1	31221	0.985387	0.985387	0.000000	0.000000
178	9700	4594	0.015000	1	31221	0.985387	0.985387	0.000000	0.000000
178	9700	4595	0.015000	1	31221	0.985387	0.985387	0.000000	0.000000
178	9700	4596	0.015000	1	31221	0.985387	0.985387	0.000000	0.000000
178	9700	4597	0.015000	1	31221	0.985387	0.985387	0.000000	0.000000
178	9700	4598	0.015000	1	31221	0.985387	0.985387	0.000000	0.000000
178	9700	4599	0.015000	1	31221	0.985387	0.985387	0.000000	0.000000
178	9700	4600	0.015000	1	31221	0.985387	0.985387	0.000000	0.000000
178	9700	4601	0.015000	1	31221	0.985387	0.985387	0.000000	0.000000
178	9700	4602	0.015000	1	31221	0.985387	0.985387	0.000000	0.000000
178	9700	4603	0.015000	1	31221	0.985387	0.985387	0.000000	0.000000
178	9700	4604	0.015000	1	31221	0.985387	0.985387	0.000000	0.000000
178	9700	4605	0.015000	1	31221	0.985387	0.985387	0.000000	0.000000
178	9700	4606	0.015000	1	31221	0.985387	0.985387	0.000000	0.000000
178	9700	4607	0.015000	1	31221	0.985387	0.985387	0.000000	0.000000
178	9700	4608	0.015000	1	31221	0.985387	0.985387	0.000000	0.000000
178	9700	4609	0.015000	1	31221	0.985387	0.985387	0.000000	0.000000
178	9700	4610	0.015000	1	31221	0.985387	0.985387	0.000000	0.000000
178	9700	4611	0.015000	1	31221	0.985387	0.985387	0.000000	0.000000
178	9700	4612	0.015000	1	31221	0.985387	0.985387	0.000000	0.000000
178	9700	4613	0.015000	1	31221	0.985387	0.985387	0.000000	0.000000
178	9700	4614	0.015000	1	31221	0.985387	0.985387	0.000000	0.000000
178	9700	4615	0.015000	1	31221	0.985387	0.985387	0.000000	0.000000
178	9700	4616	0.015000	1	31221	0.985387	0.985387	0.000000	0.000000
178	9700	4617	0.015000	1	31221	0.985387	0.985387	0.000000	0.000000
178	9700	4618	0.015000	1	31221	0.985387	0.985387	0.000000	0.000000
178	9700	4619	0.015000	1	31221	0.985387	0.985387	0.000000	0.000000
178	9700	4620	0.015000	1	31221	0.985387	0.985387	0.000000	0.000000
178	9700	4621	0.015000	1	31221	0.985387	0.985387	0.000000	0.000000
178	9700	4622	0.015000	1	31221	0.985387	0.985387	0.000000	0.000000
178	9700	4623	0.015000	1	31221	0.985387	0.985387	0.000000	0.000000
178	9700	4624	0.015000	1	31221	0.985387	0.985387	0.000000	0.000000
178	9700	4625	0.015000	1	31221	0.985387	0.985387	0.000000	0.000000
178	9700	4626	0.015000	8	30241	0.954457	0.954993	0.000189	1.054093
178	9700	4627	0.015000	1	31221	0.985387	0.985387	0.000000	0.000000
178	9700	4628	0.015000	1	31221	0.985387	0.985387	0.000000	0.000000
178	9700	4629	0.015000	1	31221	0.985387	0.985387	0.000000	0.000000
178	9700	4630	0.015000	1	31221	0.985387	0.985387	0.000000	0.000000
178	9700	4631	0.015000	1	31221	0.985387	0.985387	0.000000	0.000000
178	9700	4632	0.015000	1	31221	0.985387	0.985387	0.000000	0.000000
178	9700	4633	0.015000	1	31221	0.985387	0.985387	0.000000	0.000000
178	9700	4634	0.015000	1	31221	0.985387	0.985387	0.000000	0.000000
178	9700	4635	0.015000	1	31221	0.985387	0.985387	0.000000	0.000000
178	9700	4636	0.015000	1	31221	0.985387	0.985387	0.000000	0.000000
178	9700	4637	0.015000	1	31221	0.985387	0.985387	0.000000	0.000000
178	9700	4638	0.015000	1	31221	0.985387	0.985387	0.000000	0.000000
178	9700	4639	0.015000	1	31221	0.985387	0.985387	0.000000	0.000000
178	9700	4640	0.015000	1	31221	0.985387	0.985387	0.000000	0.000000
178	9700	4641	0.015000	16	29562	0.933026	0.934888	0.000537	1.920568
178	9700	4642	0.015000	1	31221	0.985387	0.985387	0.000000	0.000000
178	9700	4643	0.015000	1	31221	0.985387	0.985387	0.000000	0.000000
178	9700	4644	0.015000	1	31221	0.985387	0.985387	0.000000	0.000000
178	9700	4645	0.015000	1	31221	0.985387	0.985387	0.000000	0.000000
178	9700	4646	0.015000	1	31221	0.985387	0.985387	0.000000	0.000000
178	9700	4647	0.015000	1	31221	0.985387	0.985387	0.000000	0.000000
178	9700	4648	0.015000	1	31221	0.985387	0.985387	0.000000	0.000000
178	9700	4649	0.015000	1	31221	0.985387	0.985387	0.000000	0.000000
178	9700	4650	0.015000	1	31221	0.985387	0.985387	0.000000	0.000000
178	9700	4651	0.015000	1	31221	0.985387	0.985387	0.000000	0.000000
178	9700	4652	0.015000	1	31185	0.984251	0.984251	0.000000	0.000000
178	9700	4653	0.015000	1	31221	0.985387	0.985387	0.000000	0.000000
178	9700	4654	0.015000	1	31221	0.985387	0.985387	0.000000	0.000000
178	9700	4655	0.015000	1	31221	0.985387	0.985387	0.000000	0.000000
178	9700	4656	0.015000	1	31221	0.985387	0.985387	0.000000	0.000000
178	9700	4657	0.015000	1	31221	0.985387	0.985387	0.000000	0.000000
178	9700	4658	0.015000	1	31221	0.985387	0.985387	0.000000	0.000000
178	9700	4659	0.015000	1	31221	0.985387	0.985387	0.000000	0.000000
178	9700	4660	0.015000	1	31221	0.985387	0.985387	0.000000	0.000000
178	9700	4661	0.015000	1	31221	0.985387	0.985387	0.000000	0.000000
178	9700	4662	0.015000	1	31221	0.985387	0.985387	0.000000	0.000000
178	9700	4663	0.015000	1	31221	0.985387	0.985387	0.000000	0.000000
178	9700	4664	0.015000	1	31221	0.985387	0.985387	0.000000	0.000000
178	9700	4665	0.015000	1	31172	0.983840	0.983840	0.000000	0.000000
178	9700	4666	0.015000	1	31221	0.985387	0.985387	0.000000	0.000000
178	9700	4667	0.015000	1	31221	0.985387	0.985387	0.000000	0.000000
178	9700	4668	0.015000	1	31221	0.985387	0.985387	0.000000	0.000000
178	9700	4669	0.015000	1	31221	0.985387	0.985387	0.000000	0.000000
178	9700	4670	0.015000	1	31221	0.985387	0.985387	0.000000	0.000000
178	9700	4671	0.015000	1	31221	0.985387	0.985387	0.000000	0.000000
178	9700	4672	0.015000	1	31221	0.985387	0.985387	0.000000	0.000000
178	9700	4673	0.015000	1	31221	0.985387	0.985387	0.000000	0.000000
178	9700	4674	0.015000	1	31221	0.985387	0.985387	0.000000	0.000000
178	9700	4675	0.015000	1	31216	0.985229	0.985229	0.000000	0.000000
178	9700	4676	0.015000	1	31221	0.985387	0.985387	0.000000	0.000000
178	9700	4677	0.015000	1	31221	0.985387	0.985387	0.000000	0.000000
178	9700	4678	0.015000	1	31221	0.985387	0.985387	0.000000	0.000000
178	9700	4679	0.015000	1	31221	0.985387	0.985387	0.000000	0.000000
178	9700	4680	0.015000	1	31221	0.985387	0.985387	0.000000	0.000000
178	9700	4681	0.015000	1	31221	0.985387	0.985387	0.000000	0.000000
178	9700	4682	0.015000	1	31221	0.985387	0.985387	0.000000	0.000000
178	9700	4683	0.015000	1	31221	0.985387	0.985387	0.000000	0.000000
178	9700	4684	0.015000	1	31221	0.985387	0.985387	0.000000	0.000000
178	9700	4685	0.015000	1	31221	0.985387	0.985387	0.000000	0.000000
178	9700	4686	0.015000	1	31221	0.985387	0.985387	0.000000	0.000000
178	9700	4687	0.015000	1	31221	0.985387	0.985387	0.000000	0.000000
178	9700	4688	0.015000	1	31221	0.985387	0.985387	0.000000	0.000000
178	9700	4689	0.015000	1	31221	0.985387	0.985387	0.000000	0.000000
178	9700	4690	0.015000	1	31221	0.985387	0.985387	0.000000	0.000000
178	9700	4691	0.015000	1	31221	0.985387	0.985387	0.000000	0.000000
178	9700	4692	0.015000	1	31221	0.985387	0.985387	0.000000	0.000000
178	9700	4693	0.015000	53	28009	0.884011	0.891238	0.001641	3.689402
178	9700	4694	0.015000	1	31221	0.985387	0.985387	0.000000	0.000000
178	9700	4695	0.015000	1	31221	0.985387	0.985387	0.000000	0.000000
178	9700	4696	0.015000	1	31221	0.985387	0.985387	0.000000	0.000000
178	9700	4697	0.015000	1	31221	0.985387	0.985387	0.000000	0.000000
178	9700	4698	0.015000	1	31221	0.985387	0.985387	0.000000	0.000000
178	9700	4699	0.015000	1	31221	0.985387	0.985387	0.000000	0.000000
178	9700	4700	0.015000	1	31221	0.985387	0.985387	0.000000	0.000000
178	9700	4701	0.015000	1	31221	0.985387	0.985387	0.000000	0.000000
178	9700	4702	0.015000	1	31221	0.985387	0.985387	0.000000	0.000000
178	9700	4703	0.015000	1	31221	0.985387	0.985387	0.000000	0.000000
178	9700	4704	0.015000	1	31221	0.985387	0.985387	0.000000	0.000000
178	9700	4705	0.015000	1	31221	0.985387	0.985387	0.000000	0.000000
178	9700	4706	0.015000	1	31221	0.985387	0.985387	0.000000	0.000000
178	9700	4707	0.015000	1	31221	0.985387	0.985387	0.000000	0.000000
178	9700	4708	0.015000	1	31221	0.985387	0.985387	0.000000	0.000000
178	9700	4709	0.015000	1	31221	0.985387	0.985387	0.000000	0.000000
178	9700	4710	0.015000	1	31221	0.985387	0.985387	0.000000	0.000000
178	9700	4711	0.015000	1	31221	0.985387	0.985387	0.000000	0.000000
178	9700	4712	0.015000	22	29583	0.933689	0.935425	0.000316	1.565248
178	9700	4713	0.015000	1	31221	0.985387	0.985387	0.000000	0.000000
178	9700	4714	0.015000	1	31221	0.985387	0.985387	0.000000	0.000000
178	9700	4715	0.015000	1	31221	0.985387	0.985387	0.000000	0.000000
178	9700	4716	0.015000	1	31221	0.985387	0.985387	0.000000	0.000000
178	9700	4717	0.015000	1	31221	0.985387	0.985387	0.000000	0.000000
178	9700	4718	0.015000	1	31221	0.985387	0.985387	0.000000	0.000000
178	9700	4719	0.015000	1	31221	0.985387	0.985387	0.000000	0.000000
178	9700	4720	0.015000	1	31221	0.985387	0.985387	0.000000	0.000000
178	9700	4721	0.015000	1	31221	0.985387	0.985387	0.000000	0.000000
178	9700	4722	0.015000	1	31221	0.985387	0.985387	0.000000	0.000000
178	9700	4723	0.015000	1	31221	0.985387	0.985387	0.000000	0.000000
178	9700	4724	0.015000	1	31221	0.985387	0.985387	0.000000	0.000000
178	9700	4725	0.015000	1	31221	0.985387	0.985387	0.000000	0.000000
178	9700	4726	0.015000	1	31221	0.985387	0.985387	0.000000	0.000000
178	9700	4727	0.015000	1	31221	0.985387	0.985387	0.000000	0.000000
178	9700	4728	0.015000	1	31221	0.985387	0.985387	0.000000	0.000000
178	9700	4729	0.015000	1	31221	0.985387	0.985387	0.000000	0.000000
178	9700	4730	0.015000	1	31221	0.985387	0.985387	0.000000	0.000000
178	9700	4731	0.015000	1	31221	0.985387	0.985387	0.000000	0.000000
178	9700	4732	0.015000	1	31221	0.985387	0.985387	0.000000	0.000000
178	9700	4733	0.015000	1	31221	0.985387	0.985387	0.000000	0.000000
178	9700	4734	0.015000	1	31221	0.985387	0.985387	0.000000	0.000000
178	9700	4735	0.015000	1	31221	0.985387	0.985387	0.000000	0.000000
178	9700	4736	0.015000	1	31221	0.985387	0.985387	0.000000	0.000000
178	9700	4737	0.015000	1	31221	0.985387	0.985387	0.000000	0.000000
178	9700	4738	0.015000	1	31221	0.985387	0.985387	0.000000	0.000000
178	9700	4739	0.015000	1	31221	0.985387	0.985387	0.000000	0.000000
178	9700	4740	0.015000	1	31221	0.985387	0.985387	0.000000	0.000000
178	9700	4741	0.015000	1	31221	0.985387	0.985387	0.000000	0.000000
178	9700	4742	0.015000	1	31221	0.985387	0.985387	0.000000	0.000000
178	9700	4743	0.015000	1	31221	0.985387	0.985387	0.000000	0.000000
178	9700	4744	0.015000	1	31221	0.985387	0.985387	0.000000	0.000000
178	9700	4745	0.015000	1	31221	0.985387	0.985387	0.000000	0.000000
178	9700	4746	0.015000	1	31221	0.985387	0.985387	0.000000	0.000000
178	9700	4747	0.015000	1	31221	0.985387	0.985387	0.000000	0.000000
178	9700	4748	0.015000	1	31221	0.985387	0.985387	0.000000	0.000000
178	9700	4749	0.015000	1	31221	0.985387	0.985387	0.000000	0.000000
178	9700	4750	0.015000	1	31221	0.985387	0.985387	0.000000	0.000000
178	9700	4751	0.015000	1	31221	0.985387	0.985387	0.000000	0.000000
178	9700	4752	0.015000	1	31221	0.985387	0.985387	0.000000	0.000000
178	9700	4753	0.015000	1	31221	0.985387	0.985387	0.000000	0.000000
178	9700	4754	0.015000	1	31221	0.985387	0.985387	0.000000	0.000000
178	9700	4755	0.015000	1	31209	0.985008	0.985008	0.000000	0.000000
178	9700	4756	0.015000	1	31221	0.985387	0.985387	0.000000	0.000000
178	9700	4757	0.015000	1	31221	0.985387	0.985387	0.000000	0.000000
178	9700	4758	0.015000	1	31221	0.985387	0.985387	0.000000	0.000000
178	9700	4759	0.015000	1	31221	0.985387	0.985387	0.000000	0.000000
178	9700	4760	0.015000	1	31221	0.985387	0.985387	0.000000	0.000000
178	9700	4761	0.015000	1	31221	0.985387	0.985387	0.000000	0.000000
178	9700	4762	0.015000	1	31221	0.985387	0.985387	0.000000	0.000000
178	9700	4763	0.015000	1	31221	0.985387	0.985387	0.000000	0.000000
178	9700	4764	0.015000	1	31074	0.980747	0.980747	0.000000	0.000000
178	9700	4765	0.015000	1	31221	0.985387	0.985387	0.000000	0.000000
178	9700	4766	0.015000	1	31221	0.985387	0.985387	0.000000	0.000000
178	9700	4767	0.015000	1	31221	0.985387	0.985387	0.000000	0.000000
178	9700	4768	0.015000	1	31221	0.985387	0.985387	0.000000	0.000000
178	9700	4769	0.015000	1	31221	0.985387	0.985387	0.000000	0.000000
178	9700	4770	0.015000	1	31221	0.985387	0.985387	0.000000	0.000000
178	9700	4771	0.015000	1	31221	0.985387	0.985387	0.000000	0.000000
178	9700	4772	0.015000	1	31221	0.985387	0.985387	0.000000	0.000000
178	9700	4773	0.015000	1	31221	0.985387	0.985387	0.000000	0.000000
178	9700	4774	0.015000	1	31221	0.985387	0.985387	0.000000	0.000000
178	9700	4775	0.015000	1	31221	0.985387	0.985387	0.000000	0.000000
178	9700	4776	0.015000	1	31221	0.985387	0.985387	0.000000	0.000000
178	9700	4777	0.015000	1	31221	0.985387	0.985387	0.000000	0.000000
178	9700	4778	0.015000	1	31221	0.985387	0.985387	0.000000	0.000000
178	9700	4779	0.015000	1	31221	0.985387	0.985387	0.000000	0.000000
178	9700	4780	0.015000	1	31221	0.985387	0.985387	0.000000	0.000000
178	9700	4781	0.015000	1	31221	0.985387	0.985387	0.000000	0.000000
178	9700	4782	0.015000	1	31221	0.985387	0.985387	0.000000	0.000000
178	9700	4783	0.015000	1	31221	0.985387	0.985387	0.000000	0.000000
178	9700	4784	0.015000	1	31221	0.985387	0.985387	0.000000	0.000000
178	9700	4785	0.015000	1	31221	0.985387	0.985387	0.000000	0.000000
178	9700	4786	0.015000	1	31221	0.985387	0.985387	0.000000	0.000000
178	9700	4787	0.015000	1	31221	0.985387	0.985387	0.000000	0.000000
178	9700	4788	0.015000	1	31221	0.985387	0.985387	0.000000	0.000000
178	9700	4789	0.015000	1	31221	0.985387	0.985387	0.000000	0.000000
178	9700	4790	0.015000	1	31221	0.985387	0.985387	0.000000	0.000000
178	9700	4791	0.015000	1	31221	0.985387	0.985387	0.000000	0.000000
178	9700	4792	0.015000	1	31221	0.985387	0.985387	0.000000	0.000000
178	9700	4793	0.015000	1	31221	0.985387	0.985387	0.000000	0.000000
178	9700	4794	0.015000	1	31221	0.985387	0.985387	0.000000	0.000000
178	9700	4795	0.015000	1	31221	0.985387	0.985387	0.000000	0.000000
178	9700	4796	0.015000	1	31221	0.985387	0.985387	0.000000	0.000000
178	9700	4797	0.015000	1	31221	0.985387	0.985387	0.000000	0.000000
178	9700	4798	0.015000	1	31221	0.985387	0.985387	0.000000	0.000000
178	9700	4799	0.015000	1	31221	0.985387	0.985387	0.000000	0.000000
178	9700	4800	0.015000	1	31221	0.985387	0.985387	0.000000	0.000000
178	9700	4801	0.015000	1	31221	0.985387	0.985387	0.000000	0.000000
178	9700	4802	0.015000	1	31221	0.985387	0.985387	0.000000	0.000000
178	9700	4803	0.015000	1	31221	0.985387	0.985387	0.000000	0.000000
178	9700	4804	0.015000	1	31221	0.985387	0.985387	0.000000	0.000000
178	9700	4805	0.015000	1	31221	0.985387	0.985387	0.000000	0.000000
178	9700	4806	0.015000	1	31221	0.985387	0.985387	0.000000	0.000000
178	9700	4807	0.015000	1	31221	0.985387	0.985387	0.000000	0.000000
178	9700	4808	0.015000	1	31221	0.985387	0.985387	0.000000	0.000000
178	9700	4809	0.015000	1	31221	0.985387	0.985387	0.000000	0.000000
178	9700	4810	0.015000	1	31221	0.985387	0.985387	0.000000	0.000000
178	9700	4811	0.015000	1	31221	0.985387	0.985387	0.000000	0.000000
178	9700	4812	0.015000	1	31221	0.985387	0.985387	0.000000	0.000000
178	9700	4813	0.015000	1	31221	0.985387	0.985387	0.000000	0.000000
178	9700	4814	0.015000	1	31221	0.985387	0.985387	0.000000	0.000000
178	9700	4815	0.015000	1	31221	0.985387	0.985387	0.000000	0.000000
178	9700	4816	0.015000	1	31221	0.985387	0.985387	0.000000	0.000000
178	9700	4817	0.015000	1	31221	0.985387	0.985387	0.000000	0.000000
178	9700	4818	0.015000	1	31221	0.985387	0.985387	0.000000	0.000000
178	9700	4819	0.015000	1	31221	0.985387	0.985387	0.000000	0.000000
178	9700	4820	0.015000	1	31221	0.985387	0.985387	0.000000	0.000000
178	9700	4821	0.015000	1	31221	0.985387	0.985387	0.000000	0.000000
178	9700	4822	0.015000	1	31221	0.985387	0.985387	0.000000	0.000000
178	9700	4823	0.015000	1	31221	0.985387	0.985387	0.000000	0.000000
178	9700	4824	0.015000	1	31221	0.985387	0.985387	0.000000	0.000000
178	9700	4825	0.015000	1	31221	0.985387	0.985387	0.000000	0.000000
178	9700	4826	0.015000	1	31221	0.985387	0.985387	0.000000	0.000000
178	9700	4827	0.015000	1	31221	0.985387	0.985387	0.000000	0.000000
178	9700	4828	0.015000	1	31221	0.985387	0.985387	0.000000	0.000000
178	9700	4829	0.015000	1	31221	0.985387	0.985387	0.000000	0.000000
178	9700	4830	0.015000	1	31221	0.985387	0.985387	0.000000	0.000000
178	9700	4831	0.015000	1	31221	0.985387	0.985387	0.000000	0.000000
178	9700	4832	0.015000	1	31221	0.985387	0.985387	0.000000	0.000000
178	9700	4833	0.015000	1	31221	0.985387	0.985387	0.000000	0.000000
178	9700	4834	0.015000	1	31221	0.985387	0.985387	0.000000	0.000000
178	9700	4835	0.015000	1	31221	0.985387	0.985387	0.000000	0.000000
178	9700	4836	0.015000	1	31221	0.985387	0.985387	0.000000	0.000000
178	9700	4837	0.015000	1	31221	0.985387	0.985387	0.000000	0.000000
178	9700	4838	0.015000	1	31221	0.985387	0.985387	0.000000	0.000000
178	9700	4839	0.015000	6	30467	0.961589	0.961779	0.000063	0.500000
178	9700	4840	0.015000	1	31221	0.985387	0.985387	0.000000	0.000000
178	9700	4841	0.015000	1	31221	0.985387	0.985387	0.000000	0.000000
178	9700	4842	0.015000	1	31221	0.985387	0.985387	0.000000	0.000000
178	9700	4843	0.015000	1	31221	0.985387	0.985387	0.000000	0.000000
178	9700	4844	0.015000	1	31221	0.985387	0.985387	0.000000	0.000000
178	9700	4845	0.015000	1	31221	0.985387	0.985387	0.000000	0.000000
178	9700	4846	0.015000	1	30845	0.973520	0.973520	0.000000	0.000000
178	9700	4847	0.015000	1	31221	0.985387	0.985387	0.000000	0.000000
178	9700	4848	0.015000	1	31221	0.985387	0.985387	0.000000	0.000000
178	9700	4849	0.015000	1	31221	0.985387	0.985387	0.000000	0.000000
178	9700	4850	0.015000	1	31221	0.985387	0.985387	0.000000	0.000000
178	9700	4851	0.015000	1	31221	0.985387	0.985387	0.000000	0.000000
178	9700	4852	0.015000	1	31221	0.985387	0.985387	0.000000	0.000000
178	9700	4853	0.015000	1	31221	0.985387	0.985387	0.000000	0.000000
178	9700	4854	0.015000	1	31221	0.985387	0.985387	0.000000	0.000000
178	9700	4855	0.015000	1	31221	0.985387	0.985387	0.000000	0.000000
178	9700	4856	0.015000	1	31221	0.985387	0.985387	0.000000	0.000000
178	9700	4857	0.015000	1	31221	0.985387	0.985387	0.000000	0.000000
178	9700	4858	0.015000	1	31221	0.985387	0.985387	0.000000	0.000000
178	9700	4859	0.015000	1	31221	0.985387	0.985387	0.000000	0.000000
178	9700	4860	0.015000	1	31221	0.985387	0.985387	0.000000	0.000000
178	9700	4861	0.015000	1	31221	0.985387	0.985387	0.000000	0.000000
178	9700	4862	0.015000	1	31221	0.985387	0.985387	0.000000	0.000000
178	9700	4863	0.015000	1	31221	0.985387	0.985387	0.000000	0.000000
178	9700	4864	0.015000	1	31221	0.985387	0.985387	0.000000	0.000000
178	9700	4865	0.015000	1	31221	0.985387	0.985387	0.000000	0.000000
178	9700	4866	0.015000	1	31221	0.985387	0.985387	0.000000	0.000000
178	9700	4867	0.015000	1	31221	0.985387	0.985387	0.000000	0.000000
178	9700	4868	0.015000	1	31221	0.985387	0.985387	0.000000	0.000000
178	9700	4869	0.015000	1	31216	0.985229	0.985229	0.000000	0.000000
178	9700	4870	0.015000	1	31221	0.985387	0.985387	0.000000	0.000000
178	9700	4871	0.015000	1	31221	0.985387	0.985387	0.000000	0.000000
178	9700	4872	0.015000	1	31221	0.985387	0.985387	0.000000	0.000000
178	9700	4873	0.015000	1	31221	0.985387	0.985387	0.000000	0.000000
178	9700	4874	0.015000	1	31221	0.985387	0.985387	0.000000	0.000000
178	9700	4875	0.015000	1	31221	0.985387	0.985387	0.000000	0.000000
178	9700	4876	0.015000	1	31211	0.985071	0.985071	0.000000	0.000000
178	9700	4877	0.015000	1	31221	0.985387	0.985387	0.000000	0.000000
178	9700	4878	0.015000	1	31221	0.985387	0.985387	0.000000	0.000000
178	9700	4879	0.015000	1	31221	0.985387	0.985387	0.000000	0.000000
178	9700	4880	0.015000	1	31221	0.985387	0.985387	0.000000	0.000000
178	9700	4881	0.015000	1	31221	0.985387	0.985387	0.000000	0.000000
178	9700	4882	0.015000	1	31221	0.985387	0.985387	0.000000	0.000000
178	9700	4883	0.015000	1	31221	0.985387	0.985387	0.000000	0.000000
178	9700	4884	0.015000	1	31221	0.985387	0.985387	0.000000	0.000000
178	9700	4885	0.015000	1	31221	0.985387	0.985387	0.000000	0.000000
178	9700	4886	0.015000	1	31221	0.985387	0.985387	0.000000	0.000000
178	9700	4887	0.015000	1	31221	0.985387	0.985387	0.000000	0.000000
178	9700	4888	0.015000	1	31221	0.985387	0.985387	0.000000	0.000000
178	9700	4889	0.015000	1	31221	0.985387	0.985387	0.000000	0.000000
178	9700	4890	0.015000	1	31221	0.985387	0.985387	0.000000	0.000000
178	9700	4891	0.015000	1	31204	0.984850	0.984850	0.000000	0.000000
178	9700	4892	0.015000	1	31221	0.985387	0.985387	0.000000	0.000000
178	9700	4893	0.015000	1	31221	0.985387	0.985387	0.000000	0.000000
178	9700	4894	0.015000	1	31221	0.985387	0.985387	0.000000	0.000000
178	9700	4895	0.015000	1	31221	0.985387	0.985387	0.000000	0.000000
178	9700	4896	0.015000	1	31196	0.984598	0.984598	0.000000	0.000000
178	9700	4897	0.015000	1	31221	0.985387	0.985387	0.000000	0.000000
178	9700	4898	0.015000	1	31221	0.985387	0.985387	0.000000	0.000000
178	9700	4899	0.015000	1	31221	0.985387	0.985387	0.000000	0.000000
178	9700	4900	0.015000	1	31221	0.985387	0.985387	0.000000	0.000000
178	9700	4901	0.015000	1	31221	0.985387	0.985387	0.000000	0.000000
178	9700	4902	0.015000	1	31221	0.985387	0.985387	0.000000	0.000000
178	9700	4903	0.015000	1	31221	0.985387	0.985387	0.000000	0.000000
178	9700	4904	0.015000	1	31221	0.985387	0.985387	0.000000	0.000000
178	9700	4905	0.015000	1	31221	0.985387	0.985387	0.000000	0.000000
178	9700	4906	0.015000	1	31221	0.985387	0.985387	0.000000	0.000000
178	9700	4907	0.015000	1	31221	0.985387	0.985387	0.000000	0.000000
178	9700	4908	0.015000	1	31221	0.985387	0.985387	0.000000	0.000000
178	9700	4909	0.015000	1	31221	0.985387	0.985387	0.000000	0.000000
178	9700	4910	0.015000	1	31221	0.985387	0.985387	0.000000	0.000000
178	9700	4911	0.015000	1	31221	0.985387	0.985387	0.000000	0.000000
178	9700	4912	0.015000	1	31221	0.985387	0.985387	0.000000	0.000000
178	9700	4913	0.015000	1	31221	0.985387	0.985387	0.000000	0.000000
178	9700	4914	0.015000	1	31221	0.985387	0.985387	0.000000	0.000000
178	9700	4915	0.015000	1	31221	0.985387	0.985387	0.000000	0.000000
178	9700	4916	0.015000	1	31221	0.985387	0.985387	0.000000	0.000000
178	9700	4917	0.015000	1	31221	0.985387	0.985387	0.000000	0.000000
178	9700	4918	0.015000	1	31221	0.985387	0.985387	0.000000	0.000000
178	9700	4919	0.015000	1	31221	0.985387	0.985387	0.000000	0.000000
178	9700	4920	0.015000	1	31221	0.985387	0.985387	0.000000	0.000000
178	9700	4921	0.015000	1	31221	0.985387	0.985387	0.000000	0.000000
178	9700	4922	0.015000	1	31221	0.985387	0.985387	0.000000	0.000000
178	9700	4923	0.015000	1	31221	0.985387	0.985387	0.000000	0.000000
178	9700	4924	0.015000	1	31221	0.985387	0.985387	0.000000	0.000000
178	9700	4925	0.015000	1	31221	0.985387	0.985387	0.000000	0.000000
178	9700	4926	0.015000	1	31221	0.985387	0.985387	0.000000	0.000000
178	9700	4927	0.015000	1	31221	0.985387	0.985387	0.000000	0.000000
178	9700	4928	0.015000	1	31221	0.985387	0.985387	0.000000	0.000000
178	9700	4929	0.015000	1	31221	0.985387	0.985387	0.000000	0.000000
178	9700	4930	0.015000	1	31221	0.985387	0.985387	0.000000	0.000000
178	9700	4931	0.015000	1	31221	0.985387	0.985387	0.000000	0.000000
178	9700	4932	0.015000	1	31221	0.985387	0.985387	0.000000	0.000000
178	9700	4933	0.015000	1	31221	0.985387	0.985387	0.000000	0.000000
178	9700	4934	0.015000	1	31221	0.985387	0.985387	0.000000	0.000000
178	9700	4935	0.015000	1	31221	0.985387	0.985387	0.000000	0.000000
178	9700	4936	0.015000	1	31221	0.985387	0.985387	0.000000	0.000000
178	9700	4937	0.015000	1	31221	0.985387	0.985387	0.000000	0.000000
178	9700	4938	0.015000	1	31221	0.985387	0.985387	0.000000	0.000000
178	9700	4939	0.015000	1	31221	0.985387	0.985387	0.000000	0.000000
178	9700	4940	0.015000	1	31221	0.985387	0.985387	0.000000	0.000000
178	9700	4941	0.015000	1	31221	0.985387	0.985387	0.000000	0.000000
178	9700	4942	0.015000	1	31221	0.985387	0.985387	0.000000	0.000000
178	9700	4943	0.015000	1	31221	0.985387	0.985387	0.000000	0.000000
178	9700	4944	0.015000	1	31221	0.985387	0.985387	0.000000	0.000000
178	9700	4945	0.015000	1	31221	0.985387	0.985387	0.000000	0.000000
178	9700	4946	0.015000	1	31221	0.985387	0.985387	0.000000	0.000000
178	9700	4947	0.015000	1	31221	0.985387	0.985387	0.000000	0.000000
178	9700	4948	0.015000	1	31221	0.985387	0.985387	0.000000	0.000000
178	9700	4949	0.015000	1	31221	0.985387	0.985387	0.000000	0.000000
178	9700	4950	0.015000	1	31221	0.985387	0.985387	0.000000	0.000000
178	9700	4951	0.015000	1	31221	0.985387	0.985387	0.000000	0.000000
178	9700	4952	0.015000	1	31221	0.985387	0.985387	0.000000	0.000000
178	9700	4953	0.015000	1	31221	0.985387	0.985387	0.000000	0.000000
178	9700	4954	0.015000	1	31221	0.985387	0.985387	0.000000	0.000000
178	9700	4955	0.015000	1	31221	0.985387	0.985387	0.000000	0.000000
178	9700	4956	0.015000	1	31221	0.985387	0.985387	0.000000	0.000000
178	9700	4957	0.015000	1	31221	0.985387	0.985387	0.000000	0.000000
178	9700	4958	0.015000	1	31221	0.985387	0.985387	0.000000	0.000000
178	9700	4959	0.015000	1	31221	0.985387	0.985387	0.000000	0.000000
178	9700	4960	0.015000	1	31221	0.985387	0.985387	0.000000	0.000000
178	9700	4961	0.015000	1	31221	0.985387	0.985387	0.000000	0.000000
178	9700	4962	0.015000	1	31221	0.985387	0.985387	0.000000	0.000000
178	9700	4963	0.015000	1	31221	0.985387	0.985387	0.000000	0.000000
178	9700	4964	0.015000	1	31221	0.985387	0.985387	0.000000	0.000000
178	9700	4965	0.015000	1	31221	0.985387	0.985387	0.000000	0.000000
178	9700	4966	0.015000	1	31221	0.985387	0.985387	0.000000	0.000000
178	9700	4967	0.015000	1	31221	0.985387	0.985387	0.000000	0.000000
178	9700	4968	0.015000	1	31221	0.985387	0.985387	0.000000	0.000000
178	9700	4969	0.015000	1	31221	0.985387	0.985387	0.000000	0.000000
178	9700	4970	0.015000	1	31221	0.985387	0.985387	0.000000	0.000000
178	9700	4971	0.015000	1	31221	0.985387	0.985387	0.000000	0.000000
178	9700	4972	0.015000	1	31221	0.985387	0.985387	0.000000	0.000000
178	9700	4973	0.015000	1	31221	0.985387	0.985387	0.000000	0.000000
178	9700	4974	0.015000	1	31221	0.985387	0.985387	0.000000	0.000000
178	9700	4975	0.015000	1	31221	0.985387	0.985387	0.000000	0.000000
178	9700	4976	0.015000	1	31221	0.985387	0.985387	0.000000	0.000000
178	9700	4977	0.015000	1	31221	0.985387	0.985387	0.000000	0.000000
178	9700	4978	0.015000	1	31221	0.985387	0.985387	0.000000	0.000000
178	9700	4979	0.015000	1	31221	0.985387	0.985387	0.000000	0.000000
178	9700	4980	0.015000	1	31221	0.985387	0.985387	0.000000	0.000000
178	9700	4981	0.015000	1	31221	0.985387	0.985387	0.000000	0.000000
178	9700	4982	0.015000	1	31221	0.985387	0.985387	0.000000	0.000000
178	9700	4983	0.015000	1	31221	0.985387	0.985387	0.000000	0.000000
178	9700	4984	0.015000	1	31221	0.985387	0.985387	0.000000	0.000000
178	9700	4985	0.015000	1	31221	0.985387	0.985387	0.000000	0.000000
178	9700	4986	0.015000	1	31221	0.985387	0.985387	0.000000	0.000000
178	9700	4987	0.015000	1	31221	0.985387	0.985387	0.000000	0.000000
178	9700	4988	0.015000	1	31221	0.985387	0.985387	0.000000	0.000000
178	9700	4989	0.015000	1	31221	0.985387	0.985387	0.000000	0.000000
178	9700	4990	0.015000	1	31221	0.985387	0.985387	0.000000	0.000000
178	9700	4991	0.015000	1	31201	0.984756	0.984756	0.000000	0.000000
178	9700	4992	0.015000	1	31221	0.985387	0.985387	0.000000	0.000000
178	9700	4993	0.015000	1	31221	0.985387	0.985387	0.000000	0.000000
178	9700	4994	0.015000	1	31221	0.985387	0.985387	0.000000	0.000000
178	9700	4995	0.015000	1	31221	0.985387	0.985387	0.000000	0.000000
178	9700	4996	0.015000	1	31221	0.985387	0.985387	0.000000	0.000000
178	9700	4997	0.015000	1	31221	0.985387	0.985387	0.000000	0.000000
178	9700	4998	0.015000	1	31221	0.985387	0.985387	0.000000	0.000000
178	9700	4999	0.015000	1	31221	0.985387	0.985387	0.000000	0.000000
178	9700	5000	0.015000	1	31221	0.985387	0.985387	0.000000	0.000000
