400	9490	200	0.015000	835	60625	0.378906	0.452881	0.048500	38.536745
400	9490	201	0.015000	806	53300	0.333125	0.473456	0.117163	64.640524
400	9490	202	0.015000	715	63143	0.394644	0.437769	0.394644	116.604075
400	9490	203	0.015000	1046	57492	0.359325	0.491588	0.069138	46.831917
400	9490	204	0.015000	869	63153	0.394706	0.426881	0.003612	13.434923
400	9490	205	0.015000	848	66165	0.413531	0.437013	0.000412	5.481352
400	9490	206	0.015000	663	51043	0.319019	0.337650	0.319019	112.108321
400	9490	207	0.015000	742	15740	0.098375	0.155675	0.098375	71.865927
400	9490	208	0.015000	944	20242	0.126512	0.271375	0.126512	70.504105
400	9490	209	0.015000	676	78250	0.489063	0.507419	0.000375	4.316506
400	9490	210	0.015000	894	16525	0.103281	0.236462	0.103281	61.719944
400	9490	211	0.015000	975	50815	0.317594	0.364744	0.317594	120.841717
400	9490	212	0.015000	917	14793	0.092456	0.229175	0.092456	52.440726
400	9490	213	0.015000	1200	27082	0.169263	0.335512	0.169263	105.617387
400	9490	214	0.015000	762	19909	0.124431	0.238375	0.124431	70.655354
400	9490	215	0.015000	943	29723	0.185769	0.304812	0.185769	94.757915
400	9490	216	0.015000	898	35968	0.224800	0.305844	0.224800	97.781634
400	9490	217	0.015000	962	52499	0.328119	0.377312	0.328119	122.365108
400	9490	218	0.015000	919	53120	0.332000	0.395225	0.038394	38.660518
400	9490	219	0.015000	721	92967	0.581044	0.600612	0.000406	4.301314
400	9490	220	0.015000	863	90919	0.568244	0.592444	0.000425	4.460854
400	9490	221	0.015000	986	78262	0.489138	0.517069	0.489138	137.940822
400	9490	222	0.015000	1068	46892	0.293075	0.355262	0.032575	32.344741
400	9490	223	0.015000	724	62105	0.388156	0.427206	0.388156	120.980535
400	9490	224	0.015000	1062	14354	0.089713	0.265713	0.089713	59.151974
400	9490	225	0.015000	889	59920	0.374500	0.431831	0.031813	31.562941
400	9490	226	0.015000	901	23025	0.143906	0.303406	0.143906	65.254935
400	9490	227	0.015000	959	39318	0.245737	0.361331	0.245737	88.188808
400	9490	228	0.015000	970	55098	0.344363	0.433481	0.043606	40.916282
400	9490	229	0.015000	616	61174	0.382337	0.398969	0.382337	118.783744
400	9490	230	0.015000	740	79805	0.498781	0.519062	0.000556	4.852060
400	9490	231	0.015000	955	67433	0.421456	0.473600	0.024025	27.689895
400	9490	232	0.015000	907	7303	0.045644	0.152994	0.045644	37.295374
400	9490	233	0.015000	622	70940	0.443375	0.459381	0.000287	3.369074
400	9490	234	0.015000	681	69097	0.431856	0.451744	0.431856	123.082423
400	9490	235	0.015000	941	69419	0.433869	0.468050	0.433869	132.881853
400	9490	236	0.015000	948	3787	0.023669	0.087712	0.023669	29.880240
400	9490	237	0.015000	910	38885	0.243031	0.328519	0.243031	102.639478
400	9490	238	0.015000	750	85698	0.535613	0.558137	0.000450	4.955882
400	9490	239	0.015000	1266	35109	0.219431	0.337231	0.219431	115.083149
400	9490	240	0.015000	679	59569	0.372306	0.393137	0.000356	3.943195
400	9490	241	0.015000	907	72538	0.453363	0.479350	0.000481	6.335027
400	9490	242	0.015000	1029	63773	0.398581	0.446763	0.019094	26.121600
400	9490	243	0.015000	1089	41091	0.256819	0.351756	0.044013	37.432185
400	9490	244	0.015000	938	34922	0.218262	0.323250	0.218262	113.814667
400	9490	245	0.015000	944	26264	0.164150	0.320806	0.164150	97.186259
400	9490	246	0.015000	912	14688	0.091800	0.181594	0.091800	62.149660
400	9490	247	0.015000	739	85831	0.536444	0.555512	0.000394	4.256929
400	9490	248	0.015000	737	52348	0.327175	0.352800	0.327175	118.274338
400	9490	249	0.015000	1324	26634	0.166463	0.408119	0.166463	102.438857
400	9490	250	0.015000	907	30154	0.188463	0.403375	0.188463	87.247272
400	9490	251	0.015000	535	59180	0.369875	0.383663	0.000356	3.990833
400	9490	252	0.015000	686	95620	0.597625	0.617206	0.000369	4.663882
400	9490	253	0.015000	679	65432	0.408950	0.428450	0.408950	122.762644
400	9490	254	0.015000	826	36433	0.227706	0.331487	0.227706	112.226391
400	9490	255	0.015000	807	26902	0.168137	0.238431	0.168137	72.487011
400	9490	256	0.015000	683	36485	0.228031	0.425319	0.178356	79.521994
400	9490	257	0.015000	1188	54024	0.337650	0.388569	0.337650	113.724034
400	9490	258	0.015000	709	62039	0.387744	0.405875	0.387744	118.492039
400	9490	259	0.015000	880	80039	0.500244	0.524675	0.000487	4.638493
400	9490	260	0.015000	957	51628	0.322675	0.379056	0.322675	110.076171
400	9490	261	0.015000	959	20179	0.126119	0.219119	0.126119	62.405042
400	9490	262	0.015000	832	78721	0.492006	0.531481	0.016069	24.575930
400	9490	263	0.015000	730	39966	0.249787	0.288438	0.249787	96.573625
400	9490	264	0.015000	863	23533	0.147081	0.308887	0.147081	67.413773
400	9490	265	0.015000	1044	44930	0.280813	0.382412	0.280813	118.602440
400	9490	266	0.015000	752	69465	0.434156	0.471338	0.016313	24.202112
400	9490	267	0.015000	689	86900	0.543125	0.561744	0.000319	4.119234
400	9490	268	0.015000	860	41354	0.258462	0.384894	0.099750	57.542882
400	9490	269	0.015000	559	61919	0.386994	0.403044	0.000369	4.372093
400	9490	270	0.015000	886	48191	0.301194	0.425638	0.301194	103.692176
400	9490	271	0.015000	684	87955	0.549719	0.568669	0.000612	6.216095
400	9490	272	0.015000	842	89068	0.556675	0.585481	0.003481	12.951694
400	9490	273	0.015000	747	65751	0.410944	0.433744	0.000644	5.565216
400	9490	274	0.015000	660	25370	0.158562	0.233013	0.158562	69.882179
400	9490	275	0.015000	953	41249	0.257806	0.384850	0.257806	112.427273
400	9490	276	0.015000	933	50158	0.313487	0.433594	0.080713	55.086724
400	9490	277	0.015000	1006	30599	0.191244	0.394281	0.191244	77.717304
400	9490	278	0.015000	1033	51873	0.324206	0.386500	0.324206	106.622269
400	9490	279	0.015000	532	80767	0.504794	0.518200	0.000356	4.103463
400	9490	280	0.015000	796	69179	0.432369	0.456975	0.000675	5.849551
400	9490	281	0.015000	975	20630	0.128938	0.298306	0.128938	73.970340
400	9490	282	0.015000	681	71699	0.448119	0.466200	0.000463	5.335220
400	9490	283	0.015000	825	4689	0.029306	0.116263	0.029306	31.840699
400	9490	284	0.015000	928	24861	0.155381	0.374281	0.155381	72.113776
400	9490	285	0.015000	801	58563	0.366019	0.389581	0.000444	5.023847
400	9490	286	0.015000	888	44021	0.275131	0.303394	0.275131	119.303537
400	9490	287	0.015000	974	34622	0.216388	0.372975	0.216388	106.608236
400	9490	288	0.015000	708	83234	0.520212	0.557106	0.016744	26.433795
400	9490	289	0.015000	765	64851	0.405319	0.460300	0.032900	36.254285
400	9490	290	0.015000	979	54998	0.343737	0.407844	0.034506	34.117596
400	9490	291	0.015000	1077	15069	0.094181	0.219531	0.094181	59.748265
400	9490	292	0.015000	798	43439	0.271494	0.384950	0.091475	79.414862
400	9490	293	0.015000	877	47936	0.299600	0.395637	0.070956	45.767839
400	9490	294	0.015000	930	38217	0.238856	0.395231	0.125231	60.625974
400	9490	295	0.015000	643	88095	0.550594	0.568619	0.000431	4.501954
400	9490	296	0.015000	960	34660	0.216625	0.330313	0.216625	88.315817
400	9490	297	0.015000	1135	10309	0.064431	0.179663	0.064431	43.916208
400	9490	298	0.015000	748	73903	0.461894	0.486369	0.000600	6.718088
400	9490	299	0.015000	473	113978	0.712363	0.725494	0.000525	4.667122
400	9490	300	0.015000	884	17072	0.106700	0.290800	0.106700	65.053798
