178	9350	4201	0.015000	7	3	0.000095	0.000347	0.000095	0.666667
178	9350	4202	0.015000	5	4	0.000126	0.000410	0.000126	0.935414
178	9350	4203	0.015000	10	6	0.000189	0.001042	0.000189	1.080123
178	9350	4204	0.015000	4	7	0.000221	0.000379	0.000221	1.142857
178	9350	4205	0.015000	10	8	0.000252	0.000789	0.000252	1.316957
178	9350	4206	0.015000	163	39	0.001231	0.022661	0.001231	4.691397
178	9350	4207	0.015000	14	11	0.000347	0.001452	0.000347	1.724879
178	9350	4208	0.015000	76	24	0.000757	0.008932	0.000757	2.938903
178	9350	4209	0.015000	6	7	0.000221	0.000505	0.000221	1.324803
178	9350	4210	0.015000	23	14	0.000442	0.001925	0.000442	1.681229
178	9350	4211	0.015000	9	8	0.000252	0.000663	0.000252	1.262438
178	9350	4212	0.015000	13	9	0.000284	0.001073	0.000284	1.563472
178	9350	4213	0.015000	0	0	0.000000	0.000000	0.000000	0.000000
178	9350	4214	0.015000	4	10	0.000316	0.000537	0.000316	1.931321
178	9350	4215	0.015000	1	4	0.000126	0.000126	0.000126	0.935414
178	9350	4216	0.015000	14	11	0.000347	0.001136	0.000347	1.636364
178	9350	4217	0.015000	16	18	0.000568	0.001831	0.000568	2.135098
178	9350	4218	0.015000	23	11	0.000347	0.002052	0.000347	1.564059
178	9350	4219	0.015000	4	11	0.000347	0.000600	0.000347	1.700753
178	9350	4220	0.015000	4	3	0.000095	0.000284	0.000095	0.666667
178	9350	4221	0.015000	19	10	0.000316	0.001799	0.000316	1.549193
178	9350	4222	0.015000	4	3	0.000095	0.000252	0.000095	0.816497
178	9350	4223	0.015000	2	11	0.000347	0.000537	0.000347	1.465865
178	9350	4224	0.015000	179	225	0.007101	0.034970	0.007101	9.370688
178	9350	4225	0.015000	2	3	0.000095	0.000189	0.000095	0.816497
178	9350	4226	0.015000	4	14	0.000442	0.000568	0.000442	2.392591
178	9350	4227	0.015000	10	4	0.000126	0.000663	0.000126	0.829156
178	9350	4228	0.015000	2	4	0.000126	0.000158	0.000126	0.866025
178	9350	4229	0.015000	2	8	0.000252	0.000316	0.000252	1.262438
178	9350	4230	0.015000	0	0	0.000000	0.000000	0.000000	0.000000
178	9350	4231	0.015000	23	15	0.000473	0.001673	0.000473	1.849925
178	9350	4232	0.015000	1	3	0.000095	0.000095	0.000095	0.666667
178	9350	4233	0.015000	4	9	0.000284	0.000631	0.000284	1.448712
178	9350	4234	0.015000	15	9	0.000284	0.001231	0.000284	1.482407
178	9350	4235	0.015000	0	0	0.000000	0.000000	0.000000	0.000000
178	9350	4236	0.015000	0	0	0.000000	0.000000	0.000000	0.000000
178	9350	4237	0.015000	1	2	0.000063	0.000063	0.000063	0.500000
178	9350	4238	0.015000	0	0	0.000000	0.000000	0.000000	0.000000
178	9350	4239	0.015000	1	1	0.000032	0.000032	0.000032	0.000000
178	9350	4240	0.015000	0	0	0.000000	0.000000	0.000000	0.000000
178	9350	4241	0.015000	3	5	0.000158	0.000284	0.000158	1.131371
178	9350	4242	0.015000	151	1036	0.032698	0.056054	0.032698	17.618764
178	9350	4243	0.015000	35	11	0.000347	0.002620	0.000347	1.553455
178	9350	4244	0.015000	2	4	0.000126	0.000189	0.000126	0.707107
178	9350	4245	0.015000	4	4	0.000126	0.000316	0.000126	1.118034
178	9350	4246	0.015000	3	4	0.000126	0.000347	0.000126	0.935414
178	9350	4247	0.015000	95	17	0.000537	0.010573	0.000537	2.418212
178	9350	4248	0.015000	4	4	0.000126	0.000252	0.000126	0.829156
178	9350	4249	0.015000	0	0	0.000000	0.000000	0.000000	0.000000
178	9350	4250	0.015000	2	2	0.000063	0.000095	0.000063	0.500000
178	9350	4251	0.015000	119	652	0.020578	0.048857	0.020578	15.778226
178	9350	4252	0.015000	8	15	0.000473	0.001073	0.000473	2.549074
178	9350	4253	0.015000	0	0	0.000000	0.000000	0.000000	0.000000
178	9350	4254	0.015000	4	4	0.000126	0.000379	0.000126	0.829156
178	9350	4255	0.015000	3	11	0.000347	0.000537	0.000347	1.585054
178	9350	4256	0.015000	3	3	0.000095	0.000221	0.000095	0.666667
178	9350	4257	0.015000	19	21	0.000663	0.002178	0.000663	2.525157
178	9350	4258	0.015000	2	4	0.000126	0.000158	0.000126	0.866025
178	9350	4259	0.015000	12	12	0.000379	0.001767	0.000379	1.516117
178	9350	4260	0.015000	2	6	0.000189	0.000284	0.000189	1.301708
178	9350	4261	0.015000	11	9	0.000284	0.001010	0.000284	1.295767
178	9350	4262	0.015000	19	10	0.000316	0.001547	0.000316	1.403567
178	9350	4263	0.015000	132	1615	0.050972	0.072497	0.050972	21.387211
178	9350	4264	0.015000	5	6	0.000189	0.000410	0.000189	1.105542
178	9350	4265	0.015000	3	8	0.000252	0.000410	0.000252	1.414214
178	9350	4266	0.015000	6	14	0.000442	0.000694	0.000442	1.703837
178	9350	4267	0.015000	26	10	0.000316	0.002336	0.000316	1.469694
178	9350	4268	0.015000	0	0	0.000000	0.000000	0.000000	0.000000
178	9350	4269	0.015000	0	0	0.000000	0.000000	0.000000	0.000000
178	9350	4270	0.015000	5	10	0.000316	0.000568	0.000316	1.723369
178	9350	4271	0.015000	8	3	0.000095	0.000473	0.000095	0.816497
178	9350	4272	0.015000	121	280	0.008837	0.029668	0.008837	11.351579
178	9350	4273	0.015000	1	7	0.000221	0.000221	0.000221	1.142857
178	9350	4274	0.015000	65	20	0.000631	0.007733	0.000631	2.612949
178	9350	4275	0.015000	2	4	0.000126	0.000158	0.000126	0.707107
178	9350	4276	0.015000	7	9	0.000284	0.000757	0.000284	1.227262
178	9350	4277	0.015000	129	89	0.002809	0.020073	0.002809	5.265361
178	9350	4278	0.015000	27	10	0.000316	0.002367	0.000316	1.414214
178	9350	4279	0.015000	0	0	0.000000	0.000000	0.000000	0.000000
178	9350	4280	0.015000	4	2	0.000063	0.000189	0.000063	0.500000
178	9350	4281	0.015000	11	6	0.000189	0.000884	0.000189	1.118034
178	9350	4282	0.015000	10	5	0.000158	0.000978	0.000158	1.019804
178	9350	4283	0.015000	10	11	0.000347	0.000978	0.000347	1.949783
178	9350	4284	0.015000	90	24	0.000757	0.012120	0.000757	3.195048
178	9350	4285	0.015000	1	1	0.000032	0.000032	0.000032	0.000000
178	9350	4286	0.015000	0	0	0.000000	0.000000	0.000000	0.000000
178	9350	4287	0.015000	26	7	0.000221	0.001894	0.000221	1.498298
178	9350	4288	0.015000	22	12	0.000379	0.002241	0.000379	1.728037
178	9350	4289	0.015000	129	384	0.012120	0.032004	0.012120	10.927129
178	9350	4290	0.015000	6	9	0.000284	0.000789	0.000284	1.448712
178	9350	4291	0.015000	15	15	0.000473	0.002146	0.000473	2.317086
178	9350	4292	0.015000	181	6193	0.195461	0.227118	0.195461	34.246196
178	9350	4293	0.015000	0	0	0.000000	0.000000	0.000000	0.000000
178	9350	4294	0.015000	2	2	0.000063	0.000095	0.000063	0.500000
178	9350	4295	0.015000	3	3	0.000095	0.000158	0.000095	0.666667
178	9350	4296	0.015000	0	0	0.000000	0.000000	0.000000	0.000000
178	9350	4297	0.015000	12	18	0.000568	0.001578	0.000568	2.034331
178	9350	4298	0.015000	0	0	0.000000	0.000000	0.000000	0.000000
178	9350	4299	0.015000	6	4	0.000126	0.000442	0.000126	1.118034
178	9350	4300	0.015000	0	0	0.000000	0.000000	0.000000	0.000000
178	9350	4301	0.015000	145	1401	0.044218	0.068047	0.044218	18.776424
178	9350	4302	0.015000	3	10	0.000316	0.000726	0.000316	1.577973
178	9350	4303	0.015000	1	3	0.000095	0.000095	0.000095	0.666667
178	9350	4304	0.015000	1	5	0.000158	0.000158	0.000158	0.894427
178	9350	4305	0.015000	6	6	0.000189	0.000505	0.000189	1.067187
178	9350	4306	0.015000	1	8	0.000252	0.000252	0.000252	1.595893
178	9350	4307	0.015000	4	9	0.000284	0.000568	0.000284	1.369870
178	9350	4308	0.015000	4	7	0.000221	0.000505	0.000221	1.160577
178	9350	4309	0.015000	2	4	0.000126	0.000221	0.000126	0.935414
178	9350	4310	0.015000	4	6	0.000189	0.000442	0.000189	1.213352
178	9350	4311	0.015000	1	19	0.000600	0.000600	0.000600	2.088088
178	9350	4312	0.015000	226	594	0.018748	0.057632	0.018748	16.300135
178	9350	4313	0.015000	1	6	0.000189	0.000189	0.000189	1.130388
178	9350	4314	0.015000	12	6	0.000189	0.000757	0.000189	0.957427
178	9350	4315	0.015000	0	0	0.000000	0.000000	0.000000	0.000000
178	9350	4316	0.015000	3	4	0.000126	0.000316	0.000126	0.829156
178	9350	4317	0.015000	0	0	0.000000	0.000000	0.000000	0.000000
178	9350	4318	0.015000	14	15	0.000473	0.001610	0.000473	1.828175
178	9350	4319	0.015000	19	9	0.000284	0.001547	0.000284	1.237281
178	9350	4320	0.015000	1	1	0.000032	0.000032	0.000032	0.000000
178	9350	4321	0.015000	7	6	0.000189	0.000600	0.000189	1.178511
178	9350	4322	0.015000	20	10	0.000316	0.002714	0.000316	1.469694
178	9350	4323	0.015000	5	6	0.000189	0.000347	0.000189	1.201850
178	9350	4324	0.015000	11	20	0.000631	0.001673	0.000631	2.257764
178	9350	4325	0.015000	10	5	0.000158	0.000694	0.000158	1.232883
178	9350	4326	0.015000	190	7736	0.244161	0.271462	0.244161	40.363239
178	9350	4327	0.015000	162	1141	0.036012	0.067132	0.036012	17.660137
178	9350	4328	0.015000	17	12	0.000379	0.001894	0.000379	1.460118
178	9350	4329	0.015000	11	9	0.000284	0.001073	0.000284	1.507184
178	9350	4330	0.015000	0	0	0.000000	0.000000	0.000000	0.000000
178	9350	4331	0.015000	0	0	0.000000	0.000000	0.000000	0.000000
178	9350	4332	0.015000	7	6	0.000189	0.000568	0.000189	1.013794
178	9350	4333	0.015000	184	5902	0.186277	0.210990	0.186277	33.951258
178	9350	4334	0.015000	36	11	0.000347	0.003409	0.000347	1.941287
178	9350	4335	0.015000	0	0	0.000000	0.000000	0.000000	0.000000
178	9350	4336	0.015000	17	11	0.000347	0.001767	0.000347	1.454545
178	9350	4337	0.015000	0	0	0.000000	0.000000	0.000000	0.000000
178	9350	4338	0.015000	6	10	0.000316	0.000852	0.000316	1.552417
178	9350	4339	0.015000	0	0	0.000000	0.000000	0.000000	0.000000
178	9350	4340	0.015000	0	0	0.000000	0.000000	0.000000	0.000000
178	9350	4341	0.015000	11	12	0.000379	0.001389	0.000379	1.672905
178	9350	4342	0.015000	8	11	0.000347	0.000694	0.000347	1.656442
178	9350	4343	0.015000	13	27	0.000852	0.002115	0.000852	2.777531
178	9350	4344	0.015000	184	3857	0.121733	0.150707	0.121733	31.828293
178	9350	4345	0.015000	135	42	0.001326	0.019095	0.001326	4.999887
178	9350	4346	0.015000	1	7	0.000221	0.000221	0.000221	1.484615
178	9350	4347	0.015000	8	4	0.000126	0.000631	0.000126	0.935414
178	9350	4348	0.015000	19	8	0.000252	0.001357	0.000252	1.576190
178	9350	4349	0.015000	0	0	0.000000	0.000000	0.000000	0.000000
178	9350	4350	0.015000	8	16	0.000505	0.001136	0.000505	2.029085
178	9350	4351	0.015000	16	7	0.000221	0.001136	0.000221	1.293626
178	9350	4352	0.015000	2	1	0.000032	0.000063	0.000032	0.000000
178	9350	4353	0.015000	2	4	0.000126	0.000189	0.000126	0.935414
178	9350	4354	0.015000	0	0	0.000000	0.000000	0.000000	0.000000
178	9350	4355	0.015000	10	16	0.000505	0.001231	0.000505	1.926379
178	9350	4356	0.015000	11	9	0.000284	0.001105	0.000284	1.295767
178	9350	4357	0.015000	0	0	0.000000	0.000000	0.000000	0.000000
178	9350	4358	0.015000	4	3	0.000095	0.000284	0.000095	0.816497
178	9350	4359	0.015000	4	3	0.000095	0.000284	0.000095	0.666667
178	9350	4360	0.015000	14	8	0.000252	0.001452	0.000252	1.369306
178	9350	4361	0.015000	7	8	0.000252	0.000568	0.000252	1.198958
178	9350	4362	0.015000	9	7	0.000221	0.000821	0.000221	1.087968
178	9350	4363	0.015000	18	5	0.000158	0.001231	0.000158	0.894427
178	9350	4364	0.015000	9	20	0.000631	0.001199	0.000631	3.214032
178	9350	4365	0.015000	0	0	0.000000	0.000000	0.000000	0.000000
178	9350	4366	0.015000	2	3	0.000095	0.000126	0.000095	0.816497
178	9350	4367	0.015000	10	8	0.000252	0.001136	0.000252	1.262438
178	9350	4368	0.015000	6	3	0.000095	0.000410	0.000095	0.816497
178	9350	4369	0.015000	0	0	0.000000	0.000000	0.000000	0.000000
178	9350	4370	0.015000	22	13	0.000410	0.002809	0.000410	1.642627
178	9350	4371	0.015000	0	0	0.000000	0.000000	0.000000	0.000000
178	9350	4372	0.015000	4	6	0.000189	0.000347	0.000189	1.343710
178	9350	4373	0.015000	20	10	0.000316	0.001957	0.000316	1.459452
178	9350	4374	0.015000	11	4	0.000126	0.000757	0.000126	0.935414
178	9350	4375	0.015000	9	8	0.000252	0.000821	0.000252	1.515544
178	9350	4376	0.015000	7	6	0.000189	0.000568	0.000189	0.957427
178	9350	4377	0.015000	3	4	0.000126	0.000252	0.000126	0.979796
178	9350	4378	0.015000	152	965	0.030457	0.054160	0.030457	16.589128
178	9350	4379	0.015000	1	3	0.000095	0.000095	0.000095	0.816497
178	9350	4380	0.015000	5	14	0.000442	0.000757	0.000442	1.787142
178	9350	4381	0.015000	0	0	0.000000	0.000000	0.000000	0.000000
178	9350	4382	0.015000	0	0	0.000000	0.000000	0.000000	0.000000
178	9350	4383	0.015000	17	10	0.000316	0.001420	0.000316	1.615549
178	9350	4384	0.015000	6	10	0.000316	0.000631	0.000316	1.529706
178	9350	4385	0.015000	3	11	0.000347	0.000537	0.000347	1.553455
178	9350	4386	0.015000	2	3	0.000095	0.000126	0.000095	0.666667
178	9350	4387	0.015000	0	0	0.000000	0.000000	0.000000	0.000000
178	9350	4388	0.015000	0	0	0.000000	0.000000	0.000000	0.000000
178	9350	4389	0.015000	23	8	0.000252	0.001988	0.000252	1.515544
178	9350	4390	0.015000	0	0	0.000000	0.000000	0.000000	0.000000
178	9350	4391	0.015000	1	1	0.000032	0.000032	0.000032	0.000000
178	9350	4392	0.015000	5	4	0.000126	0.000316	0.000126	0.829156
178	9350	4393	0.015000	0	0	0.000000	0.000000	0.000000	0.000000
178	9350	4394	0.015000	2	4	0.000126	0.000189	0.000126	0.935414
178	9350	4395	0.015000	10	8	0.000252	0.000821	0.000252	1.316957
178	9350	4396	0.015000	0	0	0.000000	0.000000	0.000000	0.000000
178	9350	4397	0.015000	9	4	0.000126	0.000568	0.000126	0.707107
178	9350	4398	0.015000	1	2	0.000063	0.000063	0.000063	0.500000
178	9350	4399	0.015000	1	1	0.000032	0.000032	0.000032	0.000000
178	9350	4400	0.015000	4	12	0.000379	0.000473	0.000379	2.564447
178	9350	4401	0.015000	2	5	0.000158	0.000316	0.000158	1.019804
178	9350	4402	0.015000	16	13	0.000410	0.001736	0.000410	1.656974
178	9350	4403	0.015000	0	0	0.000000	0.000000	0.000000	0.000000
178	9350	4404	0.015000	7	5	0.000158	0.000568	0.000158	0.979796
178	9350	4405	0.015000	16	10	0.000316	0.001389	0.000316	1.581139
178	9350	4406	0.015000	6	4	0.000126	0.000442	0.000126	0.866025
178	9350	4407	0.015000	8	6	0.000189	0.000694	0.000189	1.080123
178	9350	4408	0.015000	13	20	0.000631	0.001294	0.000631	3.022416
178	9350	4409	0.015000	3	7	0.000221	0.000284	0.000221	1.277753
178	9350	4410	0.015000	4	3	0.000095	0.000221	0.000095	0.829156
178	9350	4411	0.015000	4	14	0.000442	0.000600	0.000442	2.134508
178	9350	4412	0.015000	8	6	0.000189	0.000915	0.000189	0.971825
178	9350	4413	0.015000	154	325	0.010258	0.037401	0.010258	11.073562
178	9350	4414	0.015000	3	4	0.000126	0.000252	0.000126	0.829156
178	9350	4415	0.015000	25	8	0.000252	0.002115	0.000252	1.165922
178	9350	4416	0.015000	5	6	0.000189	0.000568	0.000189	1.213352
178	9350	4417	0.015000	0	0	0.000000	0.000000	0.000000	0.000000
178	9350	4418	0.015000	2	10	0.000316	0.000505	0.000316	1.800000
178	9350	4419	0.015000	0	0	0.000000	0.000000	0.000000	0.000000
178	9350	4420	0.015000	2	9	0.000284	0.000316	0.000284	1.405457
178	9350	4421	0.015000	2	1	0.000032	0.000063	0.000032	0.000000
178	9350	4422	0.015000	2	3	0.000095	0.000158	0.000095	0.816497
178	9350	4423	0.015000	0	0	0.000000	0.000000	0.000000	0.000000
178	9350	4424	0.015000	24	8	0.000252	0.001767	0.000252	1.709349
178	9350	4425	0.015000	178	1418	0.044754	0.072939	0.044754	20.487718
178	9350	4426	0.015000	0	0	0.000000	0.000000	0.000000	0.000000
178	9350	4427	0.015000	6	3	0.000095	0.000379	0.000095	0.666667
178	9350	4428	0.015000	9	4	0.000126	0.000631	0.000126	0.829156
178	9350	4429	0.015000	18	6	0.000189	0.001168	0.000189	1.201850
178	9350	4430	0.015000	15	4	0.000126	0.000852	0.000126	0.866025
178	9350	4431	0.015000	0	0	0.000000	0.000000	0.000000	0.000000
178	9350	4432	0.015000	221	2766	0.087300	0.122144	0.087300	27.181880
178	9350	4433	0.015000	13	7	0.000221	0.001168	0.000221	1.106567
178	9350	4434	0.015000	0	0	0.000000	0.000000	0.000000	0.000000
178	9350	4435	0.015000	15	13	0.000410	0.001515	0.000410	2.075498
178	9350	4436	0.015000	5	14	0.000442	0.000694	0.000442	1.681204
178	9350	4437	0.015000	23	10	0.000316	0.002178	0.000316	1.691153
178	9350	4438	0.015000	0	0	0.000000	0.000000	0.000000	0.000000
178	9350	4439	0.015000	34	9	0.000284	0.003851	0.000284	1.692394
178	9350	4440	0.015000	146	3340	0.105416	0.126468	0.105416	26.846137
178	9350	4441	0.015000	3	10	0.000316	0.000379	0.000316	1.542725
178	9350	4442	0.015000	45	18	0.000568	0.005586	0.000568	2.509857
178	9350	4443	0.015000	7	5	0.000158	0.000410	0.000158	0.979796
178	9350	4444	0.015000	19	11	0.000347	0.002020	0.000347	1.553455
178	9350	4445	0.015000	11	17	0.000537	0.001452	0.000537	2.101244
178	9350	4446	0.015000	0	0	0.000000	0.000000	0.000000	0.000000
178	9350	4447	0.015000	6	5	0.000158	0.000442	0.000158	1.232883
178	9350	4448	0.015000	3	4	0.000126	0.000189	0.000126	0.866025
178	9350	4449	0.015000	0	0	0.000000	0.000000	0.000000	0.000000
178	9350	4450	0.015000	113	21	0.000663	0.011520	0.000663	2.748737
178	9350	4451	0.015000	3	7	0.000221	0.000284	0.000221	1.470804
178	9350	4452	0.015000	7	7	0.000221	0.000694	0.000221	1.428571
178	9350	4453	0.015000	4	13	0.000410	0.000947	0.000410	2.061194
178	9350	4454	0.015000	0	0	0.000000	0.000000	0.000000	0.000000
178	9350	4455	0.015000	10	14	0.000442	0.001767	0.000442	1.859888
178	9350	4456	0.015000	181	2962	0.093486	0.121576	0.093486	25.359265
178	9350	4457	0.015000	31	21	0.000663	0.003977	0.000663	2.497164
178	9350	4458	0.015000	5	4	0.000126	0.000347	0.000126	0.829156
178	9350	4459	0.015000	0	0	0.000000	0.000000	0.000000	0.000000
178	9350	4460	0.015000	12	11	0.000347	0.001294	0.000347	1.542778
178	9350	4461	0.015000	33	16	0.000505	0.003914	0.000505	2.256934
178	9350	4462	0.015000	178	4242	0.133885	0.161533	0.133885	29.383320
178	9350	4463	0.015000	0	0	0.000000	0.000000	0.000000	0.000000
178	9350	4464	0.015000	8	3	0.000095	0.000379	0.000095	0.666667
178	9350	4465	0.015000	0	0	0.000000	0.000000	0.000000	0.000000
178	9350	4466	0.015000	10	7	0.000221	0.000821	0.000221	1.261680
178	9350	4467	0.015000	7	17	0.000537	0.001294	0.000537	2.256862
178	9350	4468	0.015000	2	5	0.000158	0.000221	0.000158	0.894427
178	9350	4469	0.015000	45	23	0.000726	0.004797	0.000726	2.654667
178	9350	4470	0.015000	6	6	0.000189	0.000473	0.000189	1.080123
178	9350	4471	0.015000	9	21	0.000663	0.001547	0.000663	2.259773
178	9350	4472	0.015000	8	6	0.000189	0.000600	0.000189	1.247219
178	9350	4473	0.015000	4	6	0.000189	0.000316	0.000189	1.213352
178	9350	4474	0.015000	2	3	0.000095	0.000126	0.000095	0.816497
178	9350	4475	0.015000	9	9	0.000284	0.000852	0.000284	1.414214
178	9350	4476	0.015000	2	7	0.000221	0.000252	0.000221	1.142857
178	9350	4477	0.015000	0	0	0.000000	0.000000	0.000000	0.000000
178	9350	4478	0.015000	2	4	0.000126	0.000221	0.000126	0.935414
178	9350	4479	0.015000	2	3	0.000095	0.000158	0.000095	0.666667
178	9350	4480	0.015000	147	2340	0.073854	0.098441	0.073854	23.244390
178	9350	4481	0.015000	51	12	0.000379	0.005145	0.000379	1.891134
178	9350	4482	0.015000	13	21	0.000663	0.001925	0.000663	2.217228
178	9350	4483	0.015000	144	134	0.004229	0.026954	0.004229	7.146870
178	9350	4484	0.015000	11	7	0.000221	0.000947	0.000221	1.142857
178	9350	4485	0.015000	7	4	0.000126	0.000473	0.000126	0.866025
178	9350	4486	0.015000	25	12	0.000379	0.002746	0.000379	1.572330
178	9350	4487	0.015000	174	7979	0.251831	0.272977	0.251831	38.825562
178	9350	4488	0.015000	4	4	0.000126	0.000316	0.000126	0.935414
178	9350	4489	0.015000	8	6	0.000189	0.000600	0.000189	0.957427
178	9350	4490	0.015000	1	7	0.000221	0.000221	0.000221	1.178030
178	9350	4491	0.015000	0	0	0.000000	0.000000	0.000000	0.000000
178	9350	4492	0.015000	168	85	0.002683	0.030015	0.002683	7.068914
178	9350	4493	0.015000	0	0	0.000000	0.000000	0.000000	0.000000
178	9350	4494	0.015000	3	3	0.000095	0.000189	0.000095	0.666667
178	9350	4495	0.015000	37	17	0.000537	0.004513	0.000537	2.174085
178	9350	4496	0.015000	169	2404	0.075874	0.098756	0.075874	23.661273
178	9350	4497	0.015000	4	5	0.000158	0.000379	0.000158	1.095445
178	9350	4498	0.015000	6	9	0.000284	0.000694	0.000284	1.579186
178	9350	4499	0.015000	2	4	0.000126	0.000221	0.000126	0.829156
178	9350	4500	0.015000	7	3	0.000095	0.000284	0.000095	0.666667
178	9350	4501	0.015000	3	2	0.000063	0.000158	0.000063	0.500000
178	9350	4502	0.015000	145	1615	0.050972	0.069688	0.050972	20.380318
178	9350	4503	0.015000	2	5	0.000158	0.000221	0.000158	1.131371
178	9350	4504	0.015000	9	9	0.000284	0.000947	0.000284	1.482407
178	9350	4505	0.015000	0	0	0.000000	0.000000	0.000000	0.000000
178	9350	4506	0.015000	63	34	0.001073	0.008774	0.001073	2.904626
178	9350	4507	0.015000	0	0	0.000000	0.000000	0.000000	0.000000
178	9350	4508	0.015000	0	0	0.000000	0.000000	0.000000	0.000000
178	9350	4509	0.015000	3	7	0.000221	0.000284	0.000221	1.324803
178	9350	4510	0.015000	3	2	0.000063	0.000126	0.000063	0.500000
178	9350	4511	0.015000	50	17	0.000537	0.006281	0.000537	2.590908
178	9350	4512	0.015000	6	7	0.000221	0.000442	0.000221	1.293626
178	9350	4513	0.015000	42	14	0.000442	0.003945	0.000442	2.335398
178	9350	4514	0.015000	5	11	0.000347	0.000884	0.000347	1.454545
178	9350	4515	0.015000	159	3986	0.125805	0.148087	0.125805	29.124255
178	9350	4516	0.015000	8	6	0.000189	0.000631	0.000189	1.394433
178	9350	4517	0.015000	0	0	0.000000	0.000000	0.000000	0.000000
178	9350	4518	0.015000	1	3	0.000095	0.000095	0.000095	0.816497
178	9350	4519	0.015000	16	9	0.000284	0.001736	0.000284	1.490712
178	9350	4520	0.015000	202	1584	0.049994	0.078778	0.049994	21.311822
178	9350	4521	0.015000	13	15	0.000473	0.001515	0.000473	2.033060
178	9350	4522	0.015000	3	11	0.000347	0.000410	0.000347	1.739193
178	9350	4523	0.015000	0	0	0.000000	0.000000	0.000000	0.000000
178	9350	4524	0.015000	160	780	0.024618	0.046680	0.024618	16.085504
178	9350	4525	0.015000	1	1	0.000032	0.000032	0.000032	0.000000
178	9350	4526	0.015000	139	1481	0.046743	0.070982	0.046743	19.978190
178	9350	4527	0.015000	1	8	0.000252	0.000252	0.000252	1.828592
178	9350	4528	0.015000	4	4	0.000126	0.000316	0.000126	0.935414
178	9350	4529	0.015000	0	0	0.000000	0.000000	0.000000	0.000000
178	9350	4530	0.015000	7	5	0.000158	0.000505	0.000158	1.131371
178	9350	4531	0.015000	8	7	0.000221	0.000663	0.000221	1.293626
178	9350	4532	0.015000	96	21	0.000663	0.012246	0.000663	2.386660
178	9350	4533	0.015000	2	7	0.000221	0.000284	0.000221	1.106567
178	9350	4534	0.015000	0	0	0.000000	0.000000	0.000000	0.000000
178	9350	4535	0.015000	56	9	0.000284	0.005302	0.000284	1.555556
178	9350	4536	0.015000	6	13	0.000410	0.000789	0.000410	2.210786
178	9350	4537	0.015000	4	3	0.000095	0.000221	0.000095	0.666667
178	9350	4538	0.015000	6	7	0.000221	0.000568	0.000221	1.277753
178	9350	4539	0.015000	10	4	0.000126	0.000663	0.000126	1.118034
178	9350	4540	0.015000	9	10	0.000316	0.000915	0.000316	1.539480
178	9350	4541	0.015000	32	11	0.000347	0.003346	0.000347	1.521200
178	9350	4542	0.015000	2	3	0.000095	0.000158	0.000095	0.816497
178	9350	4543	0.015000	47	14	0.000442	0.005239	0.000442	1.974325
178	9350	4544	0.015000	0	0	0.000000	0.000000	0.000000	0.000000
178	9350	4545	0.015000	1	1	0.000032	0.000032	0.000032	0.000000
178	9350	4546	0.015000	157	2244	0.070824	0.094780	0.070824	23.946653
178	9350	4547	0.015000	158	1733	0.054696	0.078273	0.054696	20.543985
178	9350	4548	0.015000	19	12	0.000379	0.002052	0.000379	1.662495
178	9350	4549	0.015000	14	8	0.000252	0.001420	0.000252	1.211920
178	9350	4550	0.015000	0	0	0.000000	0.000000	0.000000	0.000000
178	9350	4551	0.015000	6	6	0.000189	0.000442	0.000189	1.178511
178	9350	4552	0.015000	186	5341	0.168571	0.198270	0.168571	32.768160
178	9350	4553	0.015000	20	14	0.000442	0.002178	0.000442	1.884415
178	9350	4554	0.015000	5	11	0.000347	0.000789	0.000347	1.962458
178	9350	4555	0.015000	9	5	0.000158	0.000631	0.000158	1.131371
178	9350	4556	0.015000	12	7	0.000221	0.000884	0.000221	1.840586
178	9350	4557	0.015000	150	84	0.002651	0.027806	0.002651	5.059818
178	9350	4558	0.015000	16	10	0.000316	0.001452	0.000316	1.378405
178	9350	4559	0.015000	13	5	0.000158	0.001168	0.000158	0.979796
178	9350	4560	0.015000	7	9	0.000284	0.001168	0.000284	1.706921
178	9350	4561	0.015000	18	18	0.000568	0.002020	0.000568	2.128583
178	9350	4562	0.015000	24	10	0.000316	0.002020	0.000316	1.581139
178	9350	4563	0.015000	6	7	0.000221	0.000726	0.000221	1.470804
178	9350	4564	0.015000	12	16	0.000505	0.001294	0.000505	2.094450
178	9350	4565	0.015000	1	1	0.000032	0.000032	0.000032	0.000000
178	9350	4566	0.015000	13	8	0.000252	0.001168	0.000252	1.316957
178	9350	4567	0.015000	10	6	0.000189	0.000789	0.000189	1.013794
178	9350	4568	0.015000	18	8	0.000252	0.001357	0.000252	1.452369
178	9350	4569	0.015000	0	0	0.000000	0.000000	0.000000	0.000000
178	9350	4570	0.015000	13	6	0.000189	0.000821	0.000189	1.013794
178	9350	4571	0.015000	11	5	0.000158	0.000821	0.000158	1.131371
178	9350	4572	0.015000	9	7	0.000221	0.000884	0.000221	1.228904
178	9350	4573	0.015000	15	9	0.000284	0.001452	0.000284	1.482407
178	9350	4574	0.015000	12	9	0.000284	0.001105	0.000284	1.498971
178	9350	4575	0.015000	1	9	0.000284	0.000284	0.000284	1.414214
178	9350	4576	0.015000	11	4	0.000126	0.000568	0.000126	0.829156
178	9350	4577	0.015000	2	1	0.000032	0.000063	0.000032	0.000000
178	9350	4578	0.015000	0	0	0.000000	0.000000	0.000000	0.000000
178	9350	4579	0.015000	6	5	0.000158	0.000347	0.000158	0.979796
178	9350	4580	0.015000	3	6	0.000189	0.000347	0.000189	1.013794
178	9350	4581	0.015000	196	6131	0.193505	0.221531	0.193505	35.231863
178	9350	4582	0.015000	2	2	0.000063	0.000095	0.000063	0.500000
178	9350	4583	0.015000	0	0	0.000000	0.000000	0.000000	0.000000
178	9350	4584	0.015000	13	6	0.000189	0.000947	0.000189	1.067187
178	9350	4585	0.015000	17	11	0.000347	0.002083	0.000347	1.734435
178	9350	4586	0.015000	10	10	0.000316	0.001326	0.000316	1.341641
178	9350	4587	0.015000	1	1	0.000032	0.000032	0.000032	0.000000
178	9350	4588	0.015000	10	9	0.000284	0.000915	0.000284	1.662959
178	9350	4589	0.015000	22	13	0.000410	0.002399	0.000410	2.109432
178	9350	4590	0.015000	7	13	0.000410	0.001073	0.000410	1.942974
178	9350	4591	0.015000	21	9	0.000284	0.002493	0.000284	1.431567
178	9350	4592	0.015000	3	5	0.000158	0.000316	0.000158	0.979796
178	9350	4593	0.015000	4	4	0.000126	0.000221	0.000126	0.935414
178	9350	4594	0.015000	13	10	0.000316	0.001578	0.000316	1.459452
178	9350	4595	0.015000	2	5	0.000158	0.000284	0.000158	0.894427
178	9350	4596	0.015000	1	1	0.000032	0.000032	0.000032	0.000000
178	9350	4597	0.015000	3	5	0.000158	0.000252	0.000158	1.131371
178	9350	4598	0.015000	6	4	0.000126	0.000410	0.000126	0.935414
178	9350	4599	0.015000	92	49	0.001547	0.013035	0.001547	4.297166
178	9350	4600	0.015000	0	0	0.000000	0.000000	0.000000	0.000000
178	9350	4601	0.015000	13	5	0.000158	0.000852	0.000158	1.019804
178	9350	4602	0.015000	142	60	0.001894	0.023166	0.001894	4.434398
178	9350	4603	0.015000	108	21	0.000663	0.014424	0.000663	2.456884
178	9350	4604	0.015000	10	5	0.000158	0.000852	0.000158	1.058301
178	9350	4605	0.015000	4	15	0.000473	0.000600	0.000473	1.771377
178	9350	4606	0.015000	11	4	0.000126	0.000726	0.000126	0.829156
178	9350	4607	0.015000	2	3	0.000095	0.000126	0.000095	0.666667
178	9350	4608	0.015000	5	6	0.000189	0.000537	0.000189	1.067187
178	9350	4609	0.015000	194	3695	0.116620	0.143542	0.116620	28.180145
178	9350	4610	0.015000	59	22	0.000694	0.007038	0.000694	3.427224
178	9350	4611	0.015000	0	0	0.000000	0.000000	0.000000	0.000000
178	9350	4612	0.015000	8	7	0.000221	0.000694	0.000221	1.124858
178	9350	4613	0.015000	1	4	0.000126	0.000126	0.000126	0.829156
178	9350	4614	0.015000	1	5	0.000158	0.000158	0.000158	0.894427
178	9350	4615	0.015000	0	0	0.000000	0.000000	0.000000	0.000000
178	9350	4616	0.015000	9	11	0.000347	0.001042	0.000347	1.700753
178	9350	4617	0.015000	1	1	0.000032	0.000032	0.000032	0.000000
178	9350	4618	0.015000	5	15	0.000473	0.000947	0.000473	2.067742
178	9350	4619	0.015000	6	5	0.000158	0.000473	0.000158	1.095445
178	9350	4620	0.015000	69	12	0.000379	0.006186	0.000379	1.705791
178	9350	4621	0.015000	153	777	0.024523	0.050404	0.024523	15.379056
178	9350	4622	0.015000	0	0	0.000000	0.000000	0.000000	0.000000
178	9350	4623	0.015000	70	14	0.000442	0.007575	0.000442	2.066497
178	9350	4624	0.015000	9	6	0.000189	0.000726	0.000189	1.067187
178	9350	4625	0.015000	129	37	0.001168	0.018148	0.001168	4.643932
178	9350	4626	0.015000	69	9	0.000284	0.006470	0.000284	1.555556
178	9350	4627	0.015000	7	17	0.000537	0.000789	0.000537	2.183613
178	9350	4628	0.015000	1	3	0.000095	0.000095	0.000095	0.666667
178	9350	4629	0.015000	0	0	0.000000	0.000000	0.000000	0.000000
178	9350	4630	0.015000	6	9	0.000284	0.000537	0.000284	1.706921
178	9350	4631	0.015000	169	805	0.025407	0.048605	0.025407	15.945746
178	9350	4632	0.015000	0	0	0.000000	0.000000	0.000000	0.000000
178	9350	4633	0.015000	0	0	0.000000	0.000000	0.000000	0.000000
178	9350	4634	0.015000	120	3205	0.101155	0.120755	0.101155	26.543178
178	9350	4635	0.015000	165	3546	0.111918	0.132527	0.111918	27.529265
178	9350	4636	0.015000	87	11	0.000347	0.008522	0.000347	1.739193
178	9350	4637	0.015000	0	0	0.000000	0.000000	0.000000	0.000000
178	9350	4638	0.015000	0	0	0.000000	0.000000	0.000000	0.000000
178	9350	4639	0.015000	11	9	0.000284	0.001073	0.000284	1.602467
178	9350	4640	0.015000	0	0	0.000000	0.000000	0.000000	0.000000
178	9350	4641	0.015000	156	4882	0.154084	0.181164	0.154084	31.883205
178	9350	4642	0.015000	10	8	0.000252	0.000789	0.000252	1.446980
178	9350	4643	0.015000	5	9	0.000284	0.000663	0.000284	1.563472
178	9350	4644	0.015000	9	12	0.000379	0.001199	0.000379	1.589899
178	9350	4645	0.015000	6	4	0.000126	0.000473	0.000126	1.118034
178	9350	4646	0.015000	174	821	0.025912	0.062461	0.025912	15.104656
178	9350	4647	0.015000	0	0	0.000000	0.000000	0.000000	0.000000
178	9350	4648	0.015000	1	5	0.000158	0.000158	0.000158	0.894427
178	9350	4649	0.015000	0	0	0.000000	0.000000	0.000000	0.000000
178	9350	4650	0.015000	0	0	0.000000	0.000000	0.000000	0.000000
178	9350	4651	0.015000	12	9	0.000284	0.000884	0.000284	1.706921
178	9350	4652	0.015000	3	2	0.000063	0.000126	0.000063	0.500000
178	9350	4653	0.015000	161	154	0.004860	0.036612	0.004860	7.132865
178	9350	4654	0.015000	5	7	0.000221	0.000505	0.000221	1.324803
178	9350	4655	0.015000	17	9	0.000284	0.001420	0.000284	1.640536
178	9350	4656	0.015000	7	10	0.000316	0.001010	0.000316	1.568439
178	9350	4657	0.015000	153	15716	0.496023	0.516254	0.000915	2.606130
178	9350	4658	0.015000	0	0	0.000000	0.000000	0.000000	0.000000
178	9350	4659	0.015000	8	6	0.000189	0.000694	0.000189	1.166667
178	9350	4660	0.015000	147	397	0.012530	0.039326	0.012530	11.102369
178	9350	4661	0.015000	15	9	0.000284	0.001483	0.000284	1.474055
178	9350	4662	0.015000	33	14	0.000442	0.003566	0.000442	1.808427
178	9350	4663	0.015000	48	20	0.000631	0.006375	0.000631	2.403123
178	9350	4664	0.015000	18	6	0.000189	0.001641	0.000189	1.301708
178	9350	4665	0.015000	2	3	0.000095	0.000126	0.000095	0.666667
178	9350	4666	0.015000	3	4	0.000126	0.000316	0.000126	0.935414
178	9350	4667	0.015000	2	4	0.000126	0.000158	0.000126	1.118034
178	9350	4668	0.015000	11	4	0.000126	0.000537	0.000126	0.935414
178	9350	4669	0.015000	4	17	0.000537	0.000884	0.000537	1.987852
178	9350	4670	0.015000	0	0	0.000000	0.000000	0.000000	0.000000
178	9350	4671	0.015000	4	5	0.000158	0.000316	0.000158	1.131371
178	9350	4672	0.015000	4	7	0.000221	0.000410	0.000221	1.702339
178	9350	4673	0.015000	0	0	0.000000	0.000000	0.000000	0.000000
178	9350	4674	0.015000	14	15	0.000473	0.001578	0.000473	2.061283
178	9350	4675	0.015000	68	20	0.000631	0.008080	0.000631	2.331875
178	9350	4676	0.015000	7	5	0.000158	0.000537	0.000158	0.979796
178	9350	4677	0.015000	9	4	0.000126	0.000631	0.000126	1.118034
178	9350	4678	0.015000	6	6	0.000189	0.000505	0.000189	1.201850
178	9350	4679	0.015000	0	0	0.000000	0.000000	0.000000	0.000000
178	9350	4680	0.015000	4	8	0.000252	0.000442	0.000252	1.274755
178	9350	4681	0.015000	16	8	0.000252	0.001389	0.000252	1.357848
178	9350	4682	0.015000	4	13	0.000410	0.000726	0.000410	1.678263
178	9350	4683	0.015000	0	0	0.000000	0.000000	0.000000	0.000000
178	9350	4684	0.015000	0	0	0.000000	0.000000	0.000000	0.000000
178	9350	4685	0.015000	0	0	0.000000	0.000000	0.000000	0.000000
178	9350	4686	0.015000	7	3	0.000095	0.000379	0.000095	0.666667
178	9350	4687	0.015000	10	9	0.000284	0.000978	0.000284	1.670366
178	9350	4688	0.015000	1	5	0.000158	0.000158	0.000158	0.894427
178	9350	4689	0.015000	2	2	0.000063	0.000095	0.000063	0.500000
178	9350	4690	0.015000	1	3	0.000095	0.000095	0.000095	0.816497
178	9350	4691	0.015000	5	3	0.000095	0.000284	0.000095	0.666667
178	9350	4692	0.015000	1	2	0.000063	0.000063	0.000063	0.500000
178	9350	4693	0.015000	12	5	0.000158	0.000757	0.000158	0.979796
178	9350	4694	0.015000	15	11	0.000347	0.001610	0.000347	1.636364
178	9350	4695	0.015000	179	1610	0.050814	0.084080	0.050814	19.621184
178	9350	4696	0.015000	23	15	0.000473	0.002809	0.000473	1.920648
178	9350	4697	0.015000	17	14	0.000442	0.001578	0.000442	1.949621
178	9350	4698	0.015000	5	3	0.000095	0.000410	0.000095	0.816497
178	9350	4699	0.015000	3	5	0.000158	0.000221	0.000158	0.894427
178	9350	4700	0.015000	16	15	0.000473	0.001483	0.000473	2.076322
178	9350	4701	0.015000	16	15	0.000473	0.001641	0.000473	1.920648
178	9350	4702	0.015000	1	6	0.000189	0.000189	0.000189	1.166667
178	9350	4703	0.015000	0	0	0.000000	0.000000	0.000000	0.000000
178	9350	4704	0.015000	37	22	0.000694	0.004482	0.000694	2.371490
178	9350	4705	0.015000	6	10	0.000316	0.000821	0.000316	1.435270
178	9350	4706	0.015000	0	0	0.000000	0.000000	0.000000	0.000000
178	9350	4707	0.015000	6	15	0.000473	0.000663	0.000473	2.878271
178	9350	4708	0.015000	3	4	0.000126	0.000189	0.000126	0.935414
178	9350	4709	0.015000	12	10	0.000316	0.001673	0.000316	1.643168
178	9350	4710	0.015000	5	8	0.000252	0.000600	0.000252	1.243734
178	9350	4711	0.015000	5	5	0.000158	0.000537	0.000158	0.894427
178	9350	4712	0.015000	27	8	0.000252	0.002115	0.000252	1.648863
178	9350	4713	0.015000	11	7	0.000221	0.000694	0.000221	1.525297
178	9350	4714	0.015000	3	3	0.000095	0.000221	0.000095	0.816497
178	9350	4715	0.015000	0	0	0.000000	0.000000	0.000000	0.000000
178	9350	4716	0.015000	22	9	0.000284	0.001767	0.000284	1.507184
178	9350	4717	0.015000	0	0	0.000000	0.000000	0.000000	0.000000
178	9350	4718	0.015000	28	8	0.000252	0.002272	0.000252	1.541104
178	9350	4719	0.015000	0	0	0.000000	0.000000	0.000000	0.000000
178	9350	4720	0.015000	5	6	0.000189	0.000505	0.000189	1.301708
178	9350	4721	0.015000	4	10	0.000316	0.000726	0.000316	1.969772
178	9350	4722	0.015000	136	39	0.001231	0.016696	0.001231	3.316724
178	9350	4723	0.015000	10	7	0.000221	0.000852	0.000221	1.124858
178	9350	4724	0.015000	12	9	0.000284	0.001326	0.000284	1.457209
178	9350	4725	0.015000	152	363	0.011457	0.042703	0.011457	10.561881
178	9350	4726	0.015000	4	4	0.000126	0.000284	0.000126	0.935414
178	9350	4727	0.015000	4	6	0.000189	0.000347	0.000189	1.013794
178	9350	4728	0.015000	12	11	0.000347	0.001736	0.000347	1.564059
178	9350	4729	0.015000	12	11	0.000347	0.000884	0.000347	1.889510
178	9350	4730	0.015000	0	0	0.000000	0.000000	0.000000	0.000000
178	9350	4731	0.015000	0	0	0.000000	0.000000	0.000000	0.000000
178	9350	4732	0.015000	35	10	0.000316	0.002935	0.000316	1.486607
178	9350	4733	0.015000	4	6	0.000189	0.000347	0.000189	1.105542
178	9350	4734	0.015000	6	3	0.000095	0.000410	0.000095	0.666667
178	9350	4735	0.015000	0	0	0.000000	0.000000	0.000000	0.000000
178	9350	4736	0.015000	6	6	0.000189	0.000442	0.000189	1.067187
178	9350	4737	0.015000	0	0	0.000000	0.000000	0.000000	0.000000
178	9350	4738	0.015000	2	7	0.000221	0.000316	0.000221	1.370238
178	9350	4739	0.015000	173	3543	0.111823	0.142974	0.111823	27.097005
178	9350	4740	0.015000	0	0	0.000000	0.000000	0.000000	0.000000
178	9350	4741	0.015000	6	15	0.000473	0.000852	0.000473	2.004440
178	9350	4742	0.015000	53	10	0.000316	0.005113	0.000316	1.664332
178	9350	4743	0.015000	6	7	0.000221	0.000631	0.000221	1.124858
178	9350	4744	0.015000	0	0	0.000000	0.000000	0.000000	0.000000
178	9350	4745	0.015000	35	11	0.000347	0.003787	0.000347	1.471492
178	9350	4746	0.015000	7	9	0.000284	0.000852	0.000284	1.648044
178	9350	4747	0.015000	5	10	0.000316	0.000726	0.000316	1.345362
178	9350	4748	0.015000	8	7	0.000221	0.000726	0.000221	1.470804
178	9350	4749	0.015000	6	5	0.000158	0.000568	0.000158	1.131371
178	9350	4750	0.015000	0	0	0.000000	0.000000	0.000000	0.000000
178	9350	4751	0.015000	0	0	0.000000	0.000000	0.000000	0.000000
178	9350	4752	0.015000	147	1951	0.061577	0.086416	0.061577	22.166284
178	9350	4753	0.015000	192	7706	0.243214	0.265465	0.243214	39.732617
178	9350	4754	0.015000	162	4353	0.137388	0.156577	0.137388	30.187281
178	9350	4755	0.015000	6	4	0.000126	0.000473	0.000126	1.118034
178	9350	4756	0.015000	102	51	0.001610	0.018180	0.001610	4.080782
178	9350	4757	0.015000	8	7	0.000221	0.000978	0.000221	1.470804
178	9350	4758	0.015000	5	10	0.000316	0.000537	0.000316	1.688194
178	9350	4759	0.015000	83	13	0.000410	0.008553	0.000410	1.881080
178	9350	4760	0.015000	6	11	0.000347	0.000694	0.000347	1.378705
178	9350	4761	0.015000	0	0	0.000000	0.000000	0.000000	0.000000
178	9350	4762	0.015000	4	5	0.000158	0.000410	0.000158	1.095445
178	9350	4763	0.015000	4	11	0.000347	0.000757	0.000347	1.641406
178	9350	4764	0.015000	111	52	0.001641	0.018148	0.001641	3.947276
178	9350	4765	0.015000	5	8	0.000252	0.000789	0.000252	1.489547
178	9350	4766	0.015000	15	13	0.000410	0.001199	0.000410	1.858930
178	9350	4767	0.015000	1	1	0.000032	0.000032	0.000032	0.000000
178	9350	4768	0.015000	0	0	0.000000	0.000000	0.000000	0.000000
178	9350	4769	0.015000	18	17	0.000537	0.002209	0.000537	2.475363
178	9350	4770	0.015000	25	19	0.000600	0.003030	0.000600	2.479836
178	9350	4771	0.015000	3	4	0.000126	0.000189	0.000126	0.935414
178	9350	4772	0.015000	9	3	0.000095	0.000631	0.000095	0.816497
178	9350	4773	0.015000	10	5	0.000158	0.000915	0.000158	0.894427
178	9350	4774	0.015000	2	8	0.000252	0.000284	0.000252	1.243734
178	9350	4775	0.015000	74	20	0.000631	0.009027	0.000631	2.143595
178	9350	4776	0.015000	2	4	0.000126	0.000221	0.000126	0.866025
178	9350	4777	0.015000	231	10872	0.343138	0.385905	0.343138	46.341927
178	9350	4778	0.015000	2	6	0.000189	0.000316	0.000189	1.178511
178	9350	4779	0.015000	3	2	0.000063	0.000158	0.000063	0.500000
178	9350	4780	0.015000	14	10	0.000316	0.001326	0.000316	1.403567
178	9350	4781	0.015000	4	5	0.000158	0.000284	0.000158	0.894427
178	9350	4782	0.015000	0	0	0.000000	0.000000	0.000000	0.000000
178	9350	4783	0.015000	10	7	0.000221	0.000694	0.000221	1.228904
178	9350	4784	0.015000	109	19	0.000600	0.013067	0.000600	2.135312
178	9350	4785	0.015000	16	6	0.000189	0.001420	0.000189	1.394433
178	9350	4786	0.015000	2	2	0.000063	0.000126	0.000063	0.500000
178	9350	4787	0.015000	37	13	0.000410	0.003819	0.000410	1.985152
178	9350	4788	0.015000	11	6	0.000189	0.000884	0.000189	1.067187
178	9350	4789	0.015000	0	0	0.000000	0.000000	0.000000	0.000000
178	9350	4790	0.015000	0	0	0.000000	0.000000	0.000000	0.000000
178	9350	4791	0.015000	6	7	0.000221	0.000821	0.000221	1.142857
178	9350	4792	0.015000	7	5	0.000158	0.000694	0.000158	0.894427
178	9350	4793	0.015000	8	4	0.000126	0.000410	0.000126	0.829156
178	9350	4794	0.015000	1	1	0.000032	0.000032	0.000032	0.000000
178	9350	4795	0.015000	4	6	0.000189	0.000505	0.000189	1.067187
178	9350	4796	0.015000	1	3	0.000095	0.000095	0.000095	0.666667
178	9350	4797	0.015000	2	6	0.000189	0.000284	0.000189	1.384437
178	9350	4798	0.015000	7	6	0.000189	0.000631	0.000189	1.201850
178	9350	4799	0.015000	2	2	0.000063	0.000095	0.000063	0.500000
178	9350	4800	0.015000	156	1059	0.033424	0.058989	0.033424	16.880961
178	9350	4801	0.015000	17	23	0.000726	0.002020	0.000726	2.703355
178	9350	4802	0.015000	66	20	0.000631	0.008774	0.000631	3.055732
178	9350	4803	0.015000	16	11	0.000347	0.001357	0.000347	1.641406
178	9350	4804	0.015000	123	64	0.002020	0.018874	0.002020	4.944516
178	9350	4805	0.015000	8	11	0.000347	0.000915	0.000347	2.061052
178	9350	4806	0.015000	57	15	0.000473	0.005870	0.000473	2.141650
178	9350	4807	0.015000	25	15	0.000473	0.002904	0.000473	2.024297
178	9350	4808	0.015000	0	0	0.000000	0.000000	0.000000	0.000000
178	9350	4809	0.015000	0	0	0.000000	0.000000	0.000000	0.000000
178	9350	4810	0.015000	4	10	0.000316	0.000663	0.000316	1.892089
178	9350	4811	0.015000	8	12	0.000379	0.001610	0.000379	1.699673
178	9350	4812	0.015000	12	7	0.000221	0.000757	0.000221	1.340119
178	9350	4813	0.015000	7	4	0.000126	0.000631	0.000126	0.829156
178	9350	4814	0.015000	0	0	0.000000	0.000000	0.000000	0.000000
178	9350	4815	0.015000	8	3	0.000095	0.000473	0.000095	0.666667
178	9350	4816	0.015000	41	8	0.000252	0.003819	0.000252	1.386317
178	9350	4817	0.015000	3	8	0.000252	0.000410	0.000252	1.391941
178	9350	4818	0.015000	6	12	0.000379	0.000915	0.000379	1.576741
178	9350	4819	0.015000	6	7	0.000221	0.000663	0.000221	1.124858
178	9350	4820	0.015000	2	6	0.000189	0.000221	0.000189	1.201850
178	9350	4821	0.015000	4	4	0.000126	0.000284	0.000126	0.866025
178	9350	4822	0.015000	64	21	0.000663	0.008111	0.000663	2.779093
178	9350	4823	0.015000	8	5	0.000158	0.000568	0.000158	1.019804
178	9350	4824	0.015000	3	3	0.000095	0.000189	0.000095	0.816497
178	9350	4825	0.015000	109	38	0.001199	0.017043	0.001199	3.463002
178	9350	4826	0.015000	1	1	0.000032	0.000032	0.000032	0.000000
178	9350	4827	0.015000	18	7	0.000221	0.001578	0.000221	1.340119
178	9350	4828	0.015000	139	2267	0.071550	0.093359	0.071550	22.830288
178	9350	4829	0.015000	14	8	0.000252	0.001262	0.000252	1.243734
178	9350	4830	0.015000	0	0	0.000000	0.000000	0.000000	0.000000
178	9350	4831	0.015000	6	12	0.000379	0.000852	0.000379	1.721998
178	9350	4832	0.015000	76	24	0.000757	0.008900	0.000757	3.248664
178	9350	4833	0.015000	8	13	0.000410	0.000757	0.000410	2.064063
178	9350	4834	0.015000	201	62	0.001957	0.032445	0.001957	5.458123
178	9350	4835	0.015000	38	20	0.000631	0.005239	0.000631	2.614383
178	9350	4836	0.015000	4	19	0.000600	0.000852	0.000600	2.204252
178	9350	4837	0.015000	0	0	0.000000	0.000000	0.000000	0.000000
178	9350	4838	0.015000	7	12	0.000379	0.001073	0.000379	1.775606
178	9350	4839	0.015000	0	0	0.000000	0.000000	0.000000	0.000000
178	9350	4840	0.015000	2	7	0.000221	0.000316	0.000221	1.340119
178	9350	4841	0.015000	1	1	0.000032	0.000032	0.000032	0.000000
178	9350	4842	0.015000	10	5	0.000158	0.000694	0.000158	0.979796
178	9350	4843	0.015000	6	12	0.000379	0.000631	0.000379	1.522972
178	9350	4844	0.015000	0	0	0.000000	0.000000	0.000000	0.000000
178	9350	4845	0.015000	8	12	0.000379	0.000884	0.000379	1.867113
178	9350	4846	0.015000	1	1	0.000032	0.000032	0.000032	0.000000
178	9350	4847	0.015000	2	7	0.000221	0.000252	0.000221	1.245400
178	9350	4848	0.015000	32	10	0.000316	0.003093	0.000316	1.360147
178	9350	4849	0.015000	8	12	0.000379	0.001010	0.000379	1.578941
178	9350	4850	0.015000	38	17	0.000537	0.004103	0.000537	2.130679
