178	9650	4201	0.015000	1	31221	0.985387	0.985387	0.000000	0.000000
178	9650	4202	0.015000	1	31221	0.985387	0.985387	0.000000	0.000000
178	9650	4203	0.015000	1	31221	0.985387	0.985387	0.000000	0.000000
178	9650	4204	0.015000	1	31221	0.985387	0.985387	0.000000	0.000000
178	9650	4205	0.015000	1	31221	0.985387	0.985387	0.000000	0.000000
178	9650	4206	0.015000	1	31221	0.985387	0.985387	0.000000	0.000000
178	9650	4207	0.015000	1	31221	0.985387	0.985387	0.000000	0.000000
178	9650	4208	0.015000	1	31221	0.985387	0.985387	0.000000	0.000000
178	9650	4209	0.015000	1	31221	0.985387	0.985387	0.000000	0.000000
178	9650	4210	0.015000	1	31221	0.985387	0.985387	0.000000	0.000000
178	9650	4211	0.015000	1	31221	0.985387	0.985387	0.000000	0.000000
178	9650	4212	0.015000	1	31221	0.985387	0.985387	0.000000	0.000000
178	9650	4213	0.015000	1	31221	0.985387	0.985387	0.000000	0.000000
178	9650	4214	0.015000	1	31221	0.985387	0.985387	0.000000	0.000000
178	9650	4215	0.015000	1	31221	0.985387	0.985387	0.000000	0.000000
178	9650	4216	0.015000	1	31221	0.985387	0.985387	0.000000	0.000000
178	9650	4217	0.015000	1	31221	0.985387	0.985387	0.000000	0.000000
178	9650	4218	0.015000	1	31221	0.985387	0.985387	0.000000	0.000000
178	9650	4219	0.015000	1	31221	0.985387	0.985387	0.000000	0.000000
178	9650	4220	0.015000	1	31221	0.985387	0.985387	0.000000	0.000000
178	9650	4221	0.015000	1	31221	0.985387	0.985387	0.000000	0.000000
178	9650	4222	0.015000	1	31221	0.985387	0.985387	0.000000	0.000000
178	9650	4223	0.015000	1	31221	0.985387	0.985387	0.000000	0.000000
178	9650	4224	0.015000	1	31205	0.984882	0.984882	0.000000	0.000000
178	9650	4225	0.015000	1	31221	0.985387	0.985387	0.000000	0.000000
178	9650	4226	0.015000	1	31221	0.985387	0.985387	0.000000	0.000000
178	9650	4227	0.015000	1	31217	0.985261	0.985261	0.000000	0.000000
178	9650	4228	0.015000	1	31135	0.982673	0.982673	0.000000	0.000000
178	9650	4229	0.015000	1	31221	0.985387	0.985387	0.000000	0.000000
178	9650	4230	0.015000	1	31221	0.985387	0.985387	0.000000	0.000000
178	9650	4231	0.015000	1	31221	0.985387	0.985387	0.000000	0.000000
178	9650	4232	0.015000	1	31192	0.984472	0.984472	0.000000	0.000000
178	9650	4233	0.015000	1	31221	0.985387	0.985387	0.000000	0.000000
178	9650	4234	0.015000	1	31221	0.985387	0.985387	0.000000	0.000000
178	9650	4235	0.015000	1	31221	0.985387	0.985387	0.000000	0.000000
178	9650	4236	0.015000	1	31221	0.985387	0.985387	0.000000	0.000000
178	9650	4237	0.015000	1	31221	0.985387	0.985387	0.000000	0.000000
178	9650	4238	0.015000	1	31221	0.985387	0.985387	0.000000	0.000000
178	9650	4239	0.015000	36	28184	0.889534	0.892312	0.000379	1.861526
178	9650	4240	0.015000	1	31221	0.985387	0.985387	0.000000	0.000000
178	9650	4241	0.015000	1	31221	0.985387	0.985387	0.000000	0.000000
178	9650	4242	0.015000	1	31221	0.985387	0.985387	0.000000	0.000000
178	9650	4243	0.015000	1	31221	0.985387	0.985387	0.000000	0.000000
178	9650	4244	0.015000	1	31214	0.985166	0.985166	0.000000	0.000000
178	9650	4245	0.015000	1	31221	0.985387	0.985387	0.000000	0.000000
178	9650	4246	0.015000	1	31221	0.985387	0.985387	0.000000	0.000000
178	9650	4247	0.015000	109	24587	0.776007	0.789831	0.001483	3.446414
178	9650	4248	0.015000	1	31221	0.985387	0.985387	0.000000	0.000000
178	9650	4249	0.015000	1	31221	0.985387	0.985387	0.000000	0.000000
178	9650	4250	0.015000	1	31221	0.985387	0.985387	0.000000	0.000000
178	9650	4251	0.015000	1	31221	0.985387	0.985387	0.000000	0.000000
178	9650	4252	0.015000	1	31221	0.985387	0.985387	0.000000	0.000000
178	9650	4253	0.015000	1	31221	0.985387	0.985387	0.000000	0.000000
178	9650	4254	0.015000	1	31209	0.985008	0.985008	0.000000	0.000000
178	9650	4255	0.015000	1	31221	0.985387	0.985387	0.000000	0.000000
178	9650	4256	0.015000	1	31221	0.985387	0.985387	0.000000	0.000000
178	9650	4257	0.015000	1	31221	0.985387	0.985387	0.000000	0.000000
178	9650	4258	0.015000	1	31221	0.985387	0.985387	0.000000	0.000000
178	9650	4259	0.015000	1	31221	0.985387	0.985387	0.000000	0.000000
178	9650	4260	0.015000	1	31013	0.978822	0.978822	0.000000	0.000000
178	9650	4261	0.015000	1	31221	0.985387	0.985387	0.000000	0.000000
178	9650	4262	0.015000	1	31221	0.985387	0.985387	0.000000	0.000000
178	9650	4263	0.015000	1	31221	0.985387	0.985387	0.000000	0.000000
178	9650	4264	0.015000	1	31221	0.985387	0.985387	0.000000	0.000000
178	9650	4265	0.015000	1	31221	0.985387	0.985387	0.000000	0.000000
178	9650	4266	0.015000	1	31214	0.985166	0.985166	0.000000	0.000000
178	9650	4267	0.015000	1	31219	0.985324	0.985324	0.000000	0.000000
178	9650	4268	0.015000	13	29572	0.933342	0.934510	0.000379	1.728037
178	9650	4269	0.015000	1	31221	0.985387	0.985387	0.000000	0.000000
178	9650	4270	0.015000	1	31221	0.985387	0.985387	0.000000	0.000000
178	9650	4271	0.015000	1	31221	0.985387	0.985387	0.000000	0.000000
178	9650	4272	0.015000	1	31221	0.985387	0.985387	0.000000	0.000000
178	9650	4273	0.015000	1	31221	0.985387	0.985387	0.000000	0.000000
178	9650	4274	0.015000	9	30507	0.962852	0.963357	0.000126	0.829156
178	9650	4275	0.015000	1	31221	0.985387	0.985387	0.000000	0.000000
178	9650	4276	0.015000	1	31221	0.985387	0.985387	0.000000	0.000000
178	9650	4277	0.015000	1	31221	0.985387	0.985387	0.000000	0.000000
178	9650	4278	0.015000	1	31219	0.985324	0.985324	0.000000	0.000000
178	9650	4279	0.015000	1	31221	0.985387	0.985387	0.000000	0.000000
178	9650	4280	0.015000	1	31221	0.985387	0.985387	0.000000	0.000000
178	9650	4281	0.015000	1	31221	0.985387	0.985387	0.000000	0.000000
178	9650	4282	0.015000	8	30296	0.956192	0.956603	0.000221	1.665986
178	9650	4283	0.015000	1	30997	0.978317	0.978317	0.000000	0.000000
178	9650	4284	0.015000	1	31207	0.984945	0.984945	0.000000	0.000000
178	9650	4285	0.015000	1	31221	0.985387	0.985387	0.000000	0.000000
178	9650	4286	0.015000	1	31221	0.985387	0.985387	0.000000	0.000000
178	9650	4287	0.015000	1	31221	0.985387	0.985387	0.000000	0.000000
178	9650	4288	0.015000	1	31184	0.984219	0.984219	0.000000	0.000000
178	9650	4289	0.015000	1	31221	0.985387	0.985387	0.000000	0.000000
178	9650	4290	0.015000	1	31221	0.985387	0.985387	0.000000	0.000000
178	9650	4291	0.015000	1	31221	0.985387	0.985387	0.000000	0.000000
178	9650	4292	0.015000	1	31221	0.985387	0.985387	0.000000	0.000000
178	9650	4293	0.015000	1	31221	0.985387	0.985387	0.000000	0.000000
178	9650	4294	0.015000	1	31221	0.985387	0.985387	0.000000	0.000000
178	9650	4295	0.015000	1	31221	0.985387	0.985387	0.000000	0.000000
178	9650	4296	0.015000	1	31219	0.985324	0.985324	0.000000	0.000000
178	9650	4297	0.015000	1	31221	0.985387	0.985387	0.000000	0.000000
178	9650	4298	0.015000	1	31221	0.985387	0.985387	0.000000	0.000000
178	9650	4299	0.015000	1	31221	0.985387	0.985387	0.000000	0.000000
178	9650	4300	0.015000	1	31221	0.985387	0.985387	0.000000	0.000000
178	9650	4301	0.015000	1	31215	0.985198	0.985198	0.000000	0.000000
178	9650	4302	0.015000	1	31221	0.985387	0.985387	0.000000	0.000000
178	9650	4303	0.015000	1	31221	0.985387	0.985387	0.000000	0.000000
178	9650	4304	0.015000	1	31221	0.985387	0.985387	0.000000	0.000000
178	9650	4305	0.015000	1	31221	0.985387	0.985387	0.000000	0.000000
178	9650	4306	0.015000	1	31221	0.985387	0.985387	0.000000	0.000000
178	9650	4307	0.015000	1	31221	0.985387	0.985387	0.000000	0.000000
178	9650	4308	0.015000	1	31221	0.985387	0.985387	0.000000	0.000000
178	9650	4309	0.015000	1	31221	0.985387	0.985387	0.000000	0.000000
178	9650	4310	0.015000	1	31221	0.985387	0.985387	0.000000	0.000000
178	9650	4311	0.015000	191	19657	0.620408	0.649350	0.002904	5.417527
178	9650	4312	0.015000	1	31221	0.985387	0.985387	0.000000	0.000000
178	9650	4313	0.015000	1	31221	0.985387	0.985387	0.000000	0.000000
178	9650	4314	0.015000	1	31221	0.985387	0.985387	0.000000	0.000000
178	9650	4315	0.015000	1	31221	0.985387	0.985387	0.000000	0.000000
178	9650	4316	0.015000	1	31221	0.985387	0.985387	0.000000	0.000000
178	9650	4317	0.015000	1	31221	0.985387	0.985387	0.000000	0.000000
178	9650	4318	0.015000	1	31221	0.985387	0.985387	0.000000	0.000000
178	9650	4319	0.015000	1	31221	0.985387	0.985387	0.000000	0.000000
178	9650	4320	0.015000	1	31221	0.985387	0.985387	0.000000	0.000000
178	9650	4321	0.015000	1	31221	0.985387	0.985387	0.000000	0.000000
178	9650	4322	0.015000	1	31221	0.985387	0.985387	0.000000	0.000000
178	9650	4323	0.015000	1	31221	0.985387	0.985387	0.000000	0.000000
178	9650	4324	0.015000	1	31207	0.984945	0.984945	0.000000	0.000000
178	9650	4325	0.015000	1	31221	0.985387	0.985387	0.000000	0.000000
178	9650	4326	0.015000	1	31204	0.984850	0.984850	0.000000	0.000000
178	9650	4327	0.015000	1	31221	0.985387	0.985387	0.000000	0.000000
178	9650	4328	0.015000	1	31221	0.985387	0.985387	0.000000	0.000000
178	9650	4329	0.015000	1	31221	0.985387	0.985387	0.000000	0.000000
178	9650	4330	0.015000	1	31221	0.985387	0.985387	0.000000	0.000000
178	9650	4331	0.015000	1	31221	0.985387	0.985387	0.000000	0.000000
178	9650	4332	0.015000	1	31221	0.985387	0.985387	0.000000	0.000000
178	9650	4333	0.015000	1	31221	0.985387	0.985387	0.000000	0.000000
178	9650	4334	0.015000	1	31221	0.985387	0.985387	0.000000	0.000000
178	9650	4335	0.015000	1	31221	0.985387	0.985387	0.000000	0.000000
178	9650	4336	0.015000	1	31221	0.985387	0.985387	0.000000	0.000000
178	9650	4337	0.015000	1	31221	0.985387	0.985387	0.000000	0.000000
178	9650	4338	0.015000	1	31221	0.985387	0.985387	0.000000	0.000000
178	9650	4339	0.015000	1	31221	0.985387	0.985387	0.000000	0.000000
178	9650	4340	0.015000	1	31221	0.985387	0.985387	0.000000	0.000000
178	9650	4341	0.015000	1	31220	0.985355	0.985355	0.000000	0.000000
178	9650	4342	0.015000	1	31221	0.985387	0.985387	0.000000	0.000000
178	9650	4343	0.015000	1	31221	0.985387	0.985387	0.000000	0.000000
178	9650	4344	0.015000	1	31221	0.985387	0.985387	0.000000	0.000000
178	9650	4345	0.015000	1	31221	0.985387	0.985387	0.000000	0.000000
178	9650	4346	0.015000	36	28575	0.901875	0.906167	0.000821	2.252218
178	9650	4347	0.015000	1	31221	0.985387	0.985387	0.000000	0.000000
178	9650	4348	0.015000	1	31221	0.985387	0.985387	0.000000	0.000000
178	9650	4349	0.015000	40	28409	0.896636	0.901843	0.001199	3.715003
178	9650	4350	0.015000	1	31221	0.985387	0.985387	0.000000	0.000000
178	9650	4351	0.015000	1	31221	0.985387	0.985387	0.000000	0.000000
178	9650	4352	0.015000	1	31221	0.985387	0.985387	0.000000	0.000000
178	9650	4353	0.015000	1	31221	0.985387	0.985387	0.000000	0.000000
178	9650	4354	0.015000	1	31221	0.985387	0.985387	0.000000	0.000000
178	9650	4355	0.015000	1	31221	0.985387	0.985387	0.000000	0.000000
178	9650	4356	0.015000	1	31200	0.984724	0.984724	0.000000	0.000000
178	9650	4357	0.015000	1	31221	0.985387	0.985387	0.000000	0.000000
178	9650	4358	0.015000	1	31221	0.985387	0.985387	0.000000	0.000000
178	9650	4359	0.015000	1	31221	0.985387	0.985387	0.000000	0.000000
178	9650	4360	0.015000	29	28579	0.902001	0.905978	0.000537	1.904284
178	9650	4361	0.015000	1	31221	0.985387	0.985387	0.000000	0.000000
178	9650	4362	0.015000	1	31221	0.985387	0.985387	0.000000	0.000000
178	9650	4363	0.015000	1	31221	0.985387	0.985387	0.000000	0.000000
178	9650	4364	0.015000	7	30081	0.949407	0.950985	0.001136	4.132826
178	9650	4365	0.015000	1	31221	0.985387	0.985387	0.000000	0.000000
178	9650	4366	0.015000	1	31221	0.985387	0.985387	0.000000	0.000000
178	9650	4367	0.015000	1	31221	0.985387	0.985387	0.000000	0.000000
178	9650	4368	0.015000	1	31221	0.985387	0.985387	0.000000	0.000000
178	9650	4369	0.015000	1	31221	0.985387	0.985387	0.000000	0.000000
178	9650	4370	0.015000	1	31221	0.985387	0.985387	0.000000	0.000000
178	9650	4371	0.015000	1	31220	0.985355	0.985355	0.000000	0.000000
178	9650	4372	0.015000	1	31221	0.985387	0.985387	0.000000	0.000000
178	9650	4373	0.015000	1	31221	0.985387	0.985387	0.000000	0.000000
178	9650	4374	0.015000	22	29429	0.928828	0.931196	0.000568	2.093494
178	9650	4375	0.015000	1	31221	0.985387	0.985387	0.000000	0.000000
178	9650	4376	0.015000	1	31214	0.985166	0.985166	0.000000	0.000000
178	9650	4377	0.015000	1	31221	0.985387	0.985387	0.000000	0.000000
178	9650	4378	0.015000	1	31221	0.985387	0.985387	0.000000	0.000000
178	9650	4379	0.015000	1	31221	0.985387	0.985387	0.000000	0.000000
178	9650	4380	0.015000	1	31221	0.985387	0.985387	0.000000	0.000000
178	9650	4381	0.015000	139	21644	0.683121	0.702342	0.001199	4.007610
178	9650	4382	0.015000	1	31221	0.985387	0.985387	0.000000	0.000000
178	9650	4383	0.015000	1	31221	0.985387	0.985387	0.000000	0.000000
178	9650	4384	0.015000	1	31221	0.985387	0.985387	0.000000	0.000000
178	9650	4385	0.015000	94	25503	0.804917	0.813534	0.000726	2.250814
178	9650	4386	0.015000	8	30109	0.950290	0.950606	0.000095	0.666667
178	9650	4387	0.015000	1	31221	0.985387	0.985387	0.000000	0.000000
178	9650	4388	0.015000	1	31213	0.985134	0.985134	0.000000	0.000000
178	9650	4389	0.015000	1	31221	0.985387	0.985387	0.000000	0.000000
178	9650	4390	0.015000	1	31221	0.985387	0.985387	0.000000	0.000000
178	9650	4391	0.015000	1	31208	0.984977	0.984977	0.000000	0.000000
178	9650	4392	0.015000	1	31055	0.980148	0.980148	0.000000	0.000000
178	9650	4393	0.015000	1	31221	0.985387	0.985387	0.000000	0.000000
178	9650	4394	0.015000	1	31221	0.985387	0.985387	0.000000	0.000000
178	9650	4395	0.015000	1	31221	0.985387	0.985387	0.000000	0.000000
178	9650	4396	0.015000	1	31221	0.985387	0.985387	0.000000	0.000000
178	9650	4397	0.015000	1	31137	0.982736	0.982736	0.000000	0.000000
178	9650	4398	0.015000	1	31221	0.985387	0.985387	0.000000	0.000000
178	9650	4399	0.015000	1	31221	0.985387	0.985387	0.000000	0.000000
178	9650	4400	0.015000	1	31221	0.985387	0.985387	0.000000	0.000000
178	9650	4401	0.015000	1	31221	0.985387	0.985387	0.000000	0.000000
178	9650	4402	0.015000	1	31221	0.985387	0.985387	0.000000	0.000000
178	9650	4403	0.015000	1	31221	0.985387	0.985387	0.000000	0.000000
178	9650	4404	0.015000	1	31221	0.985387	0.985387	0.000000	0.000000
178	9650	4405	0.015000	1	31036	0.979548	0.979548	0.000000	0.000000
178	9650	4406	0.015000	1	31221	0.985387	0.985387	0.000000	0.000000
178	9650	4407	0.015000	1	31220	0.985355	0.985355	0.000000	0.000000
178	9650	4408	0.015000	1	31221	0.985387	0.985387	0.000000	0.000000
178	9650	4409	0.015000	24	28686	0.905378	0.908282	0.000410	1.667653
178	9650	4410	0.015000	1	31221	0.985387	0.985387	0.000000	0.000000
178	9650	4411	0.015000	30	29581	0.933626	0.936877	0.000505	1.877082
178	9650	4412	0.015000	1	31221	0.985387	0.985387	0.000000	0.000000
178	9650	4413	0.015000	1	31221	0.985387	0.985387	0.000000	0.000000
178	9650	4414	0.015000	1	31221	0.985387	0.985387	0.000000	0.000000
178	9650	4415	0.015000	40	27502	0.868009	0.875268	0.001894	5.486701
178	9650	4416	0.015000	1	31221	0.985387	0.985387	0.000000	0.000000
178	9650	4417	0.015000	1	31221	0.985387	0.985387	0.000000	0.000000
178	9650	4418	0.015000	1	31202	0.984787	0.984787	0.000000	0.000000
178	9650	4419	0.015000	1	31221	0.985387	0.985387	0.000000	0.000000
178	9650	4420	0.015000	1	31221	0.985387	0.985387	0.000000	0.000000
178	9650	4421	0.015000	1	31221	0.985387	0.985387	0.000000	0.000000
178	9650	4422	0.015000	1	31221	0.985387	0.985387	0.000000	0.000000
178	9650	4423	0.015000	1	31221	0.985387	0.985387	0.000000	0.000000
178	9650	4424	0.015000	1	31221	0.985387	0.985387	0.000000	0.000000
178	9650	4425	0.015000	1	31221	0.985387	0.985387	0.000000	0.000000
178	9650	4426	0.015000	1	31221	0.985387	0.985387	0.000000	0.000000
178	9650	4427	0.015000	1	31221	0.985387	0.985387	0.000000	0.000000
178	9650	4428	0.015000	1	31221	0.985387	0.985387	0.000000	0.000000
178	9650	4429	0.015000	1	31221	0.985387	0.985387	0.000000	0.000000
178	9650	4430	0.015000	1	31221	0.985387	0.985387	0.000000	0.000000
178	9650	4431	0.015000	1	31221	0.985387	0.985387	0.000000	0.000000
178	9650	4432	0.015000	1	31221	0.985387	0.985387	0.000000	0.000000
178	9650	4433	0.015000	157	20155	0.636125	0.658029	0.001105	2.932993
178	9650	4434	0.015000	1	31221	0.985387	0.985387	0.000000	0.000000
178	9650	4435	0.015000	1	31221	0.985387	0.985387	0.000000	0.000000
178	9650	4436	0.015000	1	31220	0.985355	0.985355	0.000000	0.000000
178	9650	4437	0.015000	1	31221	0.985387	0.985387	0.000000	0.000000
178	9650	4438	0.015000	1	31221	0.985387	0.985387	0.000000	0.000000
178	9650	4439	0.015000	1	31221	0.985387	0.985387	0.000000	0.000000
178	9650	4440	0.015000	1	31221	0.985387	0.985387	0.000000	0.000000
178	9650	4441	0.015000	1	31221	0.985387	0.985387	0.000000	0.000000
178	9650	4442	0.015000	1	31221	0.985387	0.985387	0.000000	0.000000
178	9650	4443	0.015000	29	28821	0.909639	0.913774	0.000852	2.855457
178	9650	4444	0.015000	1	31221	0.985387	0.985387	0.000000	0.000000
178	9650	4445	0.015000	1	31221	0.985387	0.985387	0.000000	0.000000
178	9650	4446	0.015000	1	31221	0.985387	0.985387	0.000000	0.000000
178	9650	4447	0.015000	1	31221	0.985387	0.985387	0.000000	0.000000
178	9650	4448	0.015000	1	31221	0.985387	0.985387	0.000000	0.000000
178	9650	4449	0.015000	1	31221	0.985387	0.985387	0.000000	0.000000
178	9650	4450	0.015000	1	31221	0.985387	0.985387	0.000000	0.000000
178	9650	4451	0.015000	1	31221	0.985387	0.985387	0.000000	0.000000
178	9650	4452	0.015000	1	31221	0.985387	0.985387	0.000000	0.000000
178	9650	4453	0.015000	1	31221	0.985387	0.985387	0.000000	0.000000
178	9650	4454	0.015000	1	31221	0.985387	0.985387	0.000000	0.000000
178	9650	4455	0.015000	1	31221	0.985387	0.985387	0.000000	0.000000
178	9650	4456	0.015000	1	31221	0.985387	0.985387	0.000000	0.000000
178	9650	4457	0.015000	1	31221	0.985387	0.985387	0.000000	0.000000
178	9650	4458	0.015000	1	31221	0.985387	0.985387	0.000000	0.000000
178	9650	4459	0.015000	1	31221	0.985387	0.985387	0.000000	0.000000
178	9650	4460	0.015000	145	21172	0.668224	0.692053	0.004671	6.181794
178	9650	4461	0.015000	1	31221	0.985387	0.985387	0.000000	0.000000
178	9650	4462	0.015000	1	31221	0.985387	0.985387	0.000000	0.000000
178	9650	4463	0.015000	32	27878	0.879876	0.882843	0.000631	2.208506
178	9650	4464	0.015000	144	21457	0.677219	0.695367	0.000757	2.449135
178	9650	4465	0.015000	1	31221	0.985387	0.985387	0.000000	0.000000
178	9650	4466	0.015000	1	31221	0.985387	0.985387	0.000000	0.000000
178	9650	4467	0.015000	1	31221	0.985387	0.985387	0.000000	0.000000
178	9650	4468	0.015000	1	31221	0.985387	0.985387	0.000000	0.000000
178	9650	4469	0.015000	1	31221	0.985387	0.985387	0.000000	0.000000
178	9650	4470	0.015000	1	31221	0.985387	0.985387	0.000000	0.000000
178	9650	4471	0.015000	1	31221	0.985387	0.985387	0.000000	0.000000
178	9650	4472	0.015000	1	31221	0.985387	0.985387	0.000000	0.000000
178	9650	4473	0.015000	1	31221	0.985387	0.985387	0.000000	0.000000
178	9650	4474	0.015000	1	31221	0.985387	0.985387	0.000000	0.000000
178	9650	4475	0.015000	1	31221	0.985387	0.985387	0.000000	0.000000
178	9650	4476	0.015000	1	31221	0.985387	0.985387	0.000000	0.000000
178	9650	4477	0.015000	1	31221	0.985387	0.985387	0.000000	0.000000
178	9650	4478	0.015000	1	31221	0.985387	0.985387	0.000000	0.000000
178	9650	4479	0.015000	1	31221	0.985387	0.985387	0.000000	0.000000
178	9650	4480	0.015000	1	31221	0.985387	0.985387	0.000000	0.000000
178	9650	4481	0.015000	1	31221	0.985387	0.985387	0.000000	0.000000
178	9650	4482	0.015000	1	31221	0.985387	0.985387	0.000000	0.000000
178	9650	4483	0.015000	1	31221	0.985387	0.985387	0.000000	0.000000
178	9650	4484	0.015000	1	31221	0.985387	0.985387	0.000000	0.000000
178	9650	4485	0.015000	1	31221	0.985387	0.985387	0.000000	0.000000
178	9650	4486	0.015000	1	31221	0.985387	0.985387	0.000000	0.000000
178	9650	4487	0.015000	1	31196	0.984598	0.984598	0.000000	0.000000
178	9650	4488	0.015000	1	31221	0.985387	0.985387	0.000000	0.000000
178	9650	4489	0.015000	1	31221	0.985387	0.985387	0.000000	0.000000
178	9650	4490	0.015000	14	29734	0.938455	0.939433	0.000379	1.806624
178	9650	4491	0.015000	1	31221	0.985387	0.985387	0.000000	0.000000
178	9650	4492	0.015000	1	31221	0.985387	0.985387	0.000000	0.000000
178	9650	4493	0.015000	1	31221	0.985387	0.985387	0.000000	0.000000
178	9650	4494	0.015000	1	31221	0.985387	0.985387	0.000000	0.000000
178	9650	4495	0.015000	2	30877	0.974530	0.974561	0.000032	0.000000
178	9650	4496	0.015000	1	31221	0.985387	0.985387	0.000000	0.000000
178	9650	4497	0.015000	1	31221	0.985387	0.985387	0.000000	0.000000
178	9650	4498	0.015000	1	31221	0.985387	0.985387	0.000000	0.000000
178	9650	4499	0.015000	1	31221	0.985387	0.985387	0.000000	0.000000
178	9650	4500	0.015000	1	31221	0.985387	0.985387	0.000000	0.000000
178	9650	4501	0.015000	1	31221	0.985387	0.985387	0.000000	0.000000
178	9650	4502	0.015000	1	31220	0.985355	0.985355	0.000000	0.000000
178	9650	4503	0.015000	1	31221	0.985387	0.985387	0.000000	0.000000
178	9650	4504	0.015000	1	31221	0.985387	0.985387	0.000000	0.000000
178	9650	4505	0.015000	10	30030	0.947797	0.948460	0.000284	1.324042
178	9650	4506	0.015000	1	31221	0.985387	0.985387	0.000000	0.000000
178	9650	4507	0.015000	1	31221	0.985387	0.985387	0.000000	0.000000
178	9650	4508	0.015000	1	31221	0.985387	0.985387	0.000000	0.000000
178	9650	4509	0.015000	1	31221	0.985387	0.985387	0.000000	0.000000
178	9650	4510	0.015000	1	31221	0.985387	0.985387	0.000000	0.000000
178	9650	4511	0.015000	1	31218	0.985292	0.985292	0.000000	0.000000
178	9650	4512	0.015000	1	31221	0.985387	0.985387	0.000000	0.000000
178	9650	4513	0.015000	1	31221	0.985387	0.985387	0.000000	0.000000
178	9650	4514	0.015000	1	31221	0.985387	0.985387	0.000000	0.000000
178	9650	4515	0.015000	1	31221	0.985387	0.985387	0.000000	0.000000
178	9650	4516	0.015000	1	31221	0.985387	0.985387	0.000000	0.000000
178	9650	4517	0.015000	1	31221	0.985387	0.985387	0.000000	0.000000
178	9650	4518	0.015000	1	31221	0.985387	0.985387	0.000000	0.000000
178	9650	4519	0.015000	1	31173	0.983872	0.983872	0.000000	0.000000
178	9650	4520	0.015000	1	31221	0.985387	0.985387	0.000000	0.000000
178	9650	4521	0.015000	1	31221	0.985387	0.985387	0.000000	0.000000
178	9650	4522	0.015000	1	31221	0.985387	0.985387	0.000000	0.000000
178	9650	4523	0.015000	1	31221	0.985387	0.985387	0.000000	0.000000
178	9650	4524	0.015000	1	31221	0.985387	0.985387	0.000000	0.000000
178	9650	4525	0.015000	1	31221	0.985387	0.985387	0.000000	0.000000
178	9650	4526	0.015000	1	31221	0.985387	0.985387	0.000000	0.000000
178	9650	4527	0.015000	1	31221	0.985387	0.985387	0.000000	0.000000
178	9650	4528	0.015000	81	25469	0.803844	0.811956	0.001073	3.546039
178	9650	4529	0.015000	1	31221	0.985387	0.985387	0.000000	0.000000
178	9650	4530	0.015000	1	31221	0.985387	0.985387	0.000000	0.000000
178	9650	4531	0.015000	1	31221	0.985387	0.985387	0.000000	0.000000
178	9650	4532	0.015000	1	31221	0.985387	0.985387	0.000000	0.000000
178	9650	4533	0.015000	1	31221	0.985387	0.985387	0.000000	0.000000
178	9650	4534	0.015000	303	10315	0.325559	0.378456	0.003472	7.443295
178	9650	4535	0.015000	50	27951	0.882180	0.888871	0.000726	2.228022
178	9650	4536	0.015000	1	31221	0.985387	0.985387	0.000000	0.000000
178	9650	4537	0.015000	1	31221	0.985387	0.985387	0.000000	0.000000
178	9650	4538	0.015000	1	31221	0.985387	0.985387	0.000000	0.000000
178	9650	4539	0.015000	1	31212	0.985103	0.985103	0.000000	0.000000
178	9650	4540	0.015000	1	31221	0.985387	0.985387	0.000000	0.000000
178	9650	4541	0.015000	4	30713	0.969354	0.969480	0.000063	0.500000
178	9650	4542	0.015000	1	31221	0.985387	0.985387	0.000000	0.000000
178	9650	4543	0.015000	1	31221	0.985387	0.985387	0.000000	0.000000
178	9650	4544	0.015000	1	31221	0.985387	0.985387	0.000000	0.000000
178	9650	4545	0.015000	1	31144	0.982957	0.982957	0.000000	0.000000
178	9650	4546	0.015000	1	31221	0.985387	0.985387	0.000000	0.000000
178	9650	4547	0.015000	1	31221	0.985387	0.985387	0.000000	0.000000
178	9650	4548	0.015000	1	31221	0.985387	0.985387	0.000000	0.000000
178	9650	4549	0.015000	1	31221	0.985387	0.985387	0.000000	0.000000
178	9650	4550	0.015000	1	31104	0.981694	0.981694	0.000000	0.000000
178	9650	4551	0.015000	1	31221	0.985387	0.985387	0.000000	0.000000
178	9650	4552	0.015000	1	31221	0.985387	0.985387	0.000000	0.000000
178	9650	4553	0.015000	1	31167	0.983683	0.983683	0.000000	0.000000
178	9650	4554	0.015000	1	31221	0.985387	0.985387	0.000000	0.000000
178	9650	4555	0.015000	15	29502	0.931132	0.931985	0.000284	1.482407
178	9650	4556	0.015000	1	31221	0.985387	0.985387	0.000000	0.000000
178	9650	4557	0.015000	1	31221	0.985387	0.985387	0.000000	0.000000
178	9650	4558	0.015000	1	31221	0.985387	0.985387	0.000000	0.000000
178	9650	4559	0.015000	1	31221	0.985387	0.985387	0.000000	0.000000
178	9650	4560	0.015000	1	31204	0.984850	0.984850	0.000000	0.000000
178	9650	4561	0.015000	1	31221	0.985387	0.985387	0.000000	0.000000
178	9650	4562	0.015000	1	31195	0.984566	0.984566	0.000000	0.000000
178	9650	4563	0.015000	19	29700	0.937382	0.938770	0.000316	1.590597
178	9650	4564	0.015000	1	31221	0.985387	0.985387	0.000000	0.000000
178	9650	4565	0.015000	1	30924	0.976013	0.976013	0.000000	0.000000
178	9650	4566	0.015000	1	31221	0.985387	0.985387	0.000000	0.000000
178	9650	4567	0.015000	1	31221	0.985387	0.985387	0.000000	0.000000
178	9650	4568	0.015000	1	31221	0.985387	0.985387	0.000000	0.000000
178	9650	4569	0.015000	1	31221	0.985387	0.985387	0.000000	0.000000
178	9650	4570	0.015000	1	31221	0.985387	0.985387	0.000000	0.000000
178	9650	4571	0.015000	1	31221	0.985387	0.985387	0.000000	0.000000
178	9650	4572	0.015000	1	31221	0.985387	0.985387	0.000000	0.000000
178	9650	4573	0.015000	1	31221	0.985387	0.985387	0.000000	0.000000
178	9650	4574	0.015000	1	31221	0.985387	0.985387	0.000000	0.000000
178	9650	4575	0.015000	1	31221	0.985387	0.985387	0.000000	0.000000
178	9650	4576	0.015000	1	31221	0.985387	0.985387	0.000000	0.000000
178	9650	4577	0.015000	1	31198	0.984661	0.984661	0.000000	0.000000
178	9650	4578	0.015000	1	31221	0.985387	0.985387	0.000000	0.000000
178	9650	4579	0.015000	1	31221	0.985387	0.985387	0.000000	0.000000
178	9650	4580	0.015000	1	31221	0.985387	0.985387	0.000000	0.000000
178	9650	4581	0.015000	1	31221	0.985387	0.985387	0.000000	0.000000
178	9650	4582	0.015000	1	31221	0.985387	0.985387	0.000000	0.000000
178	9650	4583	0.015000	1	31221	0.985387	0.985387	0.000000	0.000000
178	9650	4584	0.015000	1	31221	0.985387	0.985387	0.000000	0.000000
178	9650	4585	0.015000	1	31221	0.985387	0.985387	0.000000	0.000000
178	9650	4586	0.015000	1	31221	0.985387	0.985387	0.000000	0.000000
178	9650	4587	0.015000	1	30984	0.977907	0.977907	0.000000	0.000000
178	9650	4588	0.015000	1	31221	0.985387	0.985387	0.000000	0.000000
178	9650	4589	0.015000	1	31221	0.985387	0.985387	0.000000	0.000000
178	9650	4590	0.015000	1	31221	0.985387	0.985387	0.000000	0.000000
178	9650	4591	0.015000	1	31221	0.985387	0.985387	0.000000	0.000000
178	9650	4592	0.015000	1	31221	0.985387	0.985387	0.000000	0.000000
178	9650	4593	0.015000	1	31221	0.985387	0.985387	0.000000	0.000000
178	9650	4594	0.015000	1	31219	0.985324	0.985324	0.000000	0.000000
178	9650	4595	0.015000	1	31221	0.985387	0.985387	0.000000	0.000000
178	9650	4596	0.015000	1	31221	0.985387	0.985387	0.000000	0.000000
178	9650	4597	0.015000	1	31221	0.985387	0.985387	0.000000	0.000000
178	9650	4598	0.015000	1	31221	0.985387	0.985387	0.000000	0.000000
178	9650	4599	0.015000	1	31221	0.985387	0.985387	0.000000	0.000000
178	9650	4600	0.015000	1	31221	0.985387	0.985387	0.000000	0.000000
178	9650	4601	0.015000	1	31221	0.985387	0.985387	0.000000	0.000000
178	9650	4602	0.015000	1	31221	0.985387	0.985387	0.000000	0.000000
178	9650	4603	0.015000	1	31221	0.985387	0.985387	0.000000	0.000000
178	9650	4604	0.015000	1	31221	0.985387	0.985387	0.000000	0.000000
178	9650	4605	0.015000	1	31221	0.985387	0.985387	0.000000	0.000000
178	9650	4606	0.015000	1	31221	0.985387	0.985387	0.000000	0.000000
178	9650	4607	0.015000	1	31221	0.985387	0.985387	0.000000	0.000000
178	9650	4608	0.015000	1	31221	0.985387	0.985387	0.000000	0.000000
178	9650	4609	0.015000	22	29418	0.928481	0.930533	0.000379	1.641476
178	9650	4610	0.015000	1	31221	0.985387	0.985387	0.000000	0.000000
178	9650	4611	0.015000	1	31221	0.985387	0.985387	0.000000	0.000000
178	9650	4612	0.015000	1	31221	0.985387	0.985387	0.000000	0.000000
178	9650	4613	0.015000	1	31221	0.985387	0.985387	0.000000	0.000000
178	9650	4614	0.015000	1	31221	0.985387	0.985387	0.000000	0.000000
178	9650	4615	0.015000	1	31221	0.985387	0.985387	0.000000	0.000000
178	9650	4616	0.015000	1	31221	0.985387	0.985387	0.000000	0.000000
178	9650	4617	0.015000	1	31221	0.985387	0.985387	0.000000	0.000000
178	9650	4618	0.015000	1	31221	0.985387	0.985387	0.000000	0.000000
178	9650	4619	0.015000	1	31221	0.985387	0.985387	0.000000	0.000000
178	9650	4620	0.015000	1	31221	0.985387	0.985387	0.000000	0.000000
178	9650	4621	0.015000	1	31221	0.985387	0.985387	0.000000	0.000000
178	9650	4622	0.015000	1	31221	0.985387	0.985387	0.000000	0.000000
178	9650	4623	0.015000	1	31221	0.985387	0.985387	0.000000	0.000000
178	9650	4624	0.015000	1	31221	0.985387	0.985387	0.000000	0.000000
178	9650	4625	0.015000	1	31221	0.985387	0.985387	0.000000	0.000000
178	9650	4626	0.015000	1	31211	0.985071	0.985071	0.000000	0.000000
178	9650	4627	0.015000	1	31221	0.985387	0.985387	0.000000	0.000000
178	9650	4628	0.015000	1	31221	0.985387	0.985387	0.000000	0.000000
178	9650	4629	0.015000	1	31221	0.985387	0.985387	0.000000	0.000000
178	9650	4630	0.015000	2	31045	0.979832	0.979864	0.000032	0.000000
178	9650	4631	0.015000	30	29280	0.924126	0.927818	0.000884	2.506624
178	9650	4632	0.015000	1	31221	0.985387	0.985387	0.000000	0.000000
178	9650	4633	0.015000	1	31221	0.985387	0.985387	0.000000	0.000000
178	9650	4634	0.015000	1	31221	0.985387	0.985387	0.000000	0.000000
178	9650	4635	0.015000	1	31221	0.985387	0.985387	0.000000	0.000000
178	9650	4636	0.015000	1	31221	0.985387	0.985387	0.000000	0.000000
178	9650	4637	0.015000	1	31221	0.985387	0.985387	0.000000	0.000000
178	9650	4638	0.015000	1	31221	0.985387	0.985387	0.000000	0.000000
178	9650	4639	0.015000	1	31221	0.985387	0.985387	0.000000	0.000000
178	9650	4640	0.015000	1	31221	0.985387	0.985387	0.000000	0.000000
178	9650	4641	0.015000	1	31221	0.985387	0.985387	0.000000	0.000000
178	9650	4642	0.015000	1	31221	0.985387	0.985387	0.000000	0.000000
178	9650	4643	0.015000	1	31215	0.985198	0.985198	0.000000	0.000000
178	9650	4644	0.015000	1	31221	0.985387	0.985387	0.000000	0.000000
178	9650	4645	0.015000	1	31221	0.985387	0.985387	0.000000	0.000000
178	9650	4646	0.015000	1	31221	0.985387	0.985387	0.000000	0.000000
178	9650	4647	0.015000	1	31221	0.985387	0.985387	0.000000	0.000000
178	9650	4648	0.015000	1	31221	0.985387	0.985387	0.000000	0.000000
178	9650	4649	0.015000	1	31221	0.985387	0.985387	0.000000	0.000000
178	9650	4650	0.015000	1	31221	0.985387	0.985387	0.000000	0.000000
178	9650	4651	0.015000	1	31221	0.985387	0.985387	0.000000	0.000000
178	9650	4652	0.015000	1	31221	0.985387	0.985387	0.000000	0.000000
178	9650	4653	0.015000	1	31221	0.985387	0.985387	0.000000	0.000000
178	9650	4654	0.015000	1	31215	0.985198	0.985198	0.000000	0.000000
178	9650	4655	0.015000	1	31221	0.985387	0.985387	0.000000	0.000000
178	9650	4656	0.015000	1	31221	0.985387	0.985387	0.000000	0.000000
178	9650	4657	0.015000	28	28418	0.896920	0.899066	0.000316	1.870829
178	9650	4658	0.015000	1	31221	0.985387	0.985387	0.000000	0.000000
178	9650	4659	0.015000	1	31221	0.985387	0.985387	0.000000	0.000000
178	9650	4660	0.015000	1	31221	0.985387	0.985387	0.000000	0.000000
178	9650	4661	0.015000	1	31221	0.985387	0.985387	0.000000	0.000000
178	9650	4662	0.015000	1	31221	0.985387	0.985387	0.000000	0.000000
178	9650	4663	0.015000	1	31221	0.985387	0.985387	0.000000	0.000000
178	9650	4664	0.015000	1	31184	0.984219	0.984219	0.000000	0.000000
178	9650	4665	0.015000	1	31221	0.985387	0.985387	0.000000	0.000000
178	9650	4666	0.015000	1	31221	0.985387	0.985387	0.000000	0.000000
178	9650	4667	0.015000	1	31221	0.985387	0.985387	0.000000	0.000000
178	9650	4668	0.015000	1	31221	0.985387	0.985387	0.000000	0.000000
178	9650	4669	0.015000	1	31221	0.985387	0.985387	0.000000	0.000000
178	9650	4670	0.015000	1	31221	0.985387	0.985387	0.000000	0.000000
178	9650	4671	0.015000	1	31221	0.985387	0.985387	0.000000	0.000000
178	9650	4672	0.015000	1	31047	0.979895	0.979895	0.000000	0.000000
178	9650	4673	0.015000	1	31221	0.985387	0.985387	0.000000	0.000000
178	9650	4674	0.015000	1	31221	0.985387	0.985387	0.000000	0.000000
178	9650	4675	0.015000	1	31221	0.985387	0.985387	0.000000	0.000000
178	9650	4676	0.015000	1	31221	0.985387	0.985387	0.000000	0.000000
178	9650	4677	0.015000	1	31221	0.985387	0.985387	0.000000	0.000000
178	9650	4678	0.015000	1	31221	0.985387	0.985387	0.000000	0.000000
178	9650	4679	0.015000	1	31221	0.985387	0.985387	0.000000	0.000000
178	9650	4680	0.015000	34	28062	0.885684	0.890544	0.001326	3.649077
178	9650	4681	0.015000	1	31221	0.985387	0.985387	0.000000	0.000000
178	9650	4682	0.015000	1	31221	0.985387	0.985387	0.000000	0.000000
178	9650	4683	0.015000	1	31221	0.985387	0.985387	0.000000	0.000000
178	9650	4684	0.015000	1	31221	0.985387	0.985387	0.000000	0.000000
178	9650	4685	0.015000	1	31221	0.985387	0.985387	0.000000	0.000000
178	9650	4686	0.015000	1	31221	0.985387	0.985387	0.000000	0.000000
178	9650	4687	0.015000	1	31221	0.985387	0.985387	0.000000	0.000000
178	9650	4688	0.015000	1	31215	0.985198	0.985198	0.000000	0.000000
178	9650	4689	0.015000	1	31221	0.985387	0.985387	0.000000	0.000000
178	9650	4690	0.015000	1	31221	0.985387	0.985387	0.000000	0.000000
178	9650	4691	0.015000	1	31221	0.985387	0.985387	0.000000	0.000000
178	9650	4692	0.015000	1	31221	0.985387	0.985387	0.000000	0.000000
178	9650	4693	0.015000	1	31221	0.985387	0.985387	0.000000	0.000000
178	9650	4694	0.015000	1	31221	0.985387	0.985387	0.000000	0.000000
178	9650	4695	0.015000	1	31221	0.985387	0.985387	0.000000	0.000000
178	9650	4696	0.015000	1	31221	0.985387	0.985387	0.000000	0.000000
178	9650	4697	0.015000	1	31221	0.985387	0.985387	0.000000	0.000000
178	9650	4698	0.015000	1	31221	0.985387	0.985387	0.000000	0.000000
178	9650	4699	0.015000	1	31196	0.984598	0.984598	0.000000	0.000000
178	9650	4700	0.015000	1	31221	0.985387	0.985387	0.000000	0.000000
178	9650	4701	0.015000	1	31221	0.985387	0.985387	0.000000	0.000000
178	9650	4702	0.015000	1	31221	0.985387	0.985387	0.000000	0.000000
178	9650	4703	0.015000	1	31221	0.985387	0.985387	0.000000	0.000000
178	9650	4704	0.015000	1	31221	0.985387	0.985387	0.000000	0.000000
178	9650	4705	0.015000	1	31139	0.982799	0.982799	0.000000	0.000000
178	9650	4706	0.015000	22	28599	0.902632	0.904715	0.000410	1.613552
178	9650	4707	0.015000	1	31221	0.985387	0.985387	0.000000	0.000000
178	9650	4708	0.015000	23	29004	0.915415	0.918066	0.000694	2.997244
178	9650	4709	0.015000	1	31221	0.985387	0.985387	0.000000	0.000000
178	9650	4710	0.015000	1	31221	0.985387	0.985387	0.000000	0.000000
178	9650	4711	0.015000	1	31221	0.985387	0.985387	0.000000	0.000000
178	9650	4712	0.015000	1	31221	0.985387	0.985387	0.000000	0.000000
178	9650	4713	0.015000	1	31221	0.985387	0.985387	0.000000	0.000000
178	9650	4714	0.015000	1	31221	0.985387	0.985387	0.000000	0.000000
178	9650	4715	0.015000	1	31221	0.985387	0.985387	0.000000	0.000000
178	9650	4716	0.015000	1	31221	0.985387	0.985387	0.000000	0.000000
178	9650	4717	0.015000	1	31221	0.985387	0.985387	0.000000	0.000000
178	9650	4718	0.015000	1	31221	0.985387	0.985387	0.000000	0.000000
178	9650	4719	0.015000	1	31185	0.984251	0.984251	0.000000	0.000000
178	9650	4720	0.015000	77	26957	0.850808	0.860087	0.001105	3.219836
178	9650	4721	0.015000	1	31221	0.985387	0.985387	0.000000	0.000000
178	9650	4722	0.015000	1	31221	0.985387	0.985387	0.000000	0.000000
178	9650	4723	0.015000	1	31221	0.985387	0.985387	0.000000	0.000000
178	9650	4724	0.015000	5	30754	0.970648	0.970869	0.000063	0.500000
178	9650	4725	0.015000	1	31221	0.985387	0.985387	0.000000	0.000000
178	9650	4726	0.015000	1	31221	0.985387	0.985387	0.000000	0.000000
178	9650	4727	0.015000	1	31199	0.984693	0.984693	0.000000	0.000000
178	9650	4728	0.015000	1	31221	0.985387	0.985387	0.000000	0.000000
178	9650	4729	0.015000	1	31221	0.985387	0.985387	0.000000	0.000000
178	9650	4730	0.015000	1	31221	0.985387	0.985387	0.000000	0.000000
178	9650	4731	0.015000	1	31221	0.985387	0.985387	0.000000	0.000000
178	9650	4732	0.015000	1	31221	0.985387	0.985387	0.000000	0.000000
178	9650	4733	0.015000	1	31215	0.985198	0.985198	0.000000	0.000000
178	9650	4734	0.015000	1	31221	0.985387	0.985387	0.000000	0.000000
178	9650	4735	0.015000	1	31221	0.985387	0.985387	0.000000	0.000000
178	9650	4736	0.015000	1	31221	0.985387	0.985387	0.000000	0.000000
178	9650	4737	0.015000	1	31221	0.985387	0.985387	0.000000	0.000000
178	9650	4738	0.015000	1	31221	0.985387	0.985387	0.000000	0.000000
178	9650	4739	0.015000	1	31221	0.985387	0.985387	0.000000	0.000000
178	9650	4740	0.015000	1	31221	0.985387	0.985387	0.000000	0.000000
178	9650	4741	0.015000	1	31221	0.985387	0.985387	0.000000	0.000000
178	9650	4742	0.015000	1	31221	0.985387	0.985387	0.000000	0.000000
178	9650	4743	0.015000	1	31221	0.985387	0.985387	0.000000	0.000000
178	9650	4744	0.015000	1	31221	0.985387	0.985387	0.000000	0.000000
178	9650	4745	0.015000	1	31220	0.985355	0.985355	0.000000	0.000000
178	9650	4746	0.015000	1	31221	0.985387	0.985387	0.000000	0.000000
178	9650	4747	0.015000	1	31221	0.985387	0.985387	0.000000	0.000000
178	9650	4748	0.015000	1	31221	0.985387	0.985387	0.000000	0.000000
178	9650	4749	0.015000	1	31221	0.985387	0.985387	0.000000	0.000000
178	9650	4750	0.015000	1	31221	0.985387	0.985387	0.000000	0.000000
178	9650	4751	0.015000	1	31221	0.985387	0.985387	0.000000	0.000000
178	9650	4752	0.015000	1	31220	0.985355	0.985355	0.000000	0.000000
178	9650	4753	0.015000	1	31221	0.985387	0.985387	0.000000	0.000000
178	9650	4754	0.015000	1	31221	0.985387	0.985387	0.000000	0.000000
178	9650	4755	0.015000	1	31221	0.985387	0.985387	0.000000	0.000000
178	9650	4756	0.015000	1	31221	0.985387	0.985387	0.000000	0.000000
178	9650	4757	0.015000	14	30204	0.953289	0.954520	0.000252	1.391941
178	9650	4758	0.015000	1	31221	0.985387	0.985387	0.000000	0.000000
178	9650	4759	0.015000	1	31221	0.985387	0.985387	0.000000	0.000000
178	9650	4760	0.015000	1	31221	0.985387	0.985387	0.000000	0.000000
178	9650	4761	0.015000	1	31221	0.985387	0.985387	0.000000	0.000000
178	9650	4762	0.015000	1	31221	0.985387	0.985387	0.000000	0.000000
178	9650	4763	0.015000	1	31221	0.985387	0.985387	0.000000	0.000000
178	9650	4764	0.015000	1	31221	0.985387	0.985387	0.000000	0.000000
178	9650	4765	0.015000	90	25252	0.796995	0.812524	0.002651	6.284170
178	9650	4766	0.015000	1	31221	0.985387	0.985387	0.000000	0.000000
178	9650	4767	0.015000	27	28764	0.907840	0.911122	0.000473	2.442221
178	9650	4768	0.015000	1	31221	0.985387	0.985387	0.000000	0.000000
178	9650	4769	0.015000	1	31221	0.985387	0.985387	0.000000	0.000000
178	9650	4770	0.015000	1	31221	0.985387	0.985387	0.000000	0.000000
178	9650	4771	0.015000	1	31221	0.985387	0.985387	0.000000	0.000000
178	9650	4772	0.015000	1	31221	0.985387	0.985387	0.000000	0.000000
178	9650	4773	0.015000	1	31221	0.985387	0.985387	0.000000	0.000000
178	9650	4774	0.015000	6	30724	0.969701	0.969985	0.000095	0.666667
178	9650	4775	0.015000	1	31221	0.985387	0.985387	0.000000	0.000000
178	9650	4776	0.015000	1	31198	0.984661	0.984661	0.000000	0.000000
178	9650	4777	0.015000	1	31221	0.985387	0.985387	0.000000	0.000000
178	9650	4778	0.015000	1	31221	0.985387	0.985387	0.000000	0.000000
178	9650	4779	0.015000	1	31202	0.984787	0.984787	0.000000	0.000000
178	9650	4780	0.015000	1	31221	0.985387	0.985387	0.000000	0.000000
178	9650	4781	0.015000	1	31221	0.985387	0.985387	0.000000	0.000000
178	9650	4782	0.015000	1	31221	0.985387	0.985387	0.000000	0.000000
178	9650	4783	0.015000	1	31221	0.985387	0.985387	0.000000	0.000000
178	9650	4784	0.015000	1	31221	0.985387	0.985387	0.000000	0.000000
178	9650	4785	0.015000	37	28572	0.901780	0.906893	0.001105	3.678953
178	9650	4786	0.015000	1	31221	0.985387	0.985387	0.000000	0.000000
178	9650	4787	0.015000	1	31221	0.985387	0.985387	0.000000	0.000000
178	9650	4788	0.015000	1	31221	0.985387	0.985387	0.000000	0.000000
178	9650	4789	0.015000	1	31221	0.985387	0.985387	0.000000	0.000000
178	9650	4790	0.015000	1	31221	0.985387	0.985387	0.000000	0.000000
178	9650	4791	0.015000	1	31221	0.985387	0.985387	0.000000	0.000000
178	9650	4792	0.015000	1	31221	0.985387	0.985387	0.000000	0.000000
178	9650	4793	0.015000	1	31221	0.985387	0.985387	0.000000	0.000000
178	9650	4794	0.015000	1	31221	0.985387	0.985387	0.000000	0.000000
178	9650	4795	0.015000	1	31221	0.985387	0.985387	0.000000	0.000000
178	9650	4796	0.015000	1	31221	0.985387	0.985387	0.000000	0.000000
178	9650	4797	0.015000	2	30930	0.976202	0.976234	0.000032	0.000000
178	9650	4798	0.015000	1	31221	0.985387	0.985387	0.000000	0.000000
178	9650	4799	0.015000	1	31221	0.985387	0.985387	0.000000	0.000000
178	9650	4800	0.015000	1	31221	0.985387	0.985387	0.000000	0.000000
178	9650	4801	0.015000	1	31221	0.985387	0.985387	0.000000	0.000000
178	9650	4802	0.015000	1	31221	0.985387	0.985387	0.000000	0.000000
178	9650	4803	0.015000	1	31221	0.985387	0.985387	0.000000	0.000000
178	9650	4804	0.015000	1	31221	0.985387	0.985387	0.000000	0.000000
178	9650	4805	0.015000	1	31221	0.985387	0.985387	0.000000	0.000000
178	9650	4806	0.015000	1	31221	0.985387	0.985387	0.000000	0.000000
178	9650	4807	0.015000	1	31221	0.985387	0.985387	0.000000	0.000000
178	9650	4808	0.015000	1	30927	0.976108	0.976108	0.000000	0.000000
178	9650	4809	0.015000	1	31221	0.985387	0.985387	0.000000	0.000000
178	9650	4810	0.015000	1	31221	0.985387	0.985387	0.000000	0.000000
178	9650	4811	0.015000	1	31221	0.985387	0.985387	0.000000	0.000000
178	9650	4812	0.015000	1	31221	0.985387	0.985387	0.000000	0.000000
178	9650	4813	0.015000	1	31221	0.985387	0.985387	0.000000	0.000000
178	9650	4814	0.015000	1	31221	0.985387	0.985387	0.000000	0.000000
178	9650	4815	0.015000	1	31197	0.984629	0.984629	0.000000	0.000000
178	9650	4816	0.015000	1	31221	0.985387	0.985387	0.000000	0.000000
178	9650	4817	0.015000	1	31221	0.985387	0.985387	0.000000	0.000000
178	9650	4818	0.015000	1	31221	0.985387	0.985387	0.000000	0.000000
178	9650	4819	0.015000	1	31221	0.985387	0.985387	0.000000	0.000000
178	9650	4820	0.015000	1	31221	0.985387	0.985387	0.000000	0.000000
178	9650	4821	0.015000	1	31221	0.985387	0.985387	0.000000	0.000000
178	9650	4822	0.015000	8	29986	0.946408	0.947166	0.000473	2.093376
178	9650	4823	0.015000	1	31221	0.985387	0.985387	0.000000	0.000000
178	9650	4824	0.015000	1	31221	0.985387	0.985387	0.000000	0.000000
178	9650	4825	0.015000	1	31221	0.985387	0.985387	0.000000	0.000000
178	9650	4826	0.015000	1	31221	0.985387	0.985387	0.000000	0.000000
178	9650	4827	0.015000	1	31221	0.985387	0.985387	0.000000	0.000000
178	9650	4828	0.015000	1	31221	0.985387	0.985387	0.000000	0.000000
178	9650	4829	0.015000	1	31221	0.985387	0.985387	0.000000	0.000000
178	9650	4830	0.015000	1	31221	0.985387	0.985387	0.000000	0.000000
178	9650	4831	0.015000	1	31221	0.985387	0.985387	0.000000	0.000000
178	9650	4832	0.015000	1	31221	0.985387	0.985387	0.000000	0.000000
178	9650	4833	0.015000	1	31221	0.985387	0.985387	0.000000	0.000000
178	9650	4834	0.015000	1	31221	0.985387	0.985387	0.000000	0.000000
178	9650	4835	0.015000	1	31221	0.985387	0.985387	0.000000	0.000000
178	9650	4836	0.015000	1	31221	0.985387	0.985387	0.000000	0.000000
178	9650	4837	0.015000	1	31221	0.985387	0.985387	0.000000	0.000000
178	9650	4838	0.015000	2	30527	0.963483	0.963515	0.000032	0.000000
178	9650	4839	0.015000	1	31221	0.985387	0.985387	0.000000	0.000000
178	9650	4840	0.015000	1	31221	0.985387	0.985387	0.000000	0.000000
178	9650	4841	0.015000	1	31221	0.985387	0.985387	0.000000	0.000000
178	9650	4842	0.015000	1	31197	0.984629	0.984629	0.000000	0.000000
178	9650	4843	0.015000	1	31221	0.985387	0.985387	0.000000	0.000000
178	9650	4844	0.015000	1	31221	0.985387	0.985387	0.000000	0.000000
178	9650	4845	0.015000	1	31221	0.985387	0.985387	0.000000	0.000000
178	9650	4846	0.015000	1	31221	0.985387	0.985387	0.000000	0.000000
178	9650	4847	0.015000	1	31221	0.985387	0.985387	0.000000	0.000000
178	9650	4848	0.015000	1	31221	0.985387	0.985387	0.000000	0.000000
178	9650	4849	0.015000	1	31221	0.985387	0.985387	0.000000	0.000000
178	9650	4850	0.015000	1	31221	0.985387	0.985387	0.000000	0.000000
178	9650	4851	0.015000	1	31221	0.985387	0.985387	0.000000	0.000000
178	9650	4852	0.015000	1	31221	0.985387	0.985387	0.000000	0.000000
178	9650	4853	0.015000	1	31221	0.985387	0.985387	0.000000	0.000000
178	9650	4854	0.015000	1	31221	0.985387	0.985387	0.000000	0.000000
178	9650	4855	0.015000	1	31221	0.985387	0.985387	0.000000	0.000000
178	9650	4856	0.015000	1	31221	0.985387	0.985387	0.000000	0.000000
178	9650	4857	0.015000	1	31221	0.985387	0.985387	0.000000	0.000000
178	9650	4858	0.015000	1	31221	0.985387	0.985387	0.000000	0.000000
178	9650	4859	0.015000	1	31221	0.985387	0.985387	0.000000	0.000000
178	9650	4860	0.015000	1	31210	0.985040	0.985040	0.000000	0.000000
178	9650	4861	0.015000	1	31221	0.985387	0.985387	0.000000	0.000000
178	9650	4862	0.015000	1	31221	0.985387	0.985387	0.000000	0.000000
178	9650	4863	0.015000	1	31193	0.984503	0.984503	0.000000	0.000000
178	9650	4864	0.015000	1	31217	0.985261	0.985261	0.000000	0.000000
178	9650	4865	0.015000	1	31221	0.985387	0.985387	0.000000	0.000000
178	9650	4866	0.015000	51	28172	0.889155	0.895626	0.000915	2.853539
178	9650	4867	0.015000	1	31221	0.985387	0.985387	0.000000	0.000000
178	9650	4868	0.015000	1	31221	0.985387	0.985387	0.000000	0.000000
178	9650	4869	0.015000	1	31221	0.985387	0.985387	0.000000	0.000000
178	9650	4870	0.015000	1	31221	0.985387	0.985387	0.000000	0.000000
178	9650	4871	0.015000	1	31221	0.985387	0.985387	0.000000	0.000000
178	9650	4872	0.015000	1	31221	0.985387	0.985387	0.000000	0.000000
178	9650	4873	0.015000	1	31221	0.985387	0.985387	0.000000	0.000000
178	9650	4874	0.015000	1	31221	0.985387	0.985387	0.000000	0.000000
178	9650	4875	0.015000	1	31221	0.985387	0.985387	0.000000	0.000000
178	9650	4876	0.015000	1	31221	0.985387	0.985387	0.000000	0.000000
178	9650	4877	0.015000	1	31221	0.985387	0.985387	0.000000	0.000000
178	9650	4878	0.015000	1	31221	0.985387	0.985387	0.000000	0.000000
178	9650	4879	0.015000	28	29181	0.921001	0.922737	0.000189	1.067187
178	9650	4880	0.015000	1	31221	0.985387	0.985387	0.000000	0.000000
178	9650	4881	0.015000	1	31221	0.985387	0.985387	0.000000	0.000000
178	9650	4882	0.015000	1	31221	0.985387	0.985387	0.000000	0.000000
178	9650	4883	0.015000	7	30172	0.952279	0.952468	0.000032	0.000000
178	9650	4884	0.015000	1	31221	0.985387	0.985387	0.000000	0.000000
178	9650	4885	0.015000	1	31221	0.985387	0.985387	0.000000	0.000000
178	9650	4886	0.015000	1	31221	0.985387	0.985387	0.000000	0.000000
178	9650	4887	0.015000	1	31221	0.985387	0.985387	0.000000	0.000000
178	9650	4888	0.015000	1	31221	0.985387	0.985387	0.000000	0.000000
178	9650	4889	0.015000	1	31221	0.985387	0.985387	0.000000	0.000000
178	9650	4890	0.015000	1	31221	0.985387	0.985387	0.000000	0.000000
178	9650	4891	0.015000	1	31221	0.985387	0.985387	0.000000	0.000000
178	9650	4892	0.015000	1	31221	0.985387	0.985387	0.000000	0.000000
178	9650	4893	0.015000	1	31221	0.985387	0.985387	0.000000	0.000000
178	9650	4894	0.015000	1	31221	0.985387	0.985387	0.000000	0.000000
178	9650	4895	0.015000	1	31221	0.985387	0.985387	0.000000	0.000000
178	9650	4896	0.015000	1	31216	0.985229	0.985229	0.000000	0.000000
178	9650	4897	0.015000	1	31221	0.985387	0.985387	0.000000	0.000000
178	9650	4898	0.015000	1	31221	0.985387	0.985387	0.000000	0.000000
178	9650	4899	0.015000	1	31221	0.985387	0.985387	0.000000	0.000000
178	9650	4900	0.015000	1	31221	0.985387	0.985387	0.000000	0.000000
178	9650	4901	0.015000	1	31221	0.985387	0.985387	0.000000	0.000000
178	9650	4902	0.015000	1	31221	0.985387	0.985387	0.000000	0.000000
178	9650	4903	0.015000	1	31221	0.985387	0.985387	0.000000	0.000000
178	9650	4904	0.015000	1	31221	0.985387	0.985387	0.000000	0.000000
178	9650	4905	0.015000	1	31221	0.985387	0.985387	0.000000	0.000000
178	9650	4906	0.015000	1	31221	0.985387	0.985387	0.000000	0.000000
178	9650	4907	0.015000	1	31214	0.985166	0.985166	0.000000	0.000000
178	9650	4908	0.015000	1	31221	0.985387	0.985387	0.000000	0.000000
178	9650	4909	0.015000	1	31221	0.985387	0.985387	0.000000	0.000000
178	9650	4910	0.015000	1	31221	0.985387	0.985387	0.000000	0.000000
178	9650	4911	0.015000	1	31221	0.985387	0.985387	0.000000	0.000000
178	9650	4912	0.015000	1	31164	0.983588	0.983588	0.000000	0.000000
178	9650	4913	0.015000	1	31221	0.985387	0.985387	0.000000	0.000000
178	9650	4914	0.015000	1	31110	0.981884	0.981884	0.000000	0.000000
178	9650	4915	0.015000	31	28780	0.908345	0.911312	0.000537	2.450902
178	9650	4916	0.015000	1	31221	0.985387	0.985387	0.000000	0.000000
178	9650	4917	0.015000	35	28189	0.889692	0.893227	0.000505	1.848775
178	9650	4918	0.015000	1	31221	0.985387	0.985387	0.000000	0.000000
178	9650	4919	0.015000	1	31221	0.985387	0.985387	0.000000	0.000000
178	9650	4920	0.015000	1	31221	0.985387	0.985387	0.000000	0.000000
178	9650	4921	0.015000	21	29539	0.932300	0.934762	0.000442	1.836423
178	9650	4922	0.015000	1	31221	0.985387	0.985387	0.000000	0.000000
178	9650	4923	0.015000	1	31221	0.985387	0.985387	0.000000	0.000000
178	9650	4924	0.015000	28	28711	0.906167	0.908661	0.000379	1.954340
178	9650	4925	0.015000	1	31221	0.985387	0.985387	0.000000	0.000000
178	9650	4926	0.015000	1	31221	0.985387	0.985387	0.000000	0.000000
178	9650	4927	0.015000	1	31221	0.985387	0.985387	0.000000	0.000000
178	9650	4928	0.015000	1	31079	0.980905	0.980905	0.000000	0.000000
178	9650	4929	0.015000	1	31221	0.985387	0.985387	0.000000	0.000000
178	9650	4930	0.015000	1	31221	0.985387	0.985387	0.000000	0.000000
178	9650	4931	0.015000	1	31221	0.985387	0.985387	0.000000	0.000000
178	9650	4932	0.015000	1	31221	0.985387	0.985387	0.000000	0.000000
178	9650	4933	0.015000	1	31221	0.985387	0.985387	0.000000	0.000000
178	9650	4934	0.015000	1	31221	0.985387	0.985387	0.000000	0.000000
178	9650	4935	0.015000	1	31221	0.985387	0.985387	0.000000	0.000000
178	9650	4936	0.015000	1	31221	0.985387	0.985387	0.000000	0.000000
178	9650	4937	0.015000	1	31110	0.981884	0.981884	0.000000	0.000000
178	9650	4938	0.015000	1	31221	0.985387	0.985387	0.000000	0.000000
178	9650	4939	0.015000	1	31221	0.985387	0.985387	0.000000	0.000000
178	9650	4940	0.015000	1	31221	0.985387	0.985387	0.000000	0.000000
178	9650	4941	0.015000	1	31221	0.985387	0.985387	0.000000	0.000000
178	9650	4942	0.015000	1	31221	0.985387	0.985387	0.000000	0.000000
178	9650	4943	0.015000	1	31221	0.985387	0.985387	0.000000	0.000000
178	9650	4944	0.015000	1	31221	0.985387	0.985387	0.000000	0.000000
178	9650	4945	0.015000	1	31221	0.985387	0.985387	0.000000	0.000000
178	9650	4946	0.015000	1	31221	0.985387	0.985387	0.000000	0.000000
178	9650	4947	0.015000	1	31221	0.985387	0.985387	0.000000	0.000000
178	9650	4948	0.015000	1	31221	0.985387	0.985387	0.000000	0.000000
178	9650	4949	0.015000	1	31221	0.985387	0.985387	0.000000	0.000000
178	9650	4950	0.015000	1	31218	0.985292	0.985292	0.000000	0.000000
178	9650	4951	0.015000	1	31221	0.985387	0.985387	0.000000	0.000000
178	9650	4952	0.015000	1	31221	0.985387	0.985387	0.000000	0.000000
178	9650	4953	0.015000	1	31221	0.985387	0.985387	0.000000	0.000000
178	9650	4954	0.015000	1	31221	0.985387	0.985387	0.000000	0.000000
178	9650	4955	0.015000	1	31221	0.985387	0.985387	0.000000	0.000000
178	9650	4956	0.015000	1	31221	0.985387	0.985387	0.000000	0.000000
178	9650	4957	0.015000	1	31212	0.985103	0.985103	0.000000	0.000000
178	9650	4958	0.015000	1	31221	0.985387	0.985387	0.000000	0.000000
178	9650	4959	0.015000	1	31221	0.985387	0.985387	0.000000	0.000000
178	9650	4960	0.015000	1	31221	0.985387	0.985387	0.000000	0.000000
178	9650	4961	0.015000	1	31221	0.985387	0.985387	0.000000	0.000000
178	9650	4962	0.015000	1	31221	0.985387	0.985387	0.000000	0.000000
178	9650	4963	0.015000	1	31221	0.985387	0.985387	0.000000	0.000000
178	9650	4964	0.015000	1	31221	0.985387	0.985387	0.000000	0.000000
178	9650	4965	0.015000	1	31221	0.985387	0.985387	0.000000	0.000000
178	9650	4966	0.015000	1	31221	0.985387	0.985387	0.000000	0.000000
178	9650	4967	0.015000	19	29031	0.916267	0.918097	0.000537	1.814970
178	9650	4968	0.015000	1	31221	0.985387	0.985387	0.000000	0.000000
178	9650	4969	0.015000	1	31221	0.985387	0.985387	0.000000	0.000000
178	9650	4970	0.015000	1	31132	0.982578	0.982578	0.000000	0.000000
178	9650	4971	0.015000	1	31221	0.985387	0.985387	0.000000	0.000000
178	9650	4972	0.015000	1	31221	0.985387	0.985387	0.000000	0.000000
178	9650	4973	0.015000	1	31221	0.985387	0.985387	0.000000	0.000000
178	9650	4974	0.015000	75	25035	0.790146	0.800278	0.001042	2.887546
178	9650	4975	0.015000	1	31220	0.985355	0.985355	0.000000	0.000000
178	9650	4976	0.015000	1	31218	0.985292	0.985292	0.000000	0.000000
178	9650	4977	0.015000	86	25615	0.808452	0.819562	0.001547	3.451575
178	9650	4978	0.015000	1	31221	0.985387	0.985387	0.000000	0.000000
178	9650	4979	0.015000	1	31221	0.985387	0.985387	0.000000	0.000000
178	9650	4980	0.015000	1	31221	0.985387	0.985387	0.000000	0.000000
178	9650	4981	0.015000	1	31221	0.985387	0.985387	0.000000	0.000000
178	9650	4982	0.015000	1	31221	0.985387	0.985387	0.000000	0.000000
178	9650	4983	0.015000	1	31213	0.985134	0.985134	0.000000	0.000000
178	9650	4984	0.015000	1	31221	0.985387	0.985387	0.000000	0.000000
178	9650	4985	0.015000	1	31203	0.984819	0.984819	0.000000	0.000000
178	9650	4986	0.015000	1	31221	0.985387	0.985387	0.000000	0.000000
178	9650	4987	0.015000	1	31221	0.985387	0.985387	0.000000	0.000000
178	9650	4988	0.015000	1	31221	0.985387	0.985387	0.000000	0.000000
178	9650	4989	0.015000	1	31221	0.985387	0.985387	0.000000	0.000000
178	9650	4990	0.015000	1	31221	0.985387	0.985387	0.000000	0.000000
178	9650	4991	0.015000	65	26448	0.834743	0.845190	0.000821	2.617646
178	9650	4992	0.015000	1	31221	0.985387	0.985387	0.000000	0.000000
178	9650	4993	0.015000	1	31221	0.985387	0.985387	0.000000	0.000000
178	9650	4994	0.015000	1	31221	0.985387	0.985387	0.000000	0.000000
178	9650	4995	0.015000	1	31221	0.985387	0.985387	0.000000	0.000000
178	9650	4996	0.015000	1	31221	0.985387	0.985387	0.000000	0.000000
178	9650	4997	0.015000	1	31221	0.985387	0.985387	0.000000	0.000000
178	9650	4998	0.015000	1	31221	0.985387	0.985387	0.000000	0.000000
178	9650	4999	0.015000	1	31136	0.982704	0.982704	0.000000	0.000000
178	9650	5000	0.015000	1	31221	0.985387	0.985387	0.000000	0.000000
