256	9200	1001	0.015000	2	3	0.000046	0.000092	0.000046	0.816497
256	9200	1002	0.015000	0	0	0.000000	0.000000	0.000000	0.000000
256	9200	1003	0.015000	4	13	0.000198	0.000244	0.000198	2.055444
256	9200	1004	0.015000	0	0	0.000000	0.000000	0.000000	0.000000
256	9200	1005	0.015000	0	0	0.000000	0.000000	0.000000	0.000000
256	9200	1006	0.015000	6	5	0.000076	0.000290	0.000076	0.979796
256	9200	1007	0.015000	1	1	0.000015	0.000015	0.000015	0.000000
256	9200	1008	0.015000	0	0	0.000000	0.000000	0.000000	0.000000
256	9200	1009	0.015000	4	7	0.000107	0.000244	0.000107	1.178030
256	9200	1010	0.015000	3	4	0.000061	0.000122	0.000061	0.829156
256	9200	1011	0.015000	9	8	0.000122	0.000443	0.000122	1.299038
256	9200	1012	0.015000	2	1	0.000015	0.000031	0.000015	0.000000
256	9200	1013	0.015000	4	3	0.000046	0.000122	0.000046	0.816497
256	9200	1014	0.015000	0	0	0.000000	0.000000	0.000000	0.000000
256	9200	1015	0.015000	0	0	0.000000	0.000000	0.000000	0.000000
256	9200	1016	0.015000	2	4	0.000061	0.000092	0.000061	0.707107
256	9200	1017	0.015000	0	0	0.000000	0.000000	0.000000	0.000000
256	9200	1018	0.015000	3	6	0.000092	0.000153	0.000092	1.118034
256	9200	1019	0.015000	0	0	0.000000	0.000000	0.000000	0.000000
256	9200	1020	0.015000	0	0	0.000000	0.000000	0.000000	0.000000
256	9200	1021	0.015000	0	0	0.000000	0.000000	0.000000	0.000000
256	9200	1022	0.015000	0	0	0.000000	0.000000	0.000000	0.000000
256	9200	1023	0.015000	1	2	0.000031	0.000031	0.000031	0.500000
256	9200	1024	0.015000	0	0	0.000000	0.000000	0.000000	0.000000
256	9200	1025	0.015000	0	0	0.000000	0.000000	0.000000	0.000000
256	9200	1026	0.015000	10	5	0.000076	0.000290	0.000076	1.232883
256	9200	1027	0.015000	1	3	0.000046	0.000046	0.000046	0.666667
256	9200	1028	0.015000	0	0	0.000000	0.000000	0.000000	0.000000
256	9200	1029	0.015000	0	0	0.000000	0.000000	0.000000	0.000000
256	9200	1030	0.015000	14	11	0.000168	0.000732	0.000168	1.631305
256	9200	1031	0.015000	2	5	0.000076	0.000092	0.000076	1.131371
256	9200	1032	0.015000	1	4	0.000061	0.000061	0.000061	0.707107
256	9200	1033	0.015000	0	0	0.000000	0.000000	0.000000	0.000000
256	9200	1034	0.015000	4	7	0.000107	0.000153	0.000107	1.340119
256	9200	1035	0.015000	1	8	0.000122	0.000122	0.000122	1.322876
256	9200	1036	0.015000	0	0	0.000000	0.000000	0.000000	0.000000
256	9200	1037	0.015000	1	3	0.000046	0.000046	0.000046	0.816497
256	9200	1038	0.015000	0	0	0.000000	0.000000	0.000000	0.000000
256	9200	1039	0.015000	2	2	0.000031	0.000046	0.000031	0.500000
256	9200	1040	0.015000	0	0	0.000000	0.000000	0.000000	0.000000
256	9200	1041	0.015000	0	0	0.000000	0.000000	0.000000	0.000000
256	9200	1042	0.015000	2	8	0.000122	0.000183	0.000122	1.430690
256	9200	1043	0.015000	0	0	0.000000	0.000000	0.000000	0.000000
256	9200	1044	0.015000	2	5	0.000076	0.000137	0.000076	0.979796
256	9200	1045	0.015000	10	8	0.000122	0.000458	0.000122	1.262438
256	9200	1046	0.015000	9	5	0.000076	0.000290	0.000076	1.019804
256	9200	1047	0.015000	0	0	0.000000	0.000000	0.000000	0.000000
256	9200	1048	0.015000	0	0	0.000000	0.000000	0.000000	0.000000
256	9200	1049	0.015000	0	0	0.000000	0.000000	0.000000	0.000000
256	9200	1050	0.015000	0	0	0.000000	0.000000	0.000000	0.000000
256	9200	1051	0.015000	7	20	0.000305	0.000473	0.000305	2.374342
256	9200	1052	0.015000	0	0	0.000000	0.000000	0.000000	0.000000
256	9200	1053	0.015000	0	0	0.000000	0.000000	0.000000	0.000000
256	9200	1054	0.015000	16	16	0.000244	0.000671	0.000244	1.987264
256	9200	1055	0.015000	0	0	0.000000	0.000000	0.000000	0.000000
256	9200	1056	0.015000	5	7	0.000107	0.000275	0.000107	1.324803
256	9200	1057	0.015000	10	5	0.000076	0.000336	0.000076	1.095445
256	9200	1058	0.015000	10	10	0.000153	0.000443	0.000153	1.489966
256	9200	1059	0.015000	2	9	0.000137	0.000198	0.000137	1.975154
256	9200	1060	0.015000	7	6	0.000092	0.000214	0.000092	1.301708
256	9200	1061	0.015000	0	0	0.000000	0.000000	0.000000	0.000000
256	9200	1062	0.015000	3	1	0.000015	0.000046	0.000015	0.000000
256	9200	1063	0.015000	0	0	0.000000	0.000000	0.000000	0.000000
256	9200	1064	0.015000	1	3	0.000046	0.000046	0.000046	0.666667
256	9200	1065	0.015000	0	0	0.000000	0.000000	0.000000	0.000000
256	9200	1066	0.015000	3	8	0.000122	0.000183	0.000122	1.192424
256	9200	1067	0.015000	1	1	0.000015	0.000015	0.000015	0.000000
256	9200	1068	0.015000	2	8	0.000122	0.000137	0.000122	1.446980
256	9200	1069	0.015000	0	0	0.000000	0.000000	0.000000	0.000000
256	9200	1070	0.015000	9	6	0.000092	0.000290	0.000092	1.258306
256	9200	1071	0.015000	0	0	0.000000	0.000000	0.000000	0.000000
256	9200	1072	0.015000	10	6	0.000092	0.000427	0.000092	1.384437
256	9200	1073	0.015000	0	0	0.000000	0.000000	0.000000	0.000000
256	9200	1074	0.015000	7	12	0.000183	0.000504	0.000183	1.833333
256	9200	1075	0.015000	10	9	0.000137	0.000534	0.000137	1.898667
256	9200	1076	0.015000	0	0	0.000000	0.000000	0.000000	0.000000
256	9200	1077	0.015000	3	5	0.000076	0.000107	0.000076	1.019804
256	9200	1078	0.015000	1	14	0.000214	0.000214	0.000214	1.896560
256	9200	1079	0.015000	0	0	0.000000	0.000000	0.000000	0.000000
256	9200	1080	0.015000	0	0	0.000000	0.000000	0.000000	0.000000
256	9200	1081	0.015000	0	0	0.000000	0.000000	0.000000	0.000000
256	9200	1082	0.015000	0	0	0.000000	0.000000	0.000000	0.000000
256	9200	1083	0.015000	3	3	0.000046	0.000076	0.000046	0.666667
256	9200	1084	0.015000	1	13	0.000198	0.000198	0.000198	1.887361
256	9200	1085	0.015000	0	0	0.000000	0.000000	0.000000	0.000000
256	9200	1086	0.015000	2	4	0.000061	0.000092	0.000061	0.935414
256	9200	1087	0.015000	12	9	0.000137	0.000458	0.000137	1.640536
256	9200	1088	0.015000	2	6	0.000092	0.000122	0.000092	1.213352
256	9200	1089	0.015000	5	3	0.000046	0.000153	0.000046	0.816497
256	9200	1090	0.015000	0	0	0.000000	0.000000	0.000000	0.000000
256	9200	1091	0.015000	2	2	0.000031	0.000046	0.000031	0.500000
256	9200	1092	0.015000	0	0	0.000000	0.000000	0.000000	0.000000
256	9200	1093	0.015000	0	0	0.000000	0.000000	0.000000	0.000000
256	9200	1094	0.015000	2	1	0.000015	0.000031	0.000015	0.000000
256	9200	1095	0.015000	0	0	0.000000	0.000000	0.000000	0.000000
256	9200	1096	0.015000	1	1	0.000015	0.000015	0.000015	0.000000
256	9200	1097	0.015000	0	0	0.000000	0.000000	0.000000	0.000000
256	9200	1098	0.015000	0	0	0.000000	0.000000	0.000000	0.000000
256	9200	1099	0.015000	8	3	0.000046	0.000168	0.000046	0.816497
256	9200	1100	0.015000	0	0	0.000000	0.000000	0.000000	0.000000
256	9200	1101	0.015000	2	3	0.000046	0.000076	0.000046	0.666667
256	9200	1102	0.015000	0	0	0.000000	0.000000	0.000000	0.000000
256	9200	1103	0.015000	2	6	0.000092	0.000107	0.000092	1.213352
256	9200	1104	0.015000	7	3	0.000046	0.000229	0.000046	0.666667
256	9200	1105	0.015000	0	0	0.000000	0.000000	0.000000	0.000000
256	9200	1106	0.015000	4	6	0.000092	0.000214	0.000092	1.301708
256	9200	1107	0.015000	0	0	0.000000	0.000000	0.000000	0.000000
256	9200	1108	0.015000	0	0	0.000000	0.000000	0.000000	0.000000
256	9200	1109	0.015000	0	0	0.000000	0.000000	0.000000	0.000000
256	9200	1110	0.015000	5	9	0.000137	0.000427	0.000137	1.617802
256	9200	1111	0.015000	2	1	0.000015	0.000031	0.000015	0.000000
256	9200	1112	0.015000	0	0	0.000000	0.000000	0.000000	0.000000
256	9200	1113	0.015000	2	8	0.000122	0.000137	0.000122	1.311011
256	9200	1114	0.015000	2	4	0.000061	0.000076	0.000061	0.935414
256	9200	1115	0.015000	0	0	0.000000	0.000000	0.000000	0.000000
256	9200	1116	0.015000	4	9	0.000137	0.000229	0.000137	1.196703
256	9200	1117	0.015000	2	2	0.000031	0.000046	0.000031	0.500000
256	9200	1118	0.015000	1	7	0.000107	0.000107	0.000107	1.551826
256	9200	1119	0.015000	3	2	0.000031	0.000061	0.000031	0.500000
256	9200	1120	0.015000	8	4	0.000061	0.000275	0.000061	0.707107
256	9200	1121	0.015000	8	5	0.000076	0.000198	0.000076	1.131371
256	9200	1122	0.015000	3	4	0.000061	0.000168	0.000061	0.829156
256	9200	1123	0.015000	0	0	0.000000	0.000000	0.000000	0.000000
256	9200	1124	0.015000	0	0	0.000000	0.000000	0.000000	0.000000
256	9200	1125	0.015000	1	2	0.000031	0.000031	0.000031	0.500000
256	9200	1126	0.015000	0	0	0.000000	0.000000	0.000000	0.000000
256	9200	1127	0.015000	3	15	0.000229	0.000305	0.000229	2.401851
256	9200	1128	0.015000	0	0	0.000000	0.000000	0.000000	0.000000
256	9200	1129	0.015000	0	0	0.000000	0.000000	0.000000	0.000000
256	9200	1130	0.015000	0	0	0.000000	0.000000	0.000000	0.000000
256	9200	1131	0.015000	0	0	0.000000	0.000000	0.000000	0.000000
256	9200	1132	0.015000	2	3	0.000046	0.000076	0.000046	0.816497
256	9200	1133	0.015000	5	5	0.000076	0.000244	0.000076	0.979796
256	9200	1134	0.015000	1	3	0.000046	0.000046	0.000046	0.666667
256	9200	1135	0.015000	0	0	0.000000	0.000000	0.000000	0.000000
256	9200	1136	0.015000	2	1	0.000015	0.000031	0.000015	0.000000
256	9200	1137	0.015000	1	1	0.000015	0.000015	0.000015	0.000000
256	9200	1138	0.015000	0	0	0.000000	0.000000	0.000000	0.000000
256	9200	1139	0.015000	11	9	0.000137	0.000504	0.000137	1.378853
256	9200	1140	0.015000	2	8	0.000122	0.000137	0.000122	1.357848
256	9200	1141	0.015000	0	0	0.000000	0.000000	0.000000	0.000000
256	9200	1142	0.015000	5	4	0.000061	0.000168	0.000061	0.866025
256	9200	1143	0.015000	0	0	0.000000	0.000000	0.000000	0.000000
256	9200	1144	0.015000	2	6	0.000092	0.000107	0.000092	1.384437
256	9200	1145	0.015000	0	0	0.000000	0.000000	0.000000	0.000000
256	9200	1146	0.015000	3	3	0.000046	0.000092	0.000046	0.816497
256	9200	1147	0.015000	0	0	0.000000	0.000000	0.000000	0.000000
256	9200	1148	0.015000	0	0	0.000000	0.000000	0.000000	0.000000
256	9200	1149	0.015000	0	0	0.000000	0.000000	0.000000	0.000000
256	9200	1150	0.015000	3	3	0.000046	0.000076	0.000046	0.816497
256	9200	1151	0.015000	2	3	0.000046	0.000061	0.000046	0.666667
256	9200	1152	0.015000	0	0	0.000000	0.000000	0.000000	0.000000
256	9200	1153	0.015000	0	0	0.000000	0.000000	0.000000	0.000000
256	9200	1154	0.015000	11	9	0.000137	0.000504	0.000137	1.547599
256	9200	1155	0.015000	0	0	0.000000	0.000000	0.000000	0.000000
256	9200	1156	0.015000	2	5	0.000076	0.000107	0.000076	0.894427
256	9200	1157	0.015000	0	0	0.000000	0.000000	0.000000	0.000000
256	9200	1158	0.015000	8	15	0.000229	0.000534	0.000229	1.873796
256	9200	1159	0.015000	0	0	0.000000	0.000000	0.000000	0.000000
256	9200	1160	0.015000	3	8	0.000122	0.000153	0.000122	1.489547
256	9200	1161	0.015000	4	6	0.000092	0.000214	0.000092	1.013794
256	9200	1162	0.015000	6	6	0.000092	0.000244	0.000092	1.166667
256	9200	1163	0.015000	2	6	0.000092	0.000183	0.000092	1.166667
256	9200	1164	0.015000	0	0	0.000000	0.000000	0.000000	0.000000
256	9200	1165	0.015000	6	7	0.000107	0.000275	0.000107	1.212183
256	9200	1166	0.015000	0	0	0.000000	0.000000	0.000000	0.000000
256	9200	1167	0.015000	0	0	0.000000	0.000000	0.000000	0.000000
256	9200	1168	0.015000	11	9	0.000137	0.000534	0.000137	1.378853
256	9200	1169	0.015000	2	9	0.000137	0.000153	0.000137	1.351725
256	9200	1170	0.015000	5	9	0.000137	0.000336	0.000137	1.706921
256	9200	1171	0.015000	0	0	0.000000	0.000000	0.000000	0.000000
256	9200	1172	0.015000	5	10	0.000153	0.000214	0.000153	1.431782
256	9200	1173	0.015000	0	0	0.000000	0.000000	0.000000	0.000000
256	9200	1174	0.015000	0	0	0.000000	0.000000	0.000000	0.000000
256	9200	1175	0.015000	8	6	0.000092	0.000458	0.000092	1.067187
256	9200	1176	0.015000	2	9	0.000137	0.000153	0.000137	1.763834
256	9200	1177	0.015000	0	0	0.000000	0.000000	0.000000	0.000000
256	9200	1178	0.015000	5	4	0.000061	0.000153	0.000061	1.131371
256	9200	1179	0.015000	1	19	0.000290	0.000290	0.000290	2.402676
256	9200	1180	0.015000	6	13	0.000198	0.000381	0.000198	1.855744
256	9200	1181	0.015000	6	7	0.000107	0.000229	0.000107	1.142857
256	9200	1182	0.015000	0	0	0.000000	0.000000	0.000000	0.000000
256	9200	1183	0.015000	0	0	0.000000	0.000000	0.000000	0.000000
256	9200	1184	0.015000	3	2	0.000031	0.000061	0.000031	0.500000
256	9200	1185	0.015000	11	3	0.000046	0.000290	0.000046	0.666667
256	9200	1186	0.015000	4	2	0.000031	0.000107	0.000031	0.500000
256	9200	1187	0.015000	4	6	0.000092	0.000214	0.000092	1.054093
256	9200	1188	0.015000	0	0	0.000000	0.000000	0.000000	0.000000
256	9200	1189	0.015000	2	8	0.000122	0.000168	0.000122	1.363589
256	9200	1190	0.015000	10	8	0.000122	0.000443	0.000122	1.103970
256	9200	1191	0.015000	0	0	0.000000	0.000000	0.000000	0.000000
256	9200	1192	0.015000	0	0	0.000000	0.000000	0.000000	0.000000
256	9200	1193	0.015000	0	0	0.000000	0.000000	0.000000	0.000000
256	9200	1194	0.015000	0	0	0.000000	0.000000	0.000000	0.000000
256	9200	1195	0.015000	7	10	0.000153	0.000473	0.000153	1.526434
256	9200	1196	0.015000	6	6	0.000092	0.000305	0.000092	0.957427
256	9200	1197	0.015000	8	6	0.000092	0.000351	0.000092	1.213352
256	9200	1198	0.015000	4	14	0.000214	0.000305	0.000214	1.798525
256	9200	1199	0.015000	11	10	0.000153	0.000656	0.000153	1.374773
256	9200	1200	0.015000	0	0	0.000000	0.000000	0.000000	0.000000
256	9200	1201	0.015000	1	10	0.000153	0.000153	0.000153	1.723369
256	9200	1202	0.015000	4	9	0.000137	0.000198	0.000137	1.735611
256	9200	1203	0.015000	1	1	0.000015	0.000015	0.000015	0.000000
256	9200	1204	0.015000	5	7	0.000107	0.000244	0.000107	1.142857
256	9200	1205	0.015000	0	0	0.000000	0.000000	0.000000	0.000000
256	9200	1206	0.015000	0	0	0.000000	0.000000	0.000000	0.000000
256	9200	1207	0.015000	4	6	0.000092	0.000168	0.000092	1.067187
256	9200	1208	0.015000	2	2	0.000031	0.000046	0.000031	0.500000
256	9200	1209	0.015000	0	0	0.000000	0.000000	0.000000	0.000000
256	9200	1210	0.015000	0	0	0.000000	0.000000	0.000000	0.000000
256	9200	1211	0.015000	0	0	0.000000	0.000000	0.000000	0.000000
256	9200	1212	0.015000	0	0	0.000000	0.000000	0.000000	0.000000
256	9200	1213	0.015000	0	0	0.000000	0.000000	0.000000	0.000000
256	9200	1214	0.015000	1	1	0.000015	0.000015	0.000015	0.000000
256	9200	1215	0.015000	1	4	0.000061	0.000061	0.000061	0.935414
256	9200	1216	0.015000	3	10	0.000153	0.000198	0.000153	2.211334
256	9200	1217	0.015000	0	0	0.000000	0.000000	0.000000	0.000000
256	9200	1218	0.015000	0	0	0.000000	0.000000	0.000000	0.000000
256	9200	1219	0.015000	2	8	0.000122	0.000137	0.000122	1.530931
256	9200	1220	0.015000	1	2	0.000031	0.000031	0.000031	0.500000
256	9200	1221	0.015000	4	9	0.000137	0.000275	0.000137	1.237281
256	9200	1222	0.015000	0	0	0.000000	0.000000	0.000000	0.000000
256	9200	1223	0.015000	0	0	0.000000	0.000000	0.000000	0.000000
256	9200	1224	0.015000	0	0	0.000000	0.000000	0.000000	0.000000
256	9200	1225	0.015000	0	0	0.000000	0.000000	0.000000	0.000000
256	9200	1226	0.015000	0	0	0.000000	0.000000	0.000000	0.000000
256	9200	1227	0.015000	0	0	0.000000	0.000000	0.000000	0.000000
256	9200	1228	0.015000	0	0	0.000000	0.000000	0.000000	0.000000
256	9200	1229	0.015000	8	5	0.000076	0.000275	0.000076	0.894427
256	9200	1230	0.015000	4	3	0.000046	0.000092	0.000046	0.816497
256	9200	1231	0.015000	0	0	0.000000	0.000000	0.000000	0.000000
256	9200	1232	0.015000	0	0	0.000000	0.000000	0.000000	0.000000
256	9200	1233	0.015000	0	0	0.000000	0.000000	0.000000	0.000000
256	9200	1234	0.015000	3	5	0.000076	0.000107	0.000076	1.131371
256	9200	1235	0.015000	3	5	0.000076	0.000153	0.000076	0.894427
256	9200	1236	0.015000	7	5	0.000076	0.000244	0.000076	1.058301
256	9200	1237	0.015000	3	4	0.000061	0.000092	0.000061	0.866025
256	9200	1238	0.015000	1	3	0.000046	0.000046	0.000046	0.666667
256	9200	1239	0.015000	0	0	0.000000	0.000000	0.000000	0.000000
256	9200	1240	0.015000	10	3	0.000046	0.000229	0.000046	0.666667
256	9200	1241	0.015000	0	0	0.000000	0.000000	0.000000	0.000000
256	9200	1242	0.015000	0	0	0.000000	0.000000	0.000000	0.000000
256	9200	1243	0.015000	1	2	0.000031	0.000031	0.000031	0.500000
256	9200	1244	0.015000	2	5	0.000076	0.000107	0.000076	1.019804
256	9200	1245	0.015000	0	0	0.000000	0.000000	0.000000	0.000000
256	9200	1246	0.015000	0	0	0.000000	0.000000	0.000000	0.000000
256	9200	1247	0.015000	0	0	0.000000	0.000000	0.000000	0.000000
256	9200	1248	0.015000	3	2	0.000031	0.000076	0.000031	0.500000
256	9200	1249	0.015000	0	0	0.000000	0.000000	0.000000	0.000000
256	9200	1250	0.015000	0	0	0.000000	0.000000	0.000000	0.000000
256	9200	1251	0.015000	0	0	0.000000	0.000000	0.000000	0.000000
256	9200	1252	0.015000	0	0	0.000000	0.000000	0.000000	0.000000
256	9200	1253	0.015000	0	0	0.000000	0.000000	0.000000	0.000000
256	9200	1254	0.015000	11	9	0.000137	0.000793	0.000137	1.474055
256	9200	1255	0.015000	1	9	0.000137	0.000137	0.000137	1.482407
256	9200	1256	0.015000	0	0	0.000000	0.000000	0.000000	0.000000
256	9200	1257	0.015000	0	0	0.000000	0.000000	0.000000	0.000000
256	9200	1258	0.015000	7	6	0.000092	0.000214	0.000092	1.067187
256	9200	1259	0.015000	3	6	0.000092	0.000168	0.000092	1.013794
256	9200	1260	0.015000	0	0	0.000000	0.000000	0.000000	0.000000
256	9200	1261	0.015000	3	6	0.000092	0.000183	0.000092	1.130388
256	9200	1262	0.015000	1	9	0.000137	0.000137	0.000137	1.735611
256	9200	1263	0.015000	4	2	0.000031	0.000092	0.000031	0.500000
256	9200	1264	0.015000	0	0	0.000000	0.000000	0.000000	0.000000
256	9200	1265	0.015000	0	0	0.000000	0.000000	0.000000	0.000000
256	9200	1266	0.015000	0	0	0.000000	0.000000	0.000000	0.000000
256	9200	1267	0.015000	6	15	0.000229	0.000641	0.000229	2.246973
256	9200	1268	0.015000	1	2	0.000031	0.000031	0.000031	0.500000
256	9200	1269	0.015000	2	4	0.000061	0.000076	0.000061	0.866025
256	9200	1270	0.015000	3	3	0.000046	0.000076	0.000046	0.666667
256	9200	1271	0.015000	1	1	0.000015	0.000015	0.000015	0.000000
256	9200	1272	0.015000	3	8	0.000122	0.000198	0.000122	1.452369
256	9200	1273	0.015000	1	7	0.000107	0.000107	0.000107	1.142857
256	9200	1274	0.015000	0	0	0.000000	0.000000	0.000000	0.000000
256	9200	1275	0.015000	0	0	0.000000	0.000000	0.000000	0.000000
256	9200	1276	0.015000	5	9	0.000137	0.000259	0.000137	1.351725
256	9200	1277	0.015000	1	2	0.000031	0.000031	0.000031	0.500000
256	9200	1278	0.015000	0	0	0.000000	0.000000	0.000000	0.000000
256	9200	1279	0.015000	0	0	0.000000	0.000000	0.000000	0.000000
256	9200	1280	0.015000	8	11	0.000168	0.000412	0.000168	1.471492
256	9200	1281	0.015000	2	5	0.000076	0.000122	0.000076	0.894427
256	9200	1282	0.015000	1	1	0.000015	0.000015	0.000015	0.000000
256	9200	1283	0.015000	2	1	0.000015	0.000031	0.000015	0.000000
256	9200	1284	0.015000	1	2	0.000031	0.000031	0.000031	0.500000
256	9200	1285	0.015000	0	0	0.000000	0.000000	0.000000	0.000000
256	9200	1286	0.015000	12	4	0.000061	0.000427	0.000061	0.866025
256	9200	1287	0.015000	1	9	0.000137	0.000137	0.000137	1.431567
256	9200	1288	0.015000	0	0	0.000000	0.000000	0.000000	0.000000
256	9200	1289	0.015000	1	1	0.000015	0.000015	0.000015	0.000000
256	9200	1290	0.015000	6	7	0.000107	0.000244	0.000107	1.277753
256	9200	1291	0.015000	3	6	0.000092	0.000214	0.000092	1.301708
256	9200	1292	0.015000	0	0	0.000000	0.000000	0.000000	0.000000
256	9200	1293	0.015000	0	0	0.000000	0.000000	0.000000	0.000000
256	9200	1294	0.015000	0	0	0.000000	0.000000	0.000000	0.000000
256	9200	1295	0.015000	0	0	0.000000	0.000000	0.000000	0.000000
256	9200	1296	0.015000	0	0	0.000000	0.000000	0.000000	0.000000
256	9200	1297	0.015000	5	14	0.000214	0.000488	0.000214	2.223483
256	9200	1298	0.015000	0	0	0.000000	0.000000	0.000000	0.000000
256	9200	1299	0.015000	3	4	0.000061	0.000122	0.000061	0.866025
256	9200	1300	0.015000	0	0	0.000000	0.000000	0.000000	0.000000
256	9200	1301	0.015000	0	0	0.000000	0.000000	0.000000	0.000000
256	9200	1302	0.015000	4	5	0.000076	0.000153	0.000076	1.414214
256	9200	1303	0.015000	10	6	0.000092	0.000290	0.000092	1.201850
256	9200	1304	0.015000	0	0	0.000000	0.000000	0.000000	0.000000
256	9200	1305	0.015000	8	5	0.000076	0.000351	0.000076	1.095445
256	9200	1306	0.015000	5	4	0.000061	0.000198	0.000061	0.866025
256	9200	1307	0.015000	4	9	0.000137	0.000259	0.000137	1.227262
256	9200	1308	0.015000	3	6	0.000092	0.000168	0.000092	0.957427
256	9200	1309	0.015000	0	0	0.000000	0.000000	0.000000	0.000000
256	9200	1310	0.015000	7	11	0.000168	0.000305	0.000168	1.691007
256	9200	1311	0.015000	0	0	0.000000	0.000000	0.000000	0.000000
256	9200	1312	0.015000	0	0	0.000000	0.000000	0.000000	0.000000
256	9200	1313	0.015000	3	6	0.000092	0.000137	0.000092	1.013794
256	9200	1314	0.015000	1	6	0.000092	0.000092	0.000092	1.067187
256	9200	1315	0.015000	5	5	0.000076	0.000168	0.000076	0.894427
256	9200	1316	0.015000	2	12	0.000183	0.000244	0.000183	1.628735
256	9200	1317	0.015000	0	0	0.000000	0.000000	0.000000	0.000000
256	9200	1318	0.015000	0	0	0.000000	0.000000	0.000000	0.000000
256	9200	1319	0.015000	0	0	0.000000	0.000000	0.000000	0.000000
256	9200	1320	0.015000	3	9	0.000137	0.000198	0.000137	1.555556
256	9200	1321	0.015000	3	3	0.000046	0.000107	0.000046	0.816497
256	9200	1322	0.015000	0	0	0.000000	0.000000	0.000000	0.000000
256	9200	1323	0.015000	3	2	0.000031	0.000076	0.000031	0.500000
256	9200	1324	0.015000	3	6	0.000092	0.000183	0.000092	1.213352
256	9200	1325	0.015000	0	0	0.000000	0.000000	0.000000	0.000000
256	9200	1326	0.015000	4	4	0.000061	0.000122	0.000061	1.118034
256	9200	1327	0.015000	17	7	0.000107	0.000626	0.000107	1.142857
256	9200	1328	0.015000	0	0	0.000000	0.000000	0.000000	0.000000
256	9200	1329	0.015000	4	6	0.000092	0.000168	0.000092	1.013794
256	9200	1330	0.015000	4	3	0.000046	0.000153	0.000046	0.666667
256	9200	1331	0.015000	0	0	0.000000	0.000000	0.000000	0.000000
256	9200	1332	0.015000	0	0	0.000000	0.000000	0.000000	0.000000
256	9200	1333	0.015000	0	0	0.000000	0.000000	0.000000	0.000000
256	9200	1334	0.015000	0	0	0.000000	0.000000	0.000000	0.000000
256	9200	1335	0.015000	0	0	0.000000	0.000000	0.000000	0.000000
256	9200	1336	0.015000	7	5	0.000076	0.000275	0.000076	0.894427
256	9200	1337	0.015000	0	0	0.000000	0.000000	0.000000	0.000000
256	9200	1338	0.015000	0	0	0.000000	0.000000	0.000000	0.000000
256	9200	1339	0.015000	34	14	0.000214	0.001907	0.000214	2.101991
256	9200	1340	0.015000	0	0	0.000000	0.000000	0.000000	0.000000
256	9200	1341	0.015000	0	0	0.000000	0.000000	0.000000	0.000000
256	9200	1342	0.015000	7	11	0.000168	0.000443	0.000168	1.710444
256	9200	1343	0.015000	11	6	0.000092	0.000504	0.000092	1.301708
256	9200	1344	0.015000	0	0	0.000000	0.000000	0.000000	0.000000
256	9200	1345	0.015000	0	0	0.000000	0.000000	0.000000	0.000000
256	9200	1346	0.015000	4	10	0.000153	0.000214	0.000153	1.708801
256	9200	1347	0.015000	0	0	0.000000	0.000000	0.000000	0.000000
256	9200	1348	0.015000	9	6	0.000092	0.000336	0.000092	1.067187
256	9200	1349	0.015000	0	0	0.000000	0.000000	0.000000	0.000000
256	9200	1350	0.015000	0	0	0.000000	0.000000	0.000000	0.000000
256	9200	1351	0.015000	0	0	0.000000	0.000000	0.000000	0.000000
256	9200	1352	0.015000	0	0	0.000000	0.000000	0.000000	0.000000
256	9200	1353	0.015000	0	0	0.000000	0.000000	0.000000	0.000000
256	9200	1354	0.015000	2	1	0.000015	0.000031	0.000015	0.000000
256	9200	1355	0.015000	0	0	0.000000	0.000000	0.000000	0.000000
256	9200	1356	0.015000	3	9	0.000137	0.000183	0.000137	1.405457
256	9200	1357	0.015000	0	0	0.000000	0.000000	0.000000	0.000000
256	9200	1358	0.015000	0	0	0.000000	0.000000	0.000000	0.000000
256	9200	1359	0.015000	0	0	0.000000	0.000000	0.000000	0.000000
256	9200	1360	0.015000	0	0	0.000000	0.000000	0.000000	0.000000
256	9200	1361	0.015000	4	9	0.000137	0.000351	0.000137	1.490712
256	9200	1362	0.015000	0	0	0.000000	0.000000	0.000000	0.000000
256	9200	1363	0.015000	3	3	0.000046	0.000122	0.000046	0.666667
256	9200	1364	0.015000	3	6	0.000092	0.000137	0.000092	1.013794
256	9200	1365	0.015000	1	2	0.000031	0.000031	0.000031	0.500000
256	9200	1366	0.015000	19	3	0.000046	0.000504	0.000046	0.666667
256	9200	1367	0.015000	6	7	0.000107	0.000336	0.000107	1.385051
256	9200	1368	0.015000	7	4	0.000061	0.000275	0.000061	0.866025
256	9200	1369	0.015000	3	5	0.000076	0.000153	0.000076	1.095445
256	9200	1370	0.015000	5	18	0.000275	0.000397	0.000275	1.874125
256	9200	1371	0.015000	0	0	0.000000	0.000000	0.000000	0.000000
256	9200	1372	0.015000	1	3	0.000046	0.000046	0.000046	0.666667
256	9200	1373	0.015000	0	0	0.000000	0.000000	0.000000	0.000000
256	9200	1374	0.015000	0	0	0.000000	0.000000	0.000000	0.000000
256	9200	1375	0.015000	0	0	0.000000	0.000000	0.000000	0.000000
256	9200	1376	0.015000	0	0	0.000000	0.000000	0.000000	0.000000
256	9200	1377	0.015000	4	8	0.000122	0.000229	0.000122	1.192424
256	9200	1378	0.015000	2	7	0.000107	0.000183	0.000107	1.702339
256	9200	1379	0.015000	0	0	0.000000	0.000000	0.000000	0.000000
256	9200	1380	0.015000	8	5	0.000076	0.000351	0.000076	1.019804
256	9200	1381	0.015000	0	0	0.000000	0.000000	0.000000	0.000000
256	9200	1382	0.015000	0	0	0.000000	0.000000	0.000000	0.000000
256	9200	1383	0.015000	4	2	0.000031	0.000076	0.000031	0.500000
256	9200	1384	0.015000	5	3	0.000046	0.000137	0.000046	0.666667
256	9200	1385	0.015000	1	2	0.000031	0.000031	0.000031	0.500000
256	9200	1386	0.015000	3	2	0.000031	0.000076	0.000031	0.500000
256	9200	1387	0.015000	0	0	0.000000	0.000000	0.000000	0.000000
256	9200	1388	0.015000	0	0	0.000000	0.000000	0.000000	0.000000
256	9200	1389	0.015000	0	0	0.000000	0.000000	0.000000	0.000000
256	9200	1390	0.015000	6	14	0.000214	0.000427	0.000214	1.807016
256	9200	1391	0.015000	4	7	0.000107	0.000214	0.000107	1.340119
256	9200	1392	0.015000	0	0	0.000000	0.000000	0.000000	0.000000
256	9200	1393	0.015000	2	2	0.000031	0.000046	0.000031	0.500000
256	9200	1394	0.015000	1	2	0.000031	0.000031	0.000031	0.500000
256	9200	1395	0.015000	6	3	0.000046	0.000153	0.000046	0.666667
256	9200	1396	0.015000	3	2	0.000031	0.000061	0.000031	0.500000
256	9200	1397	0.015000	0	0	0.000000	0.000000	0.000000	0.000000
256	9200	1398	0.015000	0	0	0.000000	0.000000	0.000000	0.000000
256	9200	1399	0.015000	6	3	0.000046	0.000168	0.000046	0.666667
256	9200	1400	0.015000	3	5	0.000076	0.000122	0.000076	1.131371
256	9200	1401	0.015000	0	0	0.000000	0.000000	0.000000	0.000000
256	9200	1402	0.015000	0	0	0.000000	0.000000	0.000000	0.000000
256	9200	1403	0.015000	6	12	0.000183	0.000336	0.000183	1.810463
256	9200	1404	0.015000	5	5	0.000076	0.000183	0.000076	0.894427
256	9200	1405	0.015000	3	8	0.000122	0.000183	0.000122	1.299038
256	9200	1406	0.015000	0	0	0.000000	0.000000	0.000000	0.000000
256	9200	1407	0.015000	2	4	0.000061	0.000076	0.000061	0.935414
256	9200	1408	0.015000	10	8	0.000122	0.000351	0.000122	1.058301
256	9200	1409	0.015000	0	0	0.000000	0.000000	0.000000	0.000000
256	9200	1410	0.015000	0	0	0.000000	0.000000	0.000000	0.000000
256	9200	1411	0.015000	0	0	0.000000	0.000000	0.000000	0.000000
256	9200	1412	0.015000	0	0	0.000000	0.000000	0.000000	0.000000
256	9200	1413	0.015000	1	4	0.000061	0.000061	0.000061	0.935414
256	9200	1414	0.015000	0	0	0.000000	0.000000	0.000000	0.000000
256	9200	1415	0.015000	2	6	0.000092	0.000122	0.000092	1.067187
256	9200	1416	0.015000	3	3	0.000046	0.000076	0.000046	0.666667
256	9200	1417	0.015000	3	8	0.000122	0.000214	0.000122	1.515544
256	9200	1418	0.015000	0	0	0.000000	0.000000	0.000000	0.000000
256	9200	1419	0.015000	1	1	0.000015	0.000015	0.000015	0.000000
256	9200	1420	0.015000	4	3	0.000046	0.000137	0.000046	0.666667
256	9200	1421	0.015000	6	12	0.000183	0.000397	0.000183	1.863390
256	9200	1422	0.015000	1	2	0.000031	0.000031	0.000031	0.500000
256	9200	1423	0.015000	0	0	0.000000	0.000000	0.000000	0.000000
256	9200	1424	0.015000	0	0	0.000000	0.000000	0.000000	0.000000
256	9200	1425	0.015000	0	0	0.000000	0.000000	0.000000	0.000000
256	9200	1426	0.015000	0	0	0.000000	0.000000	0.000000	0.000000
256	9200	1427	0.015000	0	0	0.000000	0.000000	0.000000	0.000000
256	9200	1428	0.015000	0	0	0.000000	0.000000	0.000000	0.000000
256	9200	1429	0.015000	1	2	0.000031	0.000031	0.000031	0.500000
256	9200	1430	0.015000	1	8	0.000122	0.000122	0.000122	1.340476
256	9200	1431	0.015000	0	0	0.000000	0.000000	0.000000	0.000000
256	9200	1432	0.015000	8	7	0.000107	0.000351	0.000107	1.178030
256	9200	1433	0.015000	5	4	0.000061	0.000137	0.000061	0.707107
256	9200	1434	0.015000	11	6	0.000092	0.000351	0.000092	1.213352
256	9200	1435	0.015000	6	7	0.000107	0.000336	0.000107	1.340119
256	9200	1436	0.015000	0	0	0.000000	0.000000	0.000000	0.000000
256	9200	1437	0.015000	11	10	0.000153	0.000565	0.000153	1.835756
256	9200	1438	0.015000	7	6	0.000092	0.000275	0.000092	1.301708
256	9200	1439	0.015000	2	2	0.000031	0.000046	0.000031	0.500000
256	9200	1440	0.015000	5	3	0.000046	0.000122	0.000046	0.666667
256	9200	1441	0.015000	0	0	0.000000	0.000000	0.000000	0.000000
256	9200	1442	0.015000	0	0	0.000000	0.000000	0.000000	0.000000
256	9200	1443	0.015000	7	8	0.000122	0.000320	0.000122	1.311011
256	9200	1444	0.015000	4	13	0.000198	0.000351	0.000198	1.842946
256	9200	1445	0.015000	0	0	0.000000	0.000000	0.000000	0.000000
256	9200	1446	0.015000	9	16	0.000244	0.000519	0.000244	1.895719
256	9200	1447	0.015000	0	0	0.000000	0.000000	0.000000	0.000000
256	9200	1448	0.015000	0	0	0.000000	0.000000	0.000000	0.000000
256	9200	1449	0.015000	2	6	0.000092	0.000122	0.000092	1.201850
256	9200	1450	0.015000	9	6	0.000092	0.000458	0.000092	1.166667
256	9200	1451	0.015000	1	2	0.000031	0.000031	0.000031	0.500000
256	9200	1452	0.015000	4	4	0.000061	0.000122	0.000061	0.829156
256	9200	1453	0.015000	2	5	0.000076	0.000107	0.000076	1.095445
256	9200	1454	0.015000	12	8	0.000122	0.000671	0.000122	1.316957
256	9200	1455	0.015000	0	0	0.000000	0.000000	0.000000	0.000000
256	9200	1456	0.015000	8	6	0.000092	0.000290	0.000092	1.247219
256	9200	1457	0.015000	0	0	0.000000	0.000000	0.000000	0.000000
256	9200	1458	0.015000	6	4	0.000061	0.000153	0.000061	0.829156
256	9200	1459	0.015000	1	1	0.000015	0.000015	0.000015	0.000000
256	9200	1460	0.015000	0	0	0.000000	0.000000	0.000000	0.000000
256	9200	1461	0.015000	1	2	0.000031	0.000031	0.000031	0.500000
256	9200	1462	0.015000	2	4	0.000061	0.000107	0.000061	0.707107
256	9200	1463	0.015000	0	0	0.000000	0.000000	0.000000	0.000000
256	9200	1464	0.015000	3	4	0.000061	0.000137	0.000061	0.829156
256	9200	1465	0.015000	0	0	0.000000	0.000000	0.000000	0.000000
256	9200	1466	0.015000	0	0	0.000000	0.000000	0.000000	0.000000
256	9200	1467	0.015000	0	0	0.000000	0.000000	0.000000	0.000000
256	9200	1468	0.015000	1	8	0.000122	0.000122	0.000122	1.571226
256	9200	1469	0.015000	0	0	0.000000	0.000000	0.000000	0.000000
256	9200	1470	0.015000	0	0	0.000000	0.000000	0.000000	0.000000
256	9200	1471	0.015000	10	7	0.000107	0.000443	0.000107	1.324803
256	9200	1472	0.015000	0	0	0.000000	0.000000	0.000000	0.000000
256	9200	1473	0.015000	0	0	0.000000	0.000000	0.000000	0.000000
256	9200	1474	0.015000	0	0	0.000000	0.000000	0.000000	0.000000
256	9200	1475	0.015000	1	3	0.000046	0.000046	0.000046	0.816497
256	9200	1476	0.015000	0	0	0.000000	0.000000	0.000000	0.000000
256	9200	1477	0.015000	4	7	0.000107	0.000198	0.000107	1.414214
256	9200	1478	0.015000	2	1	0.000015	0.000031	0.000015	0.000000
256	9200	1479	0.015000	9	9	0.000137	0.000412	0.000137	1.351725
256	9200	1480	0.015000	0	0	0.000000	0.000000	0.000000	0.000000
256	9200	1481	0.015000	6	3	0.000046	0.000137	0.000046	0.666667
256	9200	1482	0.015000	2	2	0.000031	0.000046	0.000031	0.500000
256	9200	1483	0.015000	3	10	0.000153	0.000229	0.000153	1.539480
256	9200	1484	0.015000	0	0	0.000000	0.000000	0.000000	0.000000
256	9200	1485	0.015000	1	9	0.000137	0.000137	0.000137	1.594744
256	9200	1486	0.015000	0	0	0.000000	0.000000	0.000000	0.000000
256	9200	1487	0.015000	0	0	0.000000	0.000000	0.000000	0.000000
256	9200	1488	0.015000	2	1	0.000015	0.000031	0.000015	0.000000
256	9200	1489	0.015000	2	14	0.000214	0.000229	0.000214	1.878992
256	9200	1490	0.015000	1	6	0.000092	0.000092	0.000092	0.971825
256	9200	1491	0.015000	8	7	0.000107	0.000351	0.000107	1.245400
256	9200	1492	0.015000	0	0	0.000000	0.000000	0.000000	0.000000
256	9200	1493	0.015000	0	0	0.000000	0.000000	0.000000	0.000000
256	9200	1494	0.015000	0	0	0.000000	0.000000	0.000000	0.000000
256	9200	1495	0.015000	7	3	0.000046	0.000153	0.000046	0.666667
256	9200	1496	0.015000	0	0	0.000000	0.000000	0.000000	0.000000
256	9200	1497	0.015000	3	12	0.000183	0.000229	0.000183	2.019007
256	9200	1498	0.015000	2	6	0.000092	0.000107	0.000092	1.013794
256	9200	1499	0.015000	0	0	0.000000	0.000000	0.000000	0.000000
256	9200	1500	0.015000	1	10	0.000153	0.000153	0.000153	1.473092
256	9200	1501	0.015000	2	1	0.000015	0.000031	0.000015	0.000000
256	9200	1502	0.015000	8	7	0.000107	0.000458	0.000107	1.340119
256	9200	1503	0.015000	0	0	0.000000	0.000000	0.000000	0.000000
256	9200	1504	0.015000	1	5	0.000076	0.000076	0.000076	0.894427
256	9200	1505	0.015000	2	1	0.000015	0.000031	0.000015	0.000000
256	9200	1506	0.015000	0	0	0.000000	0.000000	0.000000	0.000000
256	9200	1507	0.015000	1	5	0.000076	0.000076	0.000076	0.894427
256	9200	1508	0.015000	1	6	0.000092	0.000092	0.000092	1.130388
256	9200	1509	0.015000	3	6	0.000092	0.000122	0.000092	1.213352
256	9200	1510	0.015000	0	0	0.000000	0.000000	0.000000	0.000000
256	9200	1511	0.015000	0	0	0.000000	0.000000	0.000000	0.000000
256	9200	1512	0.015000	4	3	0.000046	0.000092	0.000046	0.666667
256	9200	1513	0.015000	0	0	0.000000	0.000000	0.000000	0.000000
256	9200	1514	0.015000	0	0	0.000000	0.000000	0.000000	0.000000
256	9200	1515	0.015000	10	4	0.000061	0.000290	0.000061	0.935414
256	9200	1516	0.015000	1	8	0.000122	0.000122	0.000122	1.391941
256	9200	1517	0.015000	2	4	0.000061	0.000076	0.000061	0.829156
256	9200	1518	0.015000	9	4	0.000061	0.000320	0.000061	0.866025
256	9200	1519	0.015000	0	0	0.000000	0.000000	0.000000	0.000000
256	9200	1520	0.015000	0	0	0.000000	0.000000	0.000000	0.000000
256	9200	1521	0.015000	3	5	0.000076	0.000168	0.000076	1.095445
256	9200	1522	0.015000	4	3	0.000046	0.000153	0.000046	0.816497
256	9200	1523	0.015000	0	0	0.000000	0.000000	0.000000	0.000000
256	9200	1524	0.015000	7	9	0.000137	0.000320	0.000137	1.692394
256	9200	1525	0.015000	1	3	0.000046	0.000046	0.000046	0.666667
256	9200	1526	0.015000	0	0	0.000000	0.000000	0.000000	0.000000
256	9200	1527	0.015000	0	0	0.000000	0.000000	0.000000	0.000000
256	9200	1528	0.015000	0	0	0.000000	0.000000	0.000000	0.000000
256	9200	1529	0.015000	0	0	0.000000	0.000000	0.000000	0.000000
256	9200	1530	0.015000	0	0	0.000000	0.000000	0.000000	0.000000
256	9200	1531	0.015000	6	6	0.000092	0.000198	0.000092	0.971825
256	9200	1532	0.015000	6	3	0.000046	0.000137	0.000046	0.666667
256	9200	1533	0.015000	3	3	0.000046	0.000076	0.000046	0.666667
256	9200	1534	0.015000	0	0	0.000000	0.000000	0.000000	0.000000
256	9200	1535	0.015000	0	0	0.000000	0.000000	0.000000	0.000000
256	9200	1536	0.015000	0	0	0.000000	0.000000	0.000000	0.000000
256	9200	1537	0.015000	7	11	0.000168	0.000305	0.000168	1.499311
256	9200	1538	0.015000	0	0	0.000000	0.000000	0.000000	0.000000
256	9200	1539	0.015000	3	2	0.000031	0.000061	0.000031	0.500000
256	9200	1540	0.015000	0	0	0.000000	0.000000	0.000000	0.000000
256	9200	1541	0.015000	0	0	0.000000	0.000000	0.000000	0.000000
256	9200	1542	0.015000	0	0	0.000000	0.000000	0.000000	0.000000
256	9200	1543	0.015000	5	4	0.000061	0.000198	0.000061	0.829156
256	9200	1544	0.015000	0	0	0.000000	0.000000	0.000000	0.000000
256	9200	1545	0.015000	0	0	0.000000	0.000000	0.000000	0.000000
256	9200	1546	0.015000	7	9	0.000137	0.000336	0.000137	1.498971
256	9200	1547	0.015000	0	0	0.000000	0.000000	0.000000	0.000000
256	9200	1548	0.015000	0	0	0.000000	0.000000	0.000000	0.000000
256	9200	1549	0.015000	3	6	0.000092	0.000153	0.000092	1.130388
256	9200	1550	0.015000	7	5	0.000076	0.000244	0.000076	1.095445
256	9200	1551	0.015000	1	15	0.000229	0.000229	0.000229	2.180724
256	9200	1552	0.015000	5	8	0.000122	0.000214	0.000122	1.192424
256	9200	1553	0.015000	0	0	0.000000	0.000000	0.000000	0.000000
256	9200	1554	0.015000	0	0	0.000000	0.000000	0.000000	0.000000
256	9200	1555	0.015000	6	8	0.000122	0.000320	0.000122	1.686342
256	9200	1556	0.015000	0	0	0.000000	0.000000	0.000000	0.000000
256	9200	1557	0.015000	0	0	0.000000	0.000000	0.000000	0.000000
256	9200	1558	0.015000	2	10	0.000153	0.000168	0.000153	1.746425
256	9200	1559	0.015000	4	4	0.000061	0.000168	0.000061	0.707107
256	9200	1560	0.015000	0	0	0.000000	0.000000	0.000000	0.000000
256	9200	1561	0.015000	2	6	0.000092	0.000107	0.000092	1.178511
256	9200	1562	0.015000	3	2	0.000031	0.000061	0.000031	0.500000
256	9200	1563	0.015000	0	0	0.000000	0.000000	0.000000	0.000000
256	9200	1564	0.015000	1	2	0.000031	0.000031	0.000031	0.500000
256	9200	1565	0.015000	0	0	0.000000	0.000000	0.000000	0.000000
256	9200	1566	0.015000	0	0	0.000000	0.000000	0.000000	0.000000
256	9200	1567	0.015000	1	1	0.000015	0.000015	0.000015	0.000000
256	9200	1568	0.015000	0	0	0.000000	0.000000	0.000000	0.000000
256	9200	1569	0.015000	3	8	0.000122	0.000168	0.000122	1.446980
256	9200	1570	0.015000	0	0	0.000000	0.000000	0.000000	0.000000
256	9200	1571	0.015000	0	0	0.000000	0.000000	0.000000	0.000000
256	9200	1572	0.015000	0	0	0.000000	0.000000	0.000000	0.000000
256	9200	1573	0.015000	5	15	0.000229	0.000381	0.000229	2.127074
256	9200	1574	0.015000	0	0	0.000000	0.000000	0.000000	0.000000
256	9200	1575	0.015000	0	0	0.000000	0.000000	0.000000	0.000000
256	9200	1576	0.015000	0	0	0.000000	0.000000	0.000000	0.000000
256	9200	1577	0.015000	0	0	0.000000	0.000000	0.000000	0.000000
256	9200	1578	0.015000	2	14	0.000214	0.000244	0.000214	1.775686
256	9200	1579	0.015000	0	0	0.000000	0.000000	0.000000	0.000000
256	9200	1580	0.015000	0	0	0.000000	0.000000	0.000000	0.000000
256	9200	1581	0.015000	1	2	0.000031	0.000031	0.000031	0.500000
256	9200	1582	0.015000	0	0	0.000000	0.000000	0.000000	0.000000
256	9200	1583	0.015000	0	0	0.000000	0.000000	0.000000	0.000000
256	9200	1584	0.015000	2	2	0.000031	0.000046	0.000031	0.500000
256	9200	1585	0.015000	9	2	0.000031	0.000183	0.000031	0.500000
256	9200	1586	0.015000	10	7	0.000107	0.000412	0.000107	1.106567
256	9200	1587	0.015000	8	6	0.000092	0.000351	0.000092	0.957427
256	9200	1588	0.015000	3	5	0.000076	0.000168	0.000076	0.979796
256	9200	1589	0.015000	0	0	0.000000	0.000000	0.000000	0.000000
256	9200	1590	0.015000	4	5	0.000076	0.000214	0.000076	0.894427
256	9200	1591	0.015000	3	2	0.000031	0.000061	0.000031	0.500000
256	9200	1592	0.015000	0	0	0.000000	0.000000	0.000000	0.000000
256	9200	1593	0.015000	0	0	0.000000	0.000000	0.000000	0.000000
256	9200	1594	0.015000	2	1	0.000015	0.000031	0.000015	0.000000
256	9200	1595	0.015000	2	9	0.000137	0.000153	0.000137	1.342561
256	9200	1596	0.015000	0	0	0.000000	0.000000	0.000000	0.000000
256	9200	1597	0.015000	7	12	0.000183	0.000595	0.000183	1.769730
256	9200	1598	0.015000	0	0	0.000000	0.000000	0.000000	0.000000
256	9200	1599	0.015000	0	0	0.000000	0.000000	0.000000	0.000000
256	9200	1600	0.015000	2	4	0.000061	0.000076	0.000061	0.935414
256	9200	1601	0.015000	5	8	0.000122	0.000351	0.000122	1.340476
256	9200	1602	0.015000	2	3	0.000046	0.000076	0.000046	0.666667
256	9200	1603	0.015000	0	0	0.000000	0.000000	0.000000	0.000000
256	9200	1604	0.015000	0	0	0.000000	0.000000	0.000000	0.000000
256	9200	1605	0.015000	2	2	0.000031	0.000061	0.000031	0.500000
256	9200	1606	0.015000	5	7	0.000107	0.000244	0.000107	1.178030
256	9200	1607	0.015000	8	8	0.000122	0.000351	0.000122	1.446980
256	9200	1608	0.015000	0	0	0.000000	0.000000	0.000000	0.000000
256	9200	1609	0.015000	0	0	0.000000	0.000000	0.000000	0.000000
256	9200	1610	0.015000	2	5	0.000076	0.000107	0.000076	1.058301
256	9200	1611	0.015000	0	0	0.000000	0.000000	0.000000	0.000000
256	9200	1612	0.015000	0	0	0.000000	0.000000	0.000000	0.000000
256	9200	1613	0.015000	0	0	0.000000	0.000000	0.000000	0.000000
256	9200	1614	0.015000	7	9	0.000137	0.000381	0.000137	1.490712
256	9200	1615	0.015000	0	0	0.000000	0.000000	0.000000	0.000000
256	9200	1616	0.015000	0	0	0.000000	0.000000	0.000000	0.000000
256	9200	1617	0.015000	0	0	0.000000	0.000000	0.000000	0.000000
256	9200	1618	0.015000	0	0	0.000000	0.000000	0.000000	0.000000
256	9200	1619	0.015000	0	0	0.000000	0.000000	0.000000	0.000000
256	9200	1620	0.015000	4	3	0.000046	0.000107	0.000046	0.666667
256	9200	1621	0.015000	0	0	0.000000	0.000000	0.000000	0.000000
256	9200	1622	0.015000	0	0	0.000000	0.000000	0.000000	0.000000
256	9200	1623	0.015000	0	0	0.000000	0.000000	0.000000	0.000000
256	9200	1624	0.015000	2	1	0.000015	0.000031	0.000015	0.000000
256	9200	1625	0.015000	0	0	0.000000	0.000000	0.000000	0.000000
256	9200	1626	0.015000	0	0	0.000000	0.000000	0.000000	0.000000
256	9200	1627	0.015000	4	8	0.000122	0.000168	0.000122	1.391941
256	9200	1628	0.015000	1	5	0.000076	0.000076	0.000076	0.894427
256	9200	1629	0.015000	0	0	0.000000	0.000000	0.000000	0.000000
256	9200	1630	0.015000	2	3	0.000046	0.000076	0.000046	0.666667
