178	9450	4201	0.015000	191	2421	0.076411	0.105574	0.076411	24.584130
178	9450	4202	0.015000	179	12365	0.390260	0.412448	0.001357	3.102713
178	9450	4203	0.015000	184	4324	0.136473	0.165225	0.136473	29.830257
178	9450	4204	0.015000	171	92	0.002904	0.023798	0.002904	5.234009
178	9450	4205	0.015000	195	7119	0.224688	0.252809	0.224688	37.872246
178	9450	4206	0.015000	36	15	0.000473	0.003535	0.000473	1.977653
178	9450	4207	0.015000	10	18	0.000568	0.001168	0.000568	2.163816
178	9450	4208	0.015000	183	6448	0.203510	0.232988	0.203510	35.528292
178	9450	4209	0.015000	38	10	0.000316	0.004292	0.000316	1.500000
178	9450	4210	0.015000	6	4	0.000126	0.000442	0.000126	0.829156
178	9450	4211	0.015000	153	16381	0.517012	0.538095	0.002209	4.811678
178	9450	4212	0.015000	238	5080	0.160333	0.192526	0.160333	32.791257
178	9450	4213	0.015000	197	19180	0.605353	0.630823	0.001326	3.659238
178	9450	4214	0.015000	212	16707	0.527301	0.558421	0.001925	4.318046
178	9450	4215	0.015000	178	12009	0.379024	0.402127	0.001389	4.097406
178	9450	4216	0.015000	73	13	0.000410	0.007322	0.000410	1.921538
178	9450	4217	0.015000	191	5253	0.165793	0.192400	0.165793	33.514247
178	9450	4218	0.015000	75	19	0.000600	0.007638	0.000600	2.430189
178	9450	4219	0.015000	167	267	0.008427	0.038947	0.008427	11.354485
178	9450	4220	0.015000	134	3335	0.105258	0.128740	0.105258	26.924798
178	9450	4221	0.015000	226	9501	0.299867	0.331366	0.299867	45.378879
178	9450	4222	0.015000	21	9	0.000284	0.001610	0.000284	1.662959
178	9450	4223	0.015000	40	15	0.000473	0.003819	0.000473	1.715291
178	9450	4224	0.015000	172	4661	0.147109	0.172516	0.147109	30.985835
178	9450	4225	0.015000	9	10	0.000316	0.001042	0.000316	1.284523
178	9450	4226	0.015000	38	14	0.000442	0.003882	0.000442	1.659850
178	9450	4227	0.015000	332	8324	0.262719	0.309936	0.262719	42.677322
178	9450	4228	0.015000	367	7898	0.249274	0.303087	0.249274	51.696230
178	9450	4229	0.015000	93	17	0.000537	0.009121	0.000537	2.513631
178	9450	4230	0.015000	159	18678	0.589509	0.607089	0.001452	3.205029
178	9450	4231	0.015000	207	6210	0.195998	0.229990	0.195998	35.698298
178	9450	4232	0.015000	138	17467	0.551288	0.572781	0.001136	3.589143
178	9450	4233	0.015000	190	4700	0.148340	0.176998	0.148340	30.717936
178	9450	4234	0.015000	152	725	0.022882	0.052992	0.022882	14.644819
178	9450	4235	0.015000	170	20568	0.649160	0.672769	0.001578	3.520511
178	9450	4236	0.015000	66	23433	0.739585	0.749748	0.001452	4.066612
178	9450	4237	0.015000	46	13	0.000410	0.004797	0.000410	2.276715
178	9450	4238	0.015000	12	13	0.000410	0.001262	0.000410	1.671197
178	9450	4239	0.015000	224	1477	0.046617	0.079693	0.046617	19.707448
178	9450	4240	0.015000	6	7	0.000221	0.000821	0.000221	1.261680
178	9450	4241	0.015000	201	4630	0.146131	0.174094	0.146131	31.631594
178	9450	4242	0.015000	11	11	0.000347	0.001042	0.000347	1.772144
178	9450	4243	0.015000	22	11	0.000347	0.001862	0.000347	1.949783
178	9450	4244	0.015000	222	7344	0.231789	0.264518	0.231789	47.640186
178	9450	4245	0.015000	176	2140	0.067542	0.097273	0.067542	23.078168
178	9450	4246	0.015000	169	5789	0.182711	0.211905	0.182711	33.631896
178	9450	4247	0.015000	172	5661	0.178671	0.203099	0.178671	34.798166
178	9450	4248	0.015000	19	19	0.000600	0.002115	0.000600	2.486529
178	9450	4249	0.015000	169	6014	0.189812	0.219133	0.189812	33.868640
178	9450	4250	0.015000	165	4098	0.129340	0.150549	0.129340	29.156341
178	9450	4251	0.015000	74	37	0.001168	0.009342	0.001168	4.579307
178	9450	4252	0.015000	205	10203	0.322024	0.347399	0.322024	43.942414
178	9450	4253	0.015000	230	7329	0.231315	0.267043	0.231315	39.471040
178	9450	4254	0.015000	232	6126	0.193347	0.224056	0.193347	36.033229
178	9450	4255	0.015000	129	423	0.013351	0.033361	0.013351	11.107489
178	9450	4256	0.015000	169	14893	0.470048	0.491447	0.001073	3.359900
178	9450	4257	0.015000	21	8	0.000252	0.001988	0.000252	1.369306
178	9450	4258	0.015000	208	10311	0.325432	0.352859	0.325432	44.573524
178	9450	4259	0.015000	120	46	0.001452	0.018590	0.001452	3.380557
178	9450	4260	0.015000	182	6968	0.219922	0.251326	0.219922	40.994207
178	9450	4261	0.015000	163	161	0.005081	0.037685	0.005081	9.330859
178	9450	4262	0.015000	169	4166	0.131486	0.160175	0.131486	29.026645
178	9450	4263	0.015000	192	2829	0.089288	0.118798	0.089288	26.891869
178	9450	4264	0.015000	95	30	0.000947	0.011015	0.000947	3.369801
178	9450	4265	0.015000	169	3876	0.122333	0.147109	0.122333	28.255675
178	9450	4266	0.015000	219	8559	0.270136	0.303813	0.270136	40.720903
178	9450	4267	0.015000	13	27	0.000852	0.001831	0.000852	2.702943
178	9450	4268	0.015000	192	6832	0.215629	0.248738	0.215629	37.746583
178	9450	4269	0.015000	222	8844	0.279131	0.309620	0.279131	40.913529
178	9450	4270	0.015000	5	5	0.000158	0.000379	0.000158	1.232883
178	9450	4271	0.015000	11	15	0.000473	0.001452	0.000473	2.319004
178	9450	4272	0.015000	176	1106	0.034907	0.059431	0.034907	17.743258
178	9450	4273	0.015000	17	6	0.000189	0.001389	0.000189	0.971825
178	9450	4274	0.015000	84	25	0.000789	0.011204	0.000789	2.914790
178	9450	4275	0.015000	26	31	0.000978	0.003630	0.000978	2.698518
178	9450	4276	0.015000	152	1216	0.038379	0.063849	0.038379	17.517437
178	9450	4277	0.015000	167	7829	0.247096	0.275597	0.247096	38.834902
178	9450	4278	0.015000	187	1534	0.048416	0.074549	0.048416	19.510319
178	9450	4279	0.015000	164	5001	0.157840	0.182553	0.157840	31.827550
178	9450	4280	0.015000	139	26	0.000821	0.015623	0.000821	3.531347
178	9450	4281	0.015000	164	1407	0.044407	0.074675	0.044407	19.572756
178	9450	4282	0.015000	101	26	0.000821	0.013193	0.000821	3.176513
178	9450	4283	0.015000	142	2232	0.070446	0.092065	0.070446	22.650278
178	9450	4284	0.015000	165	4696	0.148214	0.175862	0.148214	30.566318
178	9450	4285	0.015000	186	1232	0.038884	0.066374	0.038884	17.852865
178	9450	4286	0.015000	252	15092	0.476329	0.506817	0.000915	2.850621
178	9450	4287	0.015000	7	10	0.000316	0.000978	0.000316	1.473092
178	9450	4288	0.015000	153	17653	0.557158	0.578084	0.001357	3.295276
178	9450	4289	0.015000	10	10	0.000316	0.000915	0.000316	1.688194
178	9450	4290	0.015000	217	10732	0.338720	0.373375	0.338720	46.596116
178	9450	4291	0.015000	206	6645	0.209727	0.241731	0.209727	37.409181
178	9450	4292	0.015000	230	12326	0.389029	0.428134	0.389029	47.565262
178	9450	4293	0.015000	185	8364	0.263982	0.298289	0.263982	40.467872
178	9450	4294	0.015000	29	13	0.000410	0.003156	0.000410	1.800723
178	9450	4295	0.015000	58	17	0.000537	0.007354	0.000537	2.463575
178	9450	4296	0.015000	195	7396	0.233430	0.263256	0.233430	38.210694
178	9450	4297	0.015000	153	3874	0.122270	0.145089	0.122270	28.421558
178	9450	4298	0.015000	77	26592	0.839288	0.849766	0.001357	3.864386
178	9450	4299	0.015000	44	22	0.000694	0.005271	0.000694	2.589713
178	9450	4300	0.015000	213	13157	0.415257	0.446124	0.002367	4.927564
178	9450	4301	0.015000	190	812	0.025628	0.059368	0.025628	15.265830
178	9450	4302	0.015000	243	13392	0.422674	0.459822	0.002620	4.711783
178	9450	4303	0.015000	114	25	0.000789	0.012530	0.000789	2.815955
178	9450	4304	0.015000	166	8443	0.266475	0.290241	0.266475	42.384868
178	9450	4305	0.015000	138	526	0.016601	0.041535	0.016601	12.396241
178	9450	4306	0.015000	227	2769	0.087394	0.119335	0.087394	24.972109
178	9450	4307	0.015000	216	7984	0.251988	0.287685	0.251988	40.031111
178	9450	4308	0.015000	133	172	0.005429	0.035349	0.005429	7.779487
178	9450	4309	0.015000	43	13	0.000410	0.003566	0.000410	1.639021
178	9450	4310	0.015000	185	10012	0.315995	0.341655	0.315995	42.533873
178	9450	4311	0.015000	173	13194	0.416425	0.437445	0.001515	4.054907
178	9450	4312	0.015000	156	6256	0.197450	0.220900	0.197450	37.192747
178	9450	4313	0.015000	171	1686	0.053213	0.075527	0.053213	20.005137
178	9450	4314	0.015000	171	94	0.002967	0.034308	0.002967	6.331165
178	9450	4315	0.015000	228	7690	0.242709	0.271304	0.242709	39.421675
178	9450	4316	0.015000	7	8	0.000252	0.000631	0.000252	1.243734
178	9450	4317	0.015000	210	8356	0.263729	0.299047	0.263729	39.944107
178	9450	4318	0.015000	10	5	0.000158	0.001010	0.000158	0.894427
178	9450	4319	0.015000	70	15	0.000473	0.007196	0.000473	1.852326
178	9450	4320	0.015000	255	9378	0.295985	0.337615	0.295985	46.559574
178	9450	4321	0.015000	172	2344	0.073981	0.101723	0.073981	23.651593
178	9450	4322	0.015000	179	2714	0.085658	0.109551	0.085658	25.297208
178	9450	4323	0.015000	190	38	0.001199	0.027427	0.001199	4.536250
178	9450	4324	0.015000	23	9	0.000284	0.001799	0.000284	1.227262
178	9450	4325	0.015000	2	2	0.000063	0.000126	0.000063	0.500000
178	9450	4326	0.015000	189	13276	0.419013	0.439559	0.000915	3.585875
178	9450	4327	0.015000	212	13095	0.413300	0.445556	0.413300	49.049660
178	9450	4328	0.015000	129	87	0.002746	0.024807	0.002746	5.510173
178	9450	4329	0.015000	14	12	0.000379	0.002336	0.000379	1.711887
178	9450	4330	0.015000	275	8033	0.253535	0.289894	0.253535	43.810187
178	9450	4331	0.015000	96	34	0.001073	0.010573	0.001073	3.083750
178	9450	4332	0.015000	178	2712	0.085595	0.119082	0.085595	23.970059
178	9450	4333	0.015000	224	2831	0.089351	0.121039	0.089351	25.745744
178	9450	4334	0.015000	17	16	0.000505	0.002083	0.000505	2.196410
178	9450	4335	0.015000	143	4488	0.141649	0.166519	0.141649	30.350384
178	9450	4336	0.015000	170	2713	0.085627	0.110655	0.085627	24.547347
178	9450	4337	0.015000	196	747	0.023577	0.050436	0.023577	15.001952
178	9450	4338	0.015000	236	5863	0.185046	0.227907	0.185046	37.405590
178	9450	4339	0.015000	185	2107	0.066500	0.089130	0.066500	21.461384
178	9450	4340	0.015000	236	7374	0.232736	0.267738	0.232736	38.758671
178	9450	4341	0.015000	155	38	0.001199	0.020704	0.001199	3.899535
178	9450	4342	0.015000	60	27006	0.852355	0.858036	0.000694	2.221700
178	9450	4343	0.015000	255	4764	0.150360	0.185709	0.150360	30.610647
178	9450	4344	0.015000	171	47	0.001483	0.025312	0.001483	3.687425
178	9450	4345	0.015000	218	1766	0.055738	0.091371	0.055738	20.908589
178	9450	4346	0.015000	204	6743	0.212820	0.244193	0.212820	36.864517
178	9450	4347	0.015000	202	68	0.002146	0.031562	0.002146	5.664801
178	9450	4348	0.015000	12	8	0.000252	0.001262	0.000252	1.639360
178	9450	4349	0.015000	158	49	0.001547	0.020768	0.001547	3.664388
178	9450	4350	0.015000	40	40	0.001262	0.005586	0.001262	4.990157
178	9450	4351	0.015000	297	8941	0.282193	0.322971	0.282193	48.240912
178	9450	4352	0.015000	150	3141	0.099135	0.122428	0.099135	26.375081
178	9450	4353	0.015000	173	7162	0.226045	0.253030	0.226045	37.127951
178	9450	4354	0.015000	206	9138	0.288411	0.318615	0.288411	41.868967
178	9450	4355	0.015000	193	9450	0.298258	0.330924	0.298258	43.144798
178	9450	4356	0.015000	209	6032	0.190380	0.221531	0.190380	33.821252
178	9450	4357	0.015000	11	10	0.000316	0.001010	0.000316	1.284523
178	9450	4358	0.015000	226	3752	0.118419	0.152506	0.118419	29.401483
178	9450	4359	0.015000	157	18483	0.583354	0.604816	0.001262	4.318203
178	9450	4360	0.015000	88	47	0.001483	0.011993	0.001483	3.368428
178	9450	4361	0.015000	216	7348	0.231915	0.259184	0.231915	37.267397
178	9450	4362	0.015000	180	612	0.019316	0.047500	0.019316	14.201999
178	9450	4363	0.015000	109	15	0.000473	0.011552	0.000473	2.633122
178	9450	4364	0.015000	11	17	0.000537	0.001452	0.000537	1.878673
178	9450	4365	0.015000	211	6481	0.204551	0.236208	0.204551	35.219439
178	9450	4366	0.015000	14	12	0.000379	0.001452	0.000379	1.816208
178	9450	4367	0.015000	175	20048	0.632748	0.656072	0.001326	3.544102
178	9450	4368	0.015000	24	19	0.000600	0.002904	0.000600	2.207940
178	9450	4369	0.015000	161	15352	0.484535	0.507764	0.001831	5.009889
178	9450	4370	0.015000	110	14	0.000442	0.011773	0.000442	1.826673
178	9450	4371	0.015000	162	3444	0.108698	0.135778	0.108698	27.109479
178	9450	4372	0.015000	220	11540	0.364222	0.398592	0.364222	46.366291
178	9450	4373	0.015000	223	14386	0.454046	0.487186	0.001262	3.101109
178	9450	4374	0.015000	6	5	0.000158	0.000537	0.000158	1.131371
178	9450	4375	0.015000	172	19495	0.615295	0.635210	0.001862	4.381217
178	9450	4376	0.015000	17	15	0.000473	0.001547	0.000473	2.496219
178	9450	4377	0.015000	91	25	0.000789	0.009595	0.000789	3.322650
178	9450	4378	0.015000	172	4350	0.137293	0.163426	0.137293	30.694327
178	9450	4379	0.015000	0	0	0.000000	0.000000	0.000000	0.000000
178	9450	4380	0.015000	7	9	0.000284	0.000663	0.000284	1.378853
178	9450	4381	0.015000	191	2411	0.076095	0.105700	0.076095	24.466077
178	9450	4382	0.015000	5	9	0.000284	0.000789	0.000284	1.798490
178	9450	4383	0.015000	230	9758	0.307979	0.343454	0.307979	44.138100
178	9450	4384	0.015000	264	11681	0.368672	0.405915	0.368672	52.465356
178	9450	4385	0.015000	30	14	0.000442	0.002746	0.000442	1.895214
178	9450	4386	0.015000	187	9362	0.295480	0.317858	0.295480	42.033001
178	9450	4387	0.015000	15	14	0.000442	0.002083	0.000442	2.159459
178	9450	4388	0.015000	206	7997	0.252399	0.278658	0.252399	39.584730
178	9450	4389	0.015000	209	8271	0.261047	0.291661	0.261047	47.217281
178	9450	4390	0.015000	179	2348	0.074107	0.103964	0.074107	23.278289
178	9450	4391	0.015000	153	2066	0.065206	0.091466	0.065206	21.944977
178	9450	4392	0.015000	229	9030	0.285002	0.322623	0.285002	42.504382
178	9450	4393	0.015000	23	8	0.000252	0.001610	0.000252	1.103970
178	9450	4394	0.015000	170	2742	0.086542	0.114001	0.086542	25.679081
178	9450	4395	0.015000	204	7248	0.228759	0.258585	0.228759	39.853892
178	9450	4396	0.015000	306	15406	0.486239	0.537495	0.003440	5.788969
178	9450	4397	0.015000	197	1324	0.041788	0.073255	0.041788	18.610121
178	9450	4398	0.015000	101	31	0.000978	0.015781	0.000978	3.080941
178	9450	4399	0.015000	143	17663	0.557474	0.578589	0.001136	3.035668
178	9450	4400	0.015000	37	13	0.000410	0.003566	0.000410	1.858930
178	9450	4401	0.015000	177	6109	0.192810	0.216513	0.192810	36.123266
178	9450	4402	0.015000	152	4113	0.129813	0.149665	0.129813	29.634542
178	9450	4403	0.015000	153	84	0.002651	0.031404	0.002651	5.429172
178	9450	4404	0.015000	17	17	0.000537	0.001704	0.000537	2.399539
178	9450	4405	0.015000	38	11	0.000347	0.003630	0.000347	1.724879
178	9450	4406	0.015000	62	19	0.000600	0.006628	0.000600	2.008293
178	9450	4407	0.015000	169	5457	0.172232	0.204267	0.172232	32.192652
178	9450	4408	0.015000	211	10562	0.333354	0.360497	0.333354	44.312380
178	9450	4409	0.015000	198	4848	0.153011	0.183784	0.153011	33.994247
178	9450	4410	0.015000	50	14	0.000442	0.005492	0.000442	2.067731
178	9450	4411	0.015000	129	40	0.001262	0.018842	0.001262	3.743244
178	9450	4412	0.015000	195	15689	0.495171	0.521336	0.001389	3.014000
178	9450	4413	0.015000	2	4	0.000126	0.000158	0.000126	0.866025
178	9450	4414	0.015000	177	2895	0.091371	0.117630	0.091371	26.810025
178	9450	4415	0.015000	153	4605	0.145341	0.167624	0.145341	30.801157
178	9450	4416	0.015000	135	68	0.002146	0.023829	0.002146	4.921595
178	9450	4417	0.015000	177	2089	0.065932	0.094117	0.065932	23.071093
178	9450	4418	0.015000	145	111	0.003503	0.028500	0.003503	5.933840
178	9450	4419	0.015000	195	7495	0.236555	0.266286	0.236555	40.045962
178	9450	4420	0.015000	143	17263	0.544849	0.564922	0.001420	3.201543
178	9450	4421	0.015000	125	23546	0.743151	0.757890	0.000852	3.990042
178	9450	4422	0.015000	74	30	0.000947	0.009374	0.000947	3.583915
178	9450	4423	0.015000	167	4428	0.139755	0.165667	0.139755	31.071402
178	9450	4424	0.015000	159	14232	0.449186	0.473804	0.002020	4.315386
178	9450	4425	0.015000	176	4510	0.142343	0.165793	0.142343	31.213601
178	9450	4426	0.015000	260	3557	0.112265	0.145089	0.112265	28.810508
178	9450	4427	0.015000	222	10614	0.334996	0.374195	0.334996	47.699636
178	9450	4428	0.015000	18	4	0.000126	0.000978	0.000126	0.707107
178	9450	4429	0.015000	67	23	0.000726	0.008427	0.000726	3.112266
178	9450	4430	0.015000	23	14	0.000442	0.002588	0.000442	2.144047
178	9450	4431	0.015000	8	12	0.000379	0.001231	0.000379	1.691482
178	9450	4432	0.015000	218	6326	0.199659	0.227623	0.199659	35.142008
178	9450	4433	0.015000	190	9937	0.313628	0.343012	0.313628	43.515806
178	9450	4434	0.015000	9	7	0.000221	0.000978	0.000221	1.069045
178	9450	4435	0.015000	175	2627	0.082913	0.113875	0.082913	24.054405
178	9450	4436	0.015000	176	4174	0.131738	0.154526	0.131738	29.615657
178	9450	4437	0.015000	134	12831	0.404968	0.426209	0.002399	5.656946
178	9450	4438	0.015000	28	8	0.000252	0.002841	0.000252	1.357848
178	9450	4439	0.015000	47	11	0.000347	0.004608	0.000347	1.795311
178	9450	4440	0.015000	235	13473	0.425230	0.464209	0.425230	49.245586
178	9450	4441	0.015000	179	2456	0.077515	0.108919	0.077515	24.232557
178	9450	4442	0.015000	154	3637	0.114790	0.138461	0.114790	28.060758
178	9450	4443	0.015000	30	15	0.000473	0.002935	0.000473	2.364553
178	9450	4444	0.015000	209	3246	0.102449	0.137104	0.102449	30.573858
178	9450	4445	0.015000	33	7	0.000221	0.002620	0.000221	1.498298
178	9450	4446	0.015000	21	13	0.000410	0.002872	0.000410	1.770902
178	9450	4447	0.015000	278	10650	0.336132	0.383916	0.336132	48.435021
178	9450	4448	0.015000	2	4	0.000126	0.000158	0.000126	0.707107
178	9450	4449	0.015000	215	2596	0.081934	0.107972	0.081934	24.096052
178	9450	4450	0.015000	157	3015	0.095158	0.115894	0.095158	25.634686
178	9450	4451	0.015000	246	7960	0.251231	0.292829	0.251231	53.005367
178	9450	4452	0.015000	128	2264	0.071456	0.087931	0.071456	23.124720
178	9450	4453	0.015000	37	8	0.000252	0.003914	0.000252	1.479020
178	9450	4454	0.015000	180	2038	0.064323	0.094938	0.064323	22.709919
178	9450	4455	0.015000	165	465	0.014676	0.043776	0.014676	14.819139
178	9450	4456	0.015000	158	4383	0.138335	0.162290	0.138335	29.871060
178	9450	4457	0.015000	37	14	0.000442	0.004829	0.000442	1.715773
178	9450	4458	0.015000	141	5479	0.172926	0.193157	0.172926	34.094236
178	9450	4459	0.015000	65	16	0.000505	0.008648	0.000505	1.928406
178	9450	4460	0.015000	146	4573	0.144332	0.169423	0.144332	30.680259
178	9450	4461	0.015000	213	2382	0.075180	0.103364	0.075180	24.841083
178	9450	4462	0.015000	14	9	0.000284	0.001610	0.000284	1.295767
178	9450	4463	0.015000	202	16452	0.519253	0.549520	0.001515	4.387779
178	9450	4464	0.015000	132	12788	0.403611	0.425136	0.001831	5.758672
178	9450	4465	0.015000	13	10	0.000316	0.001136	0.000316	1.581139
178	9450	4466	0.015000	271	10034	0.316690	0.356994	0.001988	4.970916
178	9450	4467	0.015000	218	6628	0.209191	0.247791	0.209191	36.572320
178	9450	4468	0.015000	11	7	0.000221	0.000789	0.000221	1.340119
178	9450	4469	0.015000	27	6	0.000189	0.002083	0.000189	1.067187
178	9450	4470	0.015000	213	5527	0.174441	0.205814	0.174441	33.698070
178	9450	4471	0.015000	10	9	0.000284	0.001042	0.000284	1.266862
178	9450	4472	0.015000	298	2656	0.083828	0.173810	0.083828	24.686745
178	9450	4473	0.015000	11	5	0.000158	0.000947	0.000158	1.019804
178	9450	4474	0.015000	125	47	0.001483	0.017675	0.001483	3.807857
178	9450	4475	0.015000	101	21	0.000663	0.013761	0.000663	3.281916
178	9450	4476	0.015000	33	10	0.000316	0.003156	0.000316	1.767475
178	9450	4477	0.015000	181	24	0.000757	0.022346	0.000757	3.345551
178	9450	4478	0.015000	200	9192	0.290115	0.322308	0.002083	4.625606
178	9450	4479	0.015000	232	5432	0.171443	0.204015	0.171443	32.643391
178	9450	4480	0.015000	178	4648	0.146699	0.175073	0.146699	31.488786
178	9450	4481	0.015000	232	1523	0.048068	0.121323	0.048068	19.846588
178	9450	4482	0.015000	178	1771	0.055896	0.086195	0.055896	20.876487
178	9450	4483	0.015000	194	12594	0.397488	0.429144	0.003219	6.600603
178	9450	4484	0.015000	239	8053	0.254166	0.297311	0.254166	43.047045
178	9450	4485	0.015000	206	5082	0.160396	0.186435	0.160396	32.825917
178	9450	4486	0.015000	42	18	0.000568	0.005302	0.000568	2.406909
178	9450	4487	0.015000	7	7	0.000221	0.000663	0.000221	1.277753
178	9450	4488	0.015000	62	17	0.000537	0.007417	0.000537	1.835822
178	9450	4489	0.015000	193	16699	0.527048	0.548289	0.001010	3.977967
178	9450	4490	0.015000	126	57	0.001799	0.019726	0.001799	4.553840
178	9450	4491	0.015000	25	13	0.000410	0.002841	0.000410	1.743967
178	9450	4492	0.015000	5	13	0.000410	0.000947	0.000410	1.988130
178	9450	4493	0.015000	48	7	0.000221	0.003851	0.000221	1.340119
178	9450	4494	0.015000	191	2526	0.079725	0.103080	0.079725	25.163886
178	9450	4495	0.015000	131	24	0.000757	0.017959	0.000757	2.621691
178	9450	4496	0.015000	9	7	0.000221	0.000978	0.000221	1.324803
178	9450	4497	0.015000	4	9	0.000284	0.000631	0.000284	1.685083
178	9450	4498	0.015000	229	6991	0.220648	0.248832	0.220648	40.811844
178	9450	4499	0.015000	165	21293	0.672043	0.693883	0.000978	2.832839
178	9450	4500	0.015000	59	29	0.000915	0.007322	0.000915	3.539483
178	9450	4501	0.015000	204	5315	0.167750	0.197797	0.167750	32.460047
178	9450	4502	0.015000	28	13	0.000410	0.003061	0.000410	2.310255
178	9450	4503	0.015000	176	8729	0.275502	0.304034	0.275502	40.444756
178	9450	4504	0.015000	23	7	0.000221	0.001957	0.000221	1.470804
178	9450	4505	0.015000	157	4051	0.127856	0.152190	0.127856	28.791480
178	9450	4506	0.015000	203	17521	0.552992	0.577673	0.000821	3.134320
178	9450	4507	0.015000	185	1430	0.045133	0.075117	0.045133	19.394873
178	9450	4508	0.015000	188	733	0.023135	0.052392	0.023135	15.148567
178	9450	4509	0.015000	9	7	0.000221	0.000978	0.000221	1.665986
178	9450	4510	0.015000	169	3086	0.097399	0.127225	0.097399	26.473560
178	9450	4511	0.015000	154	2235	0.070540	0.092476	0.070540	22.575863
178	9450	4512	0.015000	134	15080	0.475950	0.496497	0.001547	3.686824
178	9450	4513	0.015000	189	6021	0.190033	0.216324	0.190033	33.898652
178	9450	4514	0.015000	186	9396	0.296553	0.323160	0.296553	44.676311
178	9450	4515	0.015000	92	36	0.001136	0.012120	0.001136	3.209145
178	9450	4516	0.015000	183	7883	0.248801	0.275597	0.248801	39.834407
178	9450	4517	0.015000	27	8	0.000252	0.002020	0.000252	1.316957
178	9450	4518	0.015000	16	13	0.000410	0.001736	0.000410	1.674734
178	9450	4519	0.015000	174	85	0.002683	0.031341	0.002683	7.521466
178	9450	4520	0.015000	179	16794	0.530047	0.557632	0.001357	3.642339
178	9450	4521	0.015000	137	73	0.002304	0.019600	0.002304	4.818102
178	9450	4522	0.015000	184	7760	0.244919	0.275533	0.244919	38.591043
178	9450	4523	0.015000	27	31	0.000978	0.002872	0.000978	3.007448
178	9450	4524	0.015000	12	7	0.000221	0.001262	0.000221	1.399708
178	9450	4525	0.015000	20	6	0.000189	0.001515	0.000189	1.201850
178	9450	4526	0.015000	239	12129	0.382812	0.417687	0.001894	4.338715
178	9450	4527	0.015000	34	10	0.000316	0.002809	0.000316	1.878829
178	9450	4528	0.015000	110	66	0.002083	0.021052	0.002083	4.876152
178	9450	4529	0.015000	39	11	0.000347	0.003346	0.000347	1.631305
178	9450	4530	0.015000	177	5317	0.167813	0.194893	0.167813	32.373883
178	9450	4531	0.015000	16	11	0.000347	0.001515	0.000347	1.605775
178	9450	4532	0.015000	184	3990	0.125931	0.154810	0.125931	29.080543
178	9450	4533	0.015000	208	2383	0.075211	0.106805	0.075211	23.759481
178	9450	4534	0.015000	34	11	0.000347	0.003535	0.000347	1.600620
178	9450	4535	0.015000	142	23372	0.737659	0.753282	0.000915	3.257480
178	9450	4536	0.015000	247	194	0.006123	0.047058	0.006123	11.150095
178	9450	4537	0.015000	6	7	0.000221	0.000884	0.000221	1.142857
178	9450	4538	0.015000	215	1740	0.054917	0.095790	0.054917	21.241466
178	9450	4539	0.015000	14	9	0.000284	0.001483	0.000284	1.405457
178	9450	4540	0.015000	167	3205	0.101155	0.125142	0.101155	26.410729
178	9450	4541	0.015000	4	7	0.000221	0.000316	0.000221	1.087968
178	9450	4542	0.015000	135	50	0.001578	0.020484	0.001578	3.548126
178	9450	4543	0.015000	171	12674	0.400013	0.424031	0.001767	4.078002
178	9450	4544	0.015000	198	6854	0.216324	0.243183	0.216324	36.769348
178	9450	4545	0.015000	174	4058	0.128077	0.158061	0.128077	28.609016
178	9450	4546	0.015000	114	97	0.003061	0.022440	0.003061	7.299945
178	9450	4547	0.015000	322	4138	0.130602	0.190475	0.130602	28.816762
178	9450	4548	0.015000	132	886	0.027964	0.044881	0.027964	16.256753
178	9450	4549	0.015000	288	10459	0.330104	0.370913	0.002620	5.181403
178	9450	4550	0.015000	193	4322	0.136410	0.164689	0.136410	29.502264
178	9450	4551	0.015000	3	3	0.000095	0.000158	0.000095	0.666667
178	9450	4552	0.015000	233	12829	0.404905	0.435551	0.404905	48.404435
178	9450	4553	0.015000	179	3326	0.104974	0.131012	0.104974	27.874565
178	9450	4554	0.015000	306	4869	0.153674	0.202878	0.153674	35.296568
178	9450	4555	0.015000	189	4540	0.143290	0.170780	0.143290	30.584684
178	9450	4556	0.015000	185	7109	0.224372	0.249748	0.224372	37.001724
178	9450	4557	0.015000	180	20475	0.646225	0.672390	0.001420	4.960784
178	9450	4558	0.015000	12	14	0.000442	0.001610	0.000442	1.697838
178	9450	4559	0.015000	30	12	0.000379	0.003188	0.000379	1.728037
178	9450	4560	0.015000	5	4	0.000126	0.000473	0.000126	0.829156
178	9450	4561	0.015000	181	7298	0.230337	0.254419	0.230337	37.988871
178	9450	4562	0.015000	29	12	0.000379	0.002777	0.000379	1.699673
178	9450	4563	0.015000	214	3919	0.123690	0.154747	0.123690	28.344140
178	9450	4564	0.015000	5	18	0.000568	0.000915	0.000568	2.309401
178	9450	4565	0.015000	160	16275	0.513666	0.538821	0.001389	3.896253
178	9450	4566	0.015000	14	9	0.000284	0.001704	0.000284	1.507184
178	9450	4567	0.015000	133	21054	0.664499	0.685046	0.002588	5.912773
178	9450	4568	0.015000	234	12378	0.390670	0.428860	0.001420	4.492087
178	9450	4569	0.015000	230	2405	0.075906	0.112139	0.075906	26.696407
178	9450	4570	0.015000	268	9020	0.284686	0.323917	0.284686	42.297074
178	9450	4571	0.015000	118	179	0.005650	0.027743	0.005650	11.219869
178	9450	4572	0.015000	89	29	0.000915	0.012341	0.000915	3.510474
178	9450	4573	0.015000	162	7547	0.238196	0.262751	0.238196	38.084695
178	9450	4574	0.015000	3	3	0.000095	0.000189	0.000095	0.666667
178	9450	4575	0.015000	274	9874	0.311640	0.352418	0.002115	4.390851
178	9450	4576	0.015000	8	6	0.000189	0.000663	0.000189	1.166667
178	9450	4577	0.015000	88	28	0.000884	0.011709	0.000884	3.171742
178	9450	4578	0.015000	176	10431	0.329220	0.351660	0.000947	2.975829
178	9450	4579	0.015000	196	8253	0.260478	0.293713	0.260478	39.955362
178	9450	4580	0.015000	135	16040	0.506249	0.526733	0.001767	3.833758
178	9450	4581	0.015000	128	21768	0.687034	0.703699	0.001389	3.614351
178	9450	4582	0.015000	286	10218	0.322497	0.365011	0.322497	47.784665
178	9450	4583	0.015000	100	49	0.001547	0.013729	0.001547	4.018491
178	9450	4584	0.015000	274	4513	0.142438	0.181227	0.142438	30.574809
178	9450	4585	0.015000	22	11	0.000347	0.002367	0.000347	1.686112
178	9450	4586	0.015000	154	3522	0.111160	0.137356	0.111160	27.329048
178	9450	4587	0.015000	222	6273	0.197986	0.223993	0.197986	38.136716
178	9450	4588	0.015000	106	21504	0.678702	0.690853	0.001641	3.887423
178	9450	4589	0.015000	50	25	0.000789	0.006912	0.000789	3.019934
178	9450	4590	0.015000	25	12	0.000379	0.002304	0.000379	1.622327
178	9450	4591	0.015000	159	3753	0.118451	0.142501	0.118451	28.740685
178	9450	4592	0.015000	8	9	0.000284	0.001231	0.000284	1.812167
178	9450	4593	0.015000	157	806	0.025439	0.046522	0.025439	15.630473
178	9450	4594	0.015000	289	817	0.025786	0.073034	0.025786	16.324692
178	9450	4595	0.015000	10	3	0.000095	0.000473	0.000095	0.816497
178	9450	4596	0.015000	7	4	0.000126	0.000537	0.000126	0.866025
178	9450	4597	0.015000	123	22	0.000694	0.015812	0.000694	2.647313
178	9450	4598	0.015000	30	17	0.000537	0.003693	0.000537	2.282777
178	9450	4599	0.015000	198	5806	0.183247	0.219196	0.183247	36.073197
178	9450	4600	0.015000	171	14811	0.467460	0.493467	0.001925	4.905941
178	9450	4601	0.015000	205	9336	0.294660	0.321487	0.294660	41.639086
178	9450	4602	0.015000	205	9093	0.286990	0.320761	0.286990	42.966428
178	9450	4603	0.015000	255	11749	0.370818	0.407335	0.370818	46.990016
178	9450	4604	0.015000	25	11	0.000347	0.002620	0.000347	1.471492
178	9450	4605	0.015000	172	6479	0.204488	0.228222	0.204488	36.147593
178	9450	4606	0.015000	51	18	0.000568	0.006249	0.000568	1.905969
178	9450	4607	0.015000	154	380	0.011993	0.041030	0.011993	12.018923
178	9450	4608	0.015000	14	11	0.000347	0.001168	0.000347	1.437399
178	9450	4609	0.015000	5	1	0.000032	0.000158	0.000032	0.000000
178	9450	4610	0.015000	17	9	0.000284	0.001957	0.000284	1.405457
178	9450	4611	0.015000	236	7980	0.251862	0.286264	0.251862	40.213912
178	9450	4612	0.015000	286	7326	0.231221	0.298352	0.231221	37.640029
178	9450	4613	0.015000	120	30	0.000947	0.017895	0.000947	2.665416
178	9450	4614	0.015000	188	5388	0.170054	0.198176	0.170054	33.782979
178	9450	4615	0.015000	162	12211	0.385400	0.410018	0.001199	3.915682
178	9450	4616	0.015000	210	9066	0.286138	0.320319	0.286138	42.262720
178	9450	4617	0.015000	166	5085	0.160491	0.186151	0.160491	31.613336
178	9450	4618	0.015000	42	12	0.000379	0.004261	0.000379	2.153808
178	9450	4619	0.015000	243	8589	0.271083	0.302108	0.271083	43.418711
178	9450	4620	0.015000	135	20	0.000631	0.016349	0.000631	2.368016
178	9450	4621	0.015000	224	10941	0.345316	0.385715	0.345316	44.770482
178	9450	4622	0.015000	76	27	0.000852	0.008616	0.000852	3.071172
178	9450	4623	0.015000	180	14437	0.455656	0.490689	0.010321	10.981889
178	9450	4624	0.015000	5	6	0.000189	0.000568	0.000189	1.067187
178	9450	4625	0.015000	284	11224	0.354248	0.396699	0.002367	5.036154
178	9450	4626	0.015000	205	3112	0.098220	0.133948	0.098220	26.199208
178	9450	4627	0.015000	187	15664	0.494382	0.520736	0.001105	2.909800
178	9450	4628	0.015000	196	11978	0.378046	0.402443	0.378046	49.680283
178	9450	4629	0.015000	252	10989	0.346831	0.383885	0.346831	48.600771
178	9450	4630	0.015000	157	341	0.010763	0.043965	0.010763	11.526029
178	9450	4631	0.015000	60	17	0.000537	0.007007	0.000537	2.443833
178	9450	4632	0.015000	173	2667	0.084175	0.113433	0.084175	24.151365
178	9450	4633	0.015000	258	9300	0.293524	0.337899	0.293524	42.605937
178	9450	4634	0.015000	206	6975	0.220143	0.250442	0.220143	39.788951
178	9450	4635	0.015000	18	9	0.000284	0.002052	0.000284	1.648044
178	9450	4636	0.015000	175	4052	0.127888	0.153200	0.127888	29.460063
178	9450	4637	0.015000	162	6163	0.194515	0.219795	0.194515	37.374917
178	9450	4638	0.015000	273	5310	0.167592	0.206761	0.167592	45.907866
178	9450	4639	0.015000	283	3888	0.122712	0.163710	0.122712	28.677558
178	9450	4640	0.015000	159	1105	0.034876	0.059462	0.034876	17.501168
178	9450	4641	0.015000	5	10	0.000316	0.000915	0.000316	1.462874
178	9450	4642	0.015000	170	16089	0.507796	0.531593	0.002241	5.077108
178	9450	4643	0.015000	152	191	0.006028	0.034623	0.006028	11.632820
178	9450	4644	0.015000	145	2301	0.072623	0.093391	0.072623	23.051323
178	9450	4645	0.015000	5	20	0.000631	0.001357	0.000631	2.427962
178	9450	4646	0.015000	187	8643	0.272788	0.307916	0.272788	40.800059
178	9450	4647	0.015000	174	6012	0.189749	0.218028	0.189749	34.228267
178	9450	4648	0.015000	256	81	0.002556	0.035633	0.002556	6.995894
178	9450	4649	0.015000	167	900	0.028406	0.054633	0.028406	17.097458
178	9450	4650	0.015000	165	2090	0.065964	0.088499	0.065964	22.643817
178	9450	4651	0.015000	31	20	0.000631	0.004576	0.000631	2.133073
178	9450	4652	0.015000	1	6	0.000189	0.000189	0.000189	1.067187
178	9450	4653	0.015000	25	12	0.000379	0.002967	0.000379	1.647810
178	9450	4654	0.015000	160	99	0.003125	0.026417	0.003125	5.048424
178	9450	4655	0.015000	198	6020	0.190001	0.219385	0.190001	34.039693
178	9450	4656	0.015000	200	4554	0.143732	0.173621	0.143732	30.464016
178	9450	4657	0.015000	28	16	0.000505	0.003251	0.000505	1.992172
178	9450	4658	0.015000	207	9616	0.303497	0.333638	0.303497	41.941516
178	9450	4659	0.015000	219	11551	0.364569	0.392248	0.364569	46.849653
178	9450	4660	0.015000	10	13	0.000410	0.001326	0.000410	2.043897
178	9450	4661	0.015000	34	9	0.000284	0.003219	0.000284	1.378853
178	9450	4662	0.015000	53	15	0.000473	0.006249	0.000473	1.828175
178	9450	4663	0.015000	222	13261	0.418539	0.447229	0.418539	48.636135
178	9450	4664	0.015000	40	15	0.000473	0.004797	0.000473	1.746107
178	9450	4665	0.015000	109	43	0.001357	0.018306	0.001357	4.033660
178	9450	4666	0.015000	129	2513	0.079314	0.097305	0.079314	24.576996
178	9450	4667	0.015000	28	13	0.000410	0.002430	0.000410	2.035193
178	9450	4668	0.015000	176	7312	0.230779	0.259563	0.230779	37.567877
178	9450	4669	0.015000	150	269	0.008490	0.036296	0.008490	9.651297
178	9450	4670	0.015000	101	20	0.000631	0.012214	0.000631	2.106537
178	9450	4671	0.015000	114	20724	0.654084	0.670591	0.001547	5.601585
178	9450	4672	0.015000	202	6836	0.215756	0.241826	0.215756	39.730041
178	9450	4673	0.015000	181	5465	0.172485	0.197671	0.172485	33.569258
178	9450	4674	0.015000	125	60	0.001894	0.027648	0.001894	4.204693
178	9450	4675	0.015000	190	9637	0.304160	0.332755	0.304160	43.794977
178	9450	4676	0.015000	173	2755	0.086952	0.111444	0.086952	24.871293
178	9450	4677	0.015000	111	24628	0.777301	0.791567	0.000978	2.718878
178	9450	4678	0.015000	236	1962	0.061924	0.097399	0.061924	23.036700
178	9450	4679	0.015000	218	8016	0.252998	0.284813	0.252998	41.934221
178	9450	4680	0.015000	214	8726	0.275407	0.311735	0.275407	46.041432
178	9450	4681	0.015000	29	7	0.000221	0.002746	0.000221	1.340119
178	9450	4682	0.015000	163	2790	0.088057	0.111192	0.088057	24.651116
178	9450	4683	0.015000	221	7013	0.221342	0.256123	0.221342	37.335363
178	9450	4684	0.015000	205	12387	0.390954	0.422169	0.390954	50.957912
178	9450	4685	0.015000	23	10	0.000316	0.001988	0.000316	1.513275
178	9450	4686	0.015000	227	3742	0.118104	0.153611	0.118104	30.021360
178	9450	4687	0.015000	190	15885	0.501357	0.526764	0.001831	3.990476
178	9450	4688	0.015000	165	85	0.002683	0.025186	0.002683	6.096116
178	9450	4689	0.015000	5	10	0.000316	0.000726	0.000316	1.732051
178	9450	4690	0.015000	229	3696	0.116652	0.147109	0.116652	28.397114
178	9450	4691	0.015000	161	3097	0.097746	0.120597	0.097746	25.629755
178	9450	4692	0.015000	10	4	0.000126	0.000568	0.000126	0.935414
178	9450	4693	0.015000	236	6086	0.192084	0.230274	0.192084	37.983729
178	9450	4694	0.015000	212	9769	0.308326	0.338026	0.308326	42.729367
178	9450	4695	0.015000	6	6	0.000189	0.000694	0.000189	0.971825
178	9450	4696	0.015000	220	6199	0.195651	0.225066	0.195651	35.298629
178	9450	4697	0.015000	204	19113	0.603238	0.633411	0.001547	3.692017
178	9450	4698	0.015000	231	7982	0.251925	0.289515	0.251925	40.546666
178	9450	4699	0.015000	237	9696	0.306022	0.346452	0.306022	42.772822
178	9450	4700	0.015000	177	363	0.011457	0.044723	0.011457	13.307222
178	9450	4701	0.015000	184	7245	0.228664	0.254040	0.228664	37.616382
178	9450	4702	0.015000	192	3483	0.109929	0.137956	0.109929	27.374787
178	9450	4703	0.015000	13	11	0.000347	0.001389	0.000347	1.521200
178	9450	4704	0.015000	243	5298	0.167214	0.203383	0.167214	32.842804
178	9450	4705	0.015000	19	13	0.000410	0.001988	0.000410	2.345839
178	9450	4706	0.015000	59	32	0.001010	0.007669	0.001010	3.161042
178	9450	4707	0.015000	163	10127	0.319625	0.339572	0.001199	3.287052
178	9450	4708	0.015000	193	4305	0.135873	0.166930	0.135873	33.424078
178	9450	4709	0.015000	205	10383	0.327705	0.359140	0.327705	43.881476
178	9450	4710	0.015000	186	7544	0.238101	0.264771	0.238101	38.261925
178	9450	4711	0.015000	14	8	0.000252	0.001483	0.000252	1.391941
178	9450	4712	0.015000	13	6	0.000189	0.001136	0.000189	1.013794
178	9450	4713	0.015000	167	3596	0.113496	0.139787	0.113496	27.660900
178	9450	4714	0.015000	16	16	0.000505	0.002304	0.000505	1.966517
178	9450	4715	0.015000	200	12386	0.390923	0.420433	0.390923	47.465773
178	9450	4716	0.015000	95	29	0.000915	0.010163	0.000915	3.197056
178	9450	4717	0.015000	320	2401	0.075780	0.184225	0.075780	22.891800
178	9450	4718	0.015000	192	12311	0.388556	0.412101	0.001231	4.017221
178	9450	4719	0.015000	60	26552	0.838026	0.845474	0.000915	2.723046
178	9450	4720	0.015000	109	22891	0.722478	0.737659	0.000884	2.731851
178	9450	4721	0.015000	36	24	0.000757	0.005208	0.000757	2.607415
178	9450	4722	0.015000	328	4169	0.131581	0.194136	0.131581	33.566454
178	9450	4723	0.015000	226	6777	0.213893	0.250410	0.213893	37.024304
178	9450	4724	0.015000	184	5379	0.169770	0.196219	0.169770	34.190121
178	9450	4725	0.015000	17	12	0.000379	0.002209	0.000379	1.570120
178	9450	4726	0.015000	18	11	0.000347	0.001862	0.000347	1.558766
178	9450	4727	0.015000	211	3666	0.115705	0.145657	0.115705	29.490565
178	9450	4728	0.015000	165	15563	0.491194	0.515812	0.002052	4.405591
178	9450	4729	0.015000	137	4047	0.127730	0.148876	0.127730	29.700782
178	9450	4730	0.015000	182	1155	0.036454	0.059083	0.036454	18.455627
178	9450	4731	0.015000	210	13785	0.435078	0.467365	0.435078	49.529965
178	9450	4732	0.015000	182	13006	0.410491	0.443031	0.002083	4.381801
178	9450	4733	0.015000	26	11	0.000347	0.002841	0.000347	1.605775
178	9450	4734	0.015000	175	12451	0.392974	0.417750	0.001483	4.500893
178	9450	4735	0.015000	161	1864	0.058831	0.082534	0.058831	22.179915
178	9450	4736	0.015000	157	17148	0.541220	0.567637	0.002020	5.196693
178	9450	4737	0.015000	12	10	0.000316	0.001199	0.000316	1.723369
178	9450	4738	0.015000	51	10	0.000316	0.005271	0.000316	1.330413
178	9450	4739	0.015000	122	18379	0.580072	0.600587	0.001673	3.810480
178	9450	4740	0.015000	9	10	0.000316	0.001326	0.000316	1.284523
178	9450	4741	0.015000	147	86	0.002714	0.033582	0.002714	5.208238
178	9450	4742	0.015000	201	8388	0.264739	0.297879	0.264739	43.507059
178	9450	4743	0.015000	234	11740	0.370534	0.402348	0.370534	46.234682
178	9450	4744	0.015000	246	12232	0.386062	0.420970	0.386062	50.027029
178	9450	4745	0.015000	180	14437	0.455656	0.481978	0.001515	3.537866
178	9450	4746	0.015000	220	4919	0.155252	0.191674	0.155252	34.608675
178	9450	4747	0.015000	116	23	0.000726	0.013635	0.000726	2.818384
178	9450	4748	0.015000	192	3084	0.097336	0.125647	0.097336	26.509654
178	9450	4749	0.015000	144	3790	0.119619	0.143385	0.119619	27.944114
178	9450	4750	0.015000	215	13977	0.441137	0.474309	0.441137	50.337941
178	9450	4751	0.015000	218	13247	0.418097	0.448460	0.418097	52.457296
178	9450	4752	0.015000	79	25	0.000789	0.010542	0.000789	2.774167
178	9450	4753	0.015000	163	12780	0.403358	0.427534	0.001199	3.536611
178	9450	4754	0.015000	61	11	0.000347	0.004892	0.000347	1.845253
178	9450	4755	0.015000	179	3770	0.118988	0.146320	0.118988	31.185365
178	9450	4756	0.015000	44	23	0.000726	0.004766	0.000726	2.405884
178	9450	4757	0.015000	334	1569	0.049520	0.119777	0.049520	19.773834
178	9450	4758	0.015000	83	27	0.000852	0.010542	0.000852	3.174832
178	9450	4759	0.015000	53	14	0.000442	0.005618	0.000442	2.082483
178	9450	4760	0.015000	150	2197	0.069341	0.093044	0.069341	23.133047
178	9450	4761	0.015000	162	1095	0.034560	0.059210	0.034560	17.462016
178	9450	4762	0.015000	9	11	0.000347	0.001294	0.000347	1.537412
178	9450	4763	0.015000	140	13833	0.436593	0.458181	0.001515	5.010319
178	9450	4764	0.015000	76	25	0.000789	0.008711	0.000789	2.712342
178	9450	4765	0.015000	22	10	0.000316	0.002714	0.000316	1.577973
178	9450	4766	0.015000	173	14609	0.461084	0.485703	0.001073	2.984502
178	9450	4767	0.015000	24	13	0.000410	0.002588	0.000410	1.902972
178	9450	4768	0.015000	167	6459	0.203857	0.229769	0.203857	35.563519
178	9450	4769	0.015000	187	5149	0.162511	0.185520	0.162511	32.083454
178	9450	4770	0.015000	27	19	0.000600	0.003945	0.000600	2.440426
178	9450	4771	0.015000	11	11	0.000347	0.001136	0.000347	1.831767
178	9450	4772	0.015000	91	14	0.000442	0.008017	0.000442	1.785714
178	9450	4773	0.015000	0	0	0.000000	0.000000	0.000000	0.000000
178	9450	4774	0.015000	200	7797	0.246086	0.270831	0.246086	38.328300
178	9450	4775	0.015000	20	17	0.000537	0.002998	0.000537	2.297885
178	9450	4776	0.015000	218	1358	0.042861	0.075685	0.042861	19.416247
178	9450	4777	0.015000	182	15908	0.502083	0.526922	0.001199	3.063615
178	9450	4778	0.015000	215	10514	0.331839	0.360056	0.331839	44.635919
178	9450	4779	0.015000	188	4192	0.132307	0.153358	0.132307	29.238600
178	9450	4780	0.015000	188	1916	0.060472	0.093928	0.060472	22.968552
178	9450	4781	0.015000	157	3073	0.096989	0.119335	0.096989	25.681467
178	9450	4782	0.015000	150	109	0.003440	0.031025	0.003440	6.052279
178	9450	4783	0.015000	28	12	0.000379	0.002556	0.000379	1.639360
178	9450	4784	0.015000	145	720	0.022724	0.053970	0.022724	14.886206
178	9450	4785	0.015000	294	6234	0.196755	0.245581	0.196755	35.028057
178	9450	4786	0.015000	184	14027	0.442716	0.472604	0.002304	5.331941
178	9450	4787	0.015000	11	18	0.000568	0.001262	0.000568	2.236758
178	9450	4788	0.015000	186	4555	0.143763	0.169013	0.143763	31.656931
178	9450	4789	0.015000	216	13560	0.427976	0.461116	0.427976	49.699919
178	9450	4790	0.015000	137	1200	0.037874	0.058926	0.037874	17.926393
178	9450	4791	0.015000	7	4	0.000126	0.000442	0.000126	0.935414
178	9450	4792	0.015000	25	9	0.000284	0.001925	0.000284	1.295767
178	9450	4793	0.015000	5	4	0.000126	0.000410	0.000126	0.935414
178	9450	4794	0.015000	169	5013	0.158219	0.184352	0.158219	31.981762
178	9450	4795	0.015000	156	2227	0.070288	0.095727	0.070288	23.868894
178	9450	4796	0.015000	29	9	0.000284	0.002146	0.000284	1.314684
178	9450	4797	0.015000	31	14	0.000442	0.002746	0.000442	1.921946
178	9450	4798	0.015000	197	6646	0.209759	0.232199	0.209759	35.928954
178	9450	4799	0.015000	196	9423	0.297406	0.329283	0.297406	41.747733
178	9450	4800	0.015000	196	8404	0.265244	0.296553	0.265244	42.780693
178	9450	4801	0.015000	204	12441	0.392659	0.423053	0.001515	3.437197
178	9450	4802	0.015000	241	4803	0.151591	0.188328	0.151591	33.488143
178	9450	4803	0.015000	221	91	0.002872	0.032224	0.002872	6.853884
178	9450	4804	0.015000	184	5538	0.174789	0.201269	0.174789	33.289212
178	9450	4805	0.015000	199	10016	0.316122	0.341781	0.316122	43.029279
178	9450	4806	0.015000	15	22	0.000694	0.002588	0.000694	3.379351
178	9450	4807	0.015000	57	18	0.000568	0.006312	0.000568	2.088327
178	9450	4808	0.015000	180	639	0.020168	0.045512	0.020168	13.601876
178	9450	4809	0.015000	117	26	0.000821	0.014297	0.000821	3.943386
178	9450	4810	0.015000	171	3804	0.120061	0.146572	0.120061	28.514582
178	9450	4811	0.015000	169	2961	0.093454	0.117788	0.093454	25.348798
178	9450	4812	0.015000	2	7	0.000221	0.000252	0.000221	1.370238
178	9450	4813	0.015000	11	6	0.000189	0.000821	0.000189	1.166667
178	9450	4814	0.015000	301	8494	0.268085	0.313092	0.268085	55.980316
178	9450	4815	0.015000	345	3119	0.098441	0.241163	0.098441	25.813674
178	9450	4816	0.015000	239	9316	0.294029	0.330829	0.294029	44.047133
178	9450	4817	0.015000	178	234	0.007385	0.041093	0.007385	8.054758
178	9450	4818	0.015000	163	5067	0.159923	0.188613	0.159923	31.433640
178	9450	4819	0.015000	150	20101	0.634421	0.656483	0.000852	2.897423
178	9450	4820	0.015000	232	16488	0.520389	0.553276	0.001452	4.331491
178	9450	4821	0.015000	1	31113	0.981978	0.981978	0.000000	0.000000
178	9450	4822	0.015000	204	15400	0.486050	0.519789	0.002777	7.860483
178	9450	4823	0.015000	227	6431	0.202973	0.231252	0.202973	38.766345
178	9450	4824	0.015000	205	7773	0.245329	0.275123	0.245329	38.643358
178	9450	4825	0.015000	170	5597	0.176651	0.204172	0.176651	33.638725
178	9450	4826	0.015000	24	10	0.000316	0.002588	0.000316	1.860108
178	9450	4827	0.015000	182	6510	0.205466	0.230968	0.205466	37.469061
178	9450	4828	0.015000	220	10862	0.342823	0.373532	0.342823	44.287177
178	9450	4829	0.015000	213	2250	0.071014	0.111507	0.071014	23.074826
178	9450	4830	0.015000	1	2	0.000063	0.000063	0.000063	0.500000
178	9450	4831	0.015000	11	11	0.000347	0.001420	0.000347	1.786080
178	9450	4832	0.015000	210	5872	0.185330	0.219133	0.185330	33.735235
178	9450	4833	0.015000	4	6	0.000189	0.000284	0.000189	1.067187
178	9450	4834	0.015000	78	22	0.000694	0.009816	0.000694	2.473412
178	9450	4835	0.015000	179	2580	0.081429	0.104722	0.081429	24.047003
178	9450	4836	0.015000	75	14	0.000442	0.008459	0.000442	2.051630
178	9450	4837	0.015000	275	13486	0.425641	0.466355	0.001862	4.472971
178	9450	4838	0.015000	78	16	0.000505	0.009469	0.000505	1.918251
178	9450	4839	0.015000	167	8577	0.270704	0.295133	0.270704	40.531750
178	9450	4840	0.015000	216	7389	0.233209	0.263635	0.233209	41.908417
178	9450	4841	0.015000	160	11654	0.367820	0.393732	0.001515	3.611024
178	9450	4842	0.015000	31	9	0.000284	0.002714	0.000284	1.523479
178	9450	4843	0.015000	7	13	0.000410	0.000947	0.000410	1.877932
178	9450	4844	0.015000	41	11	0.000347	0.003535	0.000347	1.793120
178	9450	4845	0.015000	86	21	0.000663	0.009626	0.000663	2.238602
178	9450	4846	0.015000	208	6062	0.191327	0.221563	0.191327	37.549873
178	9450	4847	0.015000	159	6234	0.196755	0.220553	0.196755	34.977017
178	9450	4848	0.015000	192	2960	0.093423	0.125773	0.093423	26.027459
178	9450	4849	0.015000	243	11178	0.352796	0.383380	0.352796	46.315286
178	9450	4850	0.015000	181	9949	0.314007	0.336858	0.314007	43.280151
178	9450	4851	0.015000	203	8942	0.282224	0.309715	0.282224	41.804027
178	9450	4852	0.015000	3	2	0.000063	0.000126	0.000063	0.500000
178	9450	4853	0.015000	204	6499	0.205119	0.229516	0.205119	35.101209
178	9450	4854	0.015000	253	13357	0.421569	0.459885	0.421569	54.211499
178	9450	4855	0.015000	106	24	0.000757	0.012877	0.000757	2.679332
178	9450	4856	0.015000	10	8	0.000252	0.001042	0.000252	1.369306
178	9450	4857	0.015000	167	15530	0.490153	0.518369	0.001673	3.609351
178	9450	4858	0.015000	198	8830	0.278690	0.312650	0.278690	43.046584
178	9450	4859	0.015000	18	10	0.000316	0.001862	0.000316	1.780449
178	9450	4860	0.015000	316	6405	0.202153	0.254576	0.002904	4.905222
178	9450	4861	0.015000	188	16039	0.506218	0.532919	0.001862	4.095527
178	9450	4862	0.015000	59	17	0.000537	0.006249	0.000537	2.051247
178	9450	4863	0.015000	161	34	0.001073	0.021399	0.001073	3.507530
178	9450	4864	0.015000	164	3453	0.108982	0.134579	0.108982	28.346739
178	9450	4865	0.015000	0	0	0.000000	0.000000	0.000000	0.000000
178	9450	4866	0.015000	162	4922	0.155347	0.182805	0.155347	32.267962
178	9450	4867	0.015000	27	15	0.000473	0.002777	0.000473	1.873796
178	9450	4868	0.015000	47	23	0.000726	0.006375	0.000726	2.417642
178	9450	4869	0.015000	143	63	0.001988	0.025470	0.001988	4.902424
178	9450	4870	0.015000	199	6812	0.214998	0.239869	0.214998	36.491426
178	9450	4871	0.015000	86	41	0.001294	0.014581	0.001294	4.127648
178	9450	4872	0.015000	141	14555	0.459380	0.480653	0.001673	4.801136
178	9450	4873	0.015000	183	11754	0.370976	0.395720	0.002178	5.007157
178	9450	4874	0.015000	202	2463	0.077736	0.104343	0.077736	24.792537
178	9450	4875	0.015000	108	25	0.000789	0.014140	0.000789	3.065159
178	9450	4876	0.015000	25	23	0.000726	0.003219	0.000726	2.618099
178	9450	4877	0.015000	23	11	0.000347	0.002178	0.000347	1.695887
178	9450	4878	0.015000	242	13871	0.437792	0.472889	0.001231	3.917291
178	9450	4879	0.015000	14	6	0.000189	0.001262	0.000189	1.301708
178	9450	4880	0.015000	3	17	0.000537	0.000726	0.000537	1.887860
178	9450	4881	0.015000	290	5616	0.177250	0.319246	0.177250	33.029131
178	9450	4882	0.015000	226	8326	0.262782	0.295954	0.262782	40.435281
178	9450	4883	0.015000	146	380	0.011993	0.040020	0.011993	13.091693
178	9450	4884	0.015000	103	36	0.001136	0.012498	0.001136	3.388320
178	9450	4885	0.015000	197	125	0.003945	0.031656	0.003945	6.732198
178	9450	4886	0.015000	176	19825	0.625710	0.649981	0.002052	4.193599
178	9450	4887	0.015000	214	14146	0.446471	0.480937	0.002430	5.021156
178	9450	4888	0.015000	189	8133	0.256691	0.285318	0.256691	39.607014
178	9450	4889	0.015000	15	11	0.000347	0.001862	0.000347	1.372697
178	9450	4890	0.015000	220	1756	0.055422	0.084080	0.055422	21.739215
178	9450	4891	0.015000	218	17751	0.560251	0.591687	0.003314	6.882308
178	9450	4892	0.015000	123	153	0.004829	0.024082	0.004829	6.881735
178	9450	4893	0.015000	151	373	0.011773	0.037053	0.011773	14.985809
178	9450	4894	0.015000	167	129	0.004071	0.039389	0.004071	8.317840
178	9450	4895	0.015000	145	36	0.001136	0.017170	0.001136	3.779411
178	9450	4896	0.015000	132	2187	0.069025	0.090487	0.069025	22.717662
178	9450	4897	0.015000	232	9450	0.298258	0.340298	0.298258	43.177497
178	9450	4898	0.015000	166	99	0.003125	0.030489	0.003125	6.405363
178	9450	4899	0.015000	25	16	0.000505	0.003030	0.000505	2.084167
178	9450	4900	0.015000	8	7	0.000221	0.000852	0.000221	1.106567
178	9450	4901	0.015000	68	12	0.000379	0.005807	0.000379	1.728037
178	9450	4902	0.015000	184	6769	0.213641	0.240500	0.213641	36.836982
178	9450	4903	0.015000	157	4028	0.127130	0.150833	0.127130	29.545921
178	9450	4904	0.015000	256	1067	0.033676	0.073665	0.033676	17.213681
178	9450	4905	0.015000	125	198	0.006249	0.030678	0.006249	8.181955
178	9450	4906	0.015000	215	3243	0.102355	0.128677	0.102355	28.097015
178	9450	4907	0.015000	261	12802	0.404053	0.439938	0.404053	53.865572
178	9450	4908	0.015000	217	10720	0.338341	0.374006	0.338341	44.444439
178	9450	4909	0.015000	217	3555	0.112202	0.146730	0.112202	29.887649
178	9450	4910	0.015000	44	33	0.001042	0.004924	0.001042	3.195497
178	9450	4911	0.015000	183	9103	0.287306	0.313471	0.287306	41.416742
178	9450	4912	0.015000	216	7059	0.222794	0.257070	0.222794	36.915761
178	9450	4913	0.015000	155	16079	0.507480	0.527743	0.001231	3.787068
178	9450	4914	0.015000	168	5931	0.187192	0.210516	0.187192	34.520724
178	9450	4915	0.015000	224	12322	0.388903	0.423495	0.001105	3.597051
178	9450	4916	0.015000	12	10	0.000316	0.001326	0.000316	1.655295
178	9450	4917	0.015000	104	20961	0.661564	0.675262	0.001547	3.362334
178	9450	4918	0.015000	196	2704	0.085343	0.110750	0.085343	26.993821
178	9450	4919	0.015000	292	15675	0.494729	0.537495	0.002272	4.928619
178	9450	4920	0.015000	195	11789	0.372081	0.397204	0.001547	3.859895
178	9450	4921	0.015000	146	6206	0.195872	0.218501	0.195872	34.891665
178	9450	4922	0.015000	130	29	0.000915	0.019537	0.000915	2.698482
178	9450	4923	0.015000	81	25	0.000789	0.010542	0.000789	2.867752
178	9450	4924	0.015000	325	6742	0.212789	0.292703	0.212789	37.428417
178	9450	4925	0.015000	263	4506	0.142217	0.181006	0.142217	30.105211
178	9450	4926	0.015000	166	354	0.011173	0.033960	0.011173	11.976860
178	9450	4927	0.015000	206	4160	0.131297	0.161564	0.131297	29.429214
178	9450	4928	0.015000	32	7	0.000221	0.002430	0.000221	1.293626
178	9450	4929	0.015000	36	15	0.000473	0.003630	0.000473	1.885618
178	9450	4930	0.015000	238	11974	0.377919	0.409260	0.377919	47.076491
178	9450	4931	0.015000	247	12073	0.381044	0.414815	0.381044	47.550815
