256	9700	1001	0.015000	1	64549	0.984940	0.984940	0.000000	0.000000
256	9700	1002	0.015000	8	63627	0.970871	0.970993	0.000031	0.500000
256	9700	1003	0.015000	1	64549	0.984940	0.984940	0.000000	0.000000
256	9700	1004	0.015000	1	64549	0.984940	0.984940	0.000000	0.000000
256	9700	1005	0.015000	1	64549	0.984940	0.984940	0.000000	0.000000
256	9700	1006	0.015000	1	64549	0.984940	0.984940	0.000000	0.000000
256	9700	1007	0.015000	1	64549	0.984940	0.984940	0.000000	0.000000
256	9700	1008	0.015000	1	64549	0.984940	0.984940	0.000000	0.000000
256	9700	1009	0.015000	1	64549	0.984940	0.984940	0.000000	0.000000
256	9700	1010	0.015000	1	64549	0.984940	0.984940	0.000000	0.000000
256	9700	1011	0.015000	1	64549	0.984940	0.984940	0.000000	0.000000
256	9700	1012	0.015000	1	64549	0.984940	0.984940	0.000000	0.000000
256	9700	1013	0.015000	1	64549	0.984940	0.984940	0.000000	0.000000
256	9700	1014	0.015000	1	64549	0.984940	0.984940	0.000000	0.000000
256	9700	1015	0.015000	1	64549	0.984940	0.984940	0.000000	0.000000
256	9700	1016	0.015000	14	63238	0.964935	0.965393	0.000076	0.894427
256	9700	1017	0.015000	1	64549	0.984940	0.984940	0.000000	0.000000
256	9700	1018	0.015000	1	64549	0.984940	0.984940	0.000000	0.000000
256	9700	1019	0.015000	1	64549	0.984940	0.984940	0.000000	0.000000
256	9700	1020	0.015000	14	63222	0.964691	0.965500	0.000412	2.511428
256	9700	1021	0.015000	1	64549	0.984940	0.984940	0.000000	0.000000
256	9700	1022	0.015000	1	64549	0.984940	0.984940	0.000000	0.000000
256	9700	1023	0.015000	1	64549	0.984940	0.984940	0.000000	0.000000
256	9700	1024	0.015000	1	64549	0.984940	0.984940	0.000000	0.000000
256	9700	1025	0.015000	1	64549	0.984940	0.984940	0.000000	0.000000
256	9700	1026	0.015000	1	64549	0.984940	0.984940	0.000000	0.000000
256	9700	1027	0.015000	1	64549	0.984940	0.984940	0.000000	0.000000
256	9700	1028	0.015000	1	64549	0.984940	0.984940	0.000000	0.000000
256	9700	1029	0.015000	1	64549	0.984940	0.984940	0.000000	0.000000
256	9700	1030	0.015000	1	64549	0.984940	0.984940	0.000000	0.000000
256	9700	1031	0.015000	1	64549	0.984940	0.984940	0.000000	0.000000
256	9700	1032	0.015000	1	64549	0.984940	0.984940	0.000000	0.000000
256	9700	1033	0.015000	1	64549	0.984940	0.984940	0.000000	0.000000
256	9700	1034	0.015000	1	64549	0.984940	0.984940	0.000000	0.000000
256	9700	1035	0.015000	1	64549	0.984940	0.984940	0.000000	0.000000
256	9700	1036	0.015000	1	64549	0.984940	0.984940	0.000000	0.000000
256	9700	1037	0.015000	1	64549	0.984940	0.984940	0.000000	0.000000
256	9700	1038	0.015000	1	64549	0.984940	0.984940	0.000000	0.000000
256	9700	1039	0.015000	1	64549	0.984940	0.984940	0.000000	0.000000
256	9700	1040	0.015000	1	64549	0.984940	0.984940	0.000000	0.000000
256	9700	1041	0.015000	1	64547	0.984909	0.984909	0.000000	0.000000
256	9700	1042	0.015000	1	64549	0.984940	0.984940	0.000000	0.000000
256	9700	1043	0.015000	1	64549	0.984940	0.984940	0.000000	0.000000
256	9700	1044	0.015000	1	64549	0.984940	0.984940	0.000000	0.000000
256	9700	1045	0.015000	1	64549	0.984940	0.984940	0.000000	0.000000
256	9700	1046	0.015000	1	64549	0.984940	0.984940	0.000000	0.000000
256	9700	1047	0.015000	1	64549	0.984940	0.984940	0.000000	0.000000
256	9700	1048	0.015000	1	64549	0.984940	0.984940	0.000000	0.000000
256	9700	1049	0.015000	1	64549	0.984940	0.984940	0.000000	0.000000
256	9700	1050	0.015000	1	64549	0.984940	0.984940	0.000000	0.000000
256	9700	1051	0.015000	1	64549	0.984940	0.984940	0.000000	0.000000
256	9700	1052	0.015000	27	63000	0.961304	0.962280	0.000137	1.295767
256	9700	1053	0.015000	1	64549	0.984940	0.984940	0.000000	0.000000
256	9700	1054	0.015000	1	64549	0.984940	0.984940	0.000000	0.000000
256	9700	1055	0.015000	1	64549	0.984940	0.984940	0.000000	0.000000
256	9700	1056	0.015000	1	64549	0.984940	0.984940	0.000000	0.000000
256	9700	1057	0.015000	1	64549	0.984940	0.984940	0.000000	0.000000
256	9700	1058	0.015000	1	64549	0.984940	0.984940	0.000000	0.000000
256	9700	1059	0.015000	1	64549	0.984940	0.984940	0.000000	0.000000
256	9700	1060	0.015000	1	64549	0.984940	0.984940	0.000000	0.000000
256	9700	1061	0.015000	1	64549	0.984940	0.984940	0.000000	0.000000
256	9700	1062	0.015000	1	64549	0.984940	0.984940	0.000000	0.000000
256	9700	1063	0.015000	1	64549	0.984940	0.984940	0.000000	0.000000
256	9700	1064	0.015000	1	64549	0.984940	0.984940	0.000000	0.000000
256	9700	1065	0.015000	1	64549	0.984940	0.984940	0.000000	0.000000
256	9700	1066	0.015000	1	64549	0.984940	0.984940	0.000000	0.000000
256	9700	1067	0.015000	1	64549	0.984940	0.984940	0.000000	0.000000
256	9700	1068	0.015000	1	64549	0.984940	0.984940	0.000000	0.000000
256	9700	1069	0.015000	1	64549	0.984940	0.984940	0.000000	0.000000
256	9700	1070	0.015000	1	64549	0.984940	0.984940	0.000000	0.000000
256	9700	1071	0.015000	1	64549	0.984940	0.984940	0.000000	0.000000
256	9700	1072	0.015000	1	64549	0.984940	0.984940	0.000000	0.000000
256	9700	1073	0.015000	1	64549	0.984940	0.984940	0.000000	0.000000
256	9700	1074	0.015000	1	64549	0.984940	0.984940	0.000000	0.000000
256	9700	1075	0.015000	1	64549	0.984940	0.984940	0.000000	0.000000
256	9700	1076	0.015000	1	64549	0.984940	0.984940	0.000000	0.000000
256	9700	1077	0.015000	1	64549	0.984940	0.984940	0.000000	0.000000
256	9700	1078	0.015000	1	64549	0.984940	0.984940	0.000000	0.000000
256	9700	1079	0.015000	1	64549	0.984940	0.984940	0.000000	0.000000
256	9700	1080	0.015000	1	64549	0.984940	0.984940	0.000000	0.000000
256	9700	1081	0.015000	1	64549	0.984940	0.984940	0.000000	0.000000
256	9700	1082	0.015000	1	64549	0.984940	0.984940	0.000000	0.000000
256	9700	1083	0.015000	1	64549	0.984940	0.984940	0.000000	0.000000
256	9700	1084	0.015000	1	64549	0.984940	0.984940	0.000000	0.000000
256	9700	1085	0.015000	1	64549	0.984940	0.984940	0.000000	0.000000
256	9700	1086	0.015000	1	64549	0.984940	0.984940	0.000000	0.000000
256	9700	1087	0.015000	1	64549	0.984940	0.984940	0.000000	0.000000
256	9700	1088	0.015000	1	64549	0.984940	0.984940	0.000000	0.000000
256	9700	1089	0.015000	1	64549	0.984940	0.984940	0.000000	0.000000
256	9700	1090	0.015000	1	64549	0.984940	0.984940	0.000000	0.000000
256	9700	1091	0.015000	1	64549	0.984940	0.984940	0.000000	0.000000
256	9700	1092	0.015000	1	64549	0.984940	0.984940	0.000000	0.000000
256	9700	1093	0.015000	1	64547	0.984909	0.984909	0.000000	0.000000
256	9700	1094	0.015000	1	64549	0.984940	0.984940	0.000000	0.000000
256	9700	1095	0.015000	1	64549	0.984940	0.984940	0.000000	0.000000
256	9700	1096	0.015000	1	64549	0.984940	0.984940	0.000000	0.000000
256	9700	1097	0.015000	1	64549	0.984940	0.984940	0.000000	0.000000
256	9700	1098	0.015000	1	64549	0.984940	0.984940	0.000000	0.000000
256	9700	1099	0.015000	1	64549	0.984940	0.984940	0.000000	0.000000
256	9700	1100	0.015000	1	64549	0.984940	0.984940	0.000000	0.000000
256	9700	1101	0.015000	1	64549	0.984940	0.984940	0.000000	0.000000
256	9700	1102	0.015000	1	64549	0.984940	0.984940	0.000000	0.000000
256	9700	1103	0.015000	1	64549	0.984940	0.984940	0.000000	0.000000
256	9700	1104	0.015000	1	64549	0.984940	0.984940	0.000000	0.000000
256	9700	1105	0.015000	1	64549	0.984940	0.984940	0.000000	0.000000
256	9700	1106	0.015000	1	64549	0.984940	0.984940	0.000000	0.000000
256	9700	1107	0.015000	1	64549	0.984940	0.984940	0.000000	0.000000
256	9700	1108	0.015000	1	64549	0.984940	0.984940	0.000000	0.000000
256	9700	1109	0.015000	1	64549	0.984940	0.984940	0.000000	0.000000
256	9700	1110	0.015000	1	64549	0.984940	0.984940	0.000000	0.000000
256	9700	1111	0.015000	1	64549	0.984940	0.984940	0.000000	0.000000
256	9700	1112	0.015000	1	64549	0.984940	0.984940	0.000000	0.000000
256	9700	1113	0.015000	1	64549	0.984940	0.984940	0.000000	0.000000
256	9700	1114	0.015000	1	64549	0.984940	0.984940	0.000000	0.000000
256	9700	1115	0.015000	1	64549	0.984940	0.984940	0.000000	0.000000
256	9700	1116	0.015000	1	64459	0.983566	0.983566	0.000000	0.000000
256	9700	1117	0.015000	1	64549	0.984940	0.984940	0.000000	0.000000
256	9700	1118	0.015000	1	64549	0.984940	0.984940	0.000000	0.000000
256	9700	1119	0.015000	1	64549	0.984940	0.984940	0.000000	0.000000
256	9700	1120	0.015000	1	64549	0.984940	0.984940	0.000000	0.000000
256	9700	1121	0.015000	1	64549	0.984940	0.984940	0.000000	0.000000
256	9700	1122	0.015000	1	64549	0.984940	0.984940	0.000000	0.000000
256	9700	1123	0.015000	1	64549	0.984940	0.984940	0.000000	0.000000
256	9700	1124	0.015000	1	64549	0.984940	0.984940	0.000000	0.000000
256	9700	1125	0.015000	1	64549	0.984940	0.984940	0.000000	0.000000
256	9700	1126	0.015000	1	64549	0.984940	0.984940	0.000000	0.000000
256	9700	1127	0.015000	1	64549	0.984940	0.984940	0.000000	0.000000
256	9700	1128	0.015000	1	64549	0.984940	0.984940	0.000000	0.000000
256	9700	1129	0.015000	1	64549	0.984940	0.984940	0.000000	0.000000
256	9700	1130	0.015000	1	64549	0.984940	0.984940	0.000000	0.000000
256	9700	1131	0.015000	1	64549	0.984940	0.984940	0.000000	0.000000
256	9700	1132	0.015000	1	64549	0.984940	0.984940	0.000000	0.000000
256	9700	1133	0.015000	1	64549	0.984940	0.984940	0.000000	0.000000
256	9700	1134	0.015000	1	64549	0.984940	0.984940	0.000000	0.000000
256	9700	1135	0.015000	1	64549	0.984940	0.984940	0.000000	0.000000
256	9700	1136	0.015000	1	64549	0.984940	0.984940	0.000000	0.000000
256	9700	1137	0.015000	1	64549	0.984940	0.984940	0.000000	0.000000
256	9700	1138	0.015000	1	64549	0.984940	0.984940	0.000000	0.000000
256	9700	1139	0.015000	1	64549	0.984940	0.984940	0.000000	0.000000
256	9700	1140	0.015000	1	64549	0.984940	0.984940	0.000000	0.000000
256	9700	1141	0.015000	1	64549	0.984940	0.984940	0.000000	0.000000
256	9700	1142	0.015000	1	64549	0.984940	0.984940	0.000000	0.000000
256	9700	1143	0.015000	1	64549	0.984940	0.984940	0.000000	0.000000
256	9700	1144	0.015000	1	64549	0.984940	0.984940	0.000000	0.000000
256	9700	1145	0.015000	1	64549	0.984940	0.984940	0.000000	0.000000
256	9700	1146	0.015000	1	64549	0.984940	0.984940	0.000000	0.000000
256	9700	1147	0.015000	1	64549	0.984940	0.984940	0.000000	0.000000
256	9700	1148	0.015000	1	64549	0.984940	0.984940	0.000000	0.000000
256	9700	1149	0.015000	1	64549	0.984940	0.984940	0.000000	0.000000
256	9700	1150	0.015000	1	64549	0.984940	0.984940	0.000000	0.000000
256	9700	1151	0.015000	1	64549	0.984940	0.984940	0.000000	0.000000
256	9700	1152	0.015000	1	64549	0.984940	0.984940	0.000000	0.000000
256	9700	1153	0.015000	1	64549	0.984940	0.984940	0.000000	0.000000
256	9700	1154	0.015000	1	64549	0.984940	0.984940	0.000000	0.000000
256	9700	1155	0.015000	1	64549	0.984940	0.984940	0.000000	0.000000
256	9700	1156	0.015000	1	64549	0.984940	0.984940	0.000000	0.000000
256	9700	1157	0.015000	1	64549	0.984940	0.984940	0.000000	0.000000
256	9700	1158	0.015000	1	64549	0.984940	0.984940	0.000000	0.000000
256	9700	1159	0.015000	1	64549	0.984940	0.984940	0.000000	0.000000
256	9700	1160	0.015000	1	64549	0.984940	0.984940	0.000000	0.000000
256	9700	1161	0.015000	1	64549	0.984940	0.984940	0.000000	0.000000
256	9700	1162	0.015000	1	64549	0.984940	0.984940	0.000000	0.000000
256	9700	1163	0.015000	1	64549	0.984940	0.984940	0.000000	0.000000
256	9700	1164	0.015000	1	64549	0.984940	0.984940	0.000000	0.000000
256	9700	1165	0.015000	1	64549	0.984940	0.984940	0.000000	0.000000
256	9700	1166	0.015000	1	64549	0.984940	0.984940	0.000000	0.000000
256	9700	1167	0.015000	1	64549	0.984940	0.984940	0.000000	0.000000
256	9700	1168	0.015000	2	64157	0.978958	0.978973	0.000015	0.000000
256	9700	1169	0.015000	1	64514	0.984406	0.984406	0.000000	0.000000
256	9700	1170	0.015000	1	64549	0.984940	0.984940	0.000000	0.000000
256	9700	1171	0.015000	1	64549	0.984940	0.984940	0.000000	0.000000
256	9700	1172	0.015000	1	64549	0.984940	0.984940	0.000000	0.000000
256	9700	1173	0.015000	1	64549	0.984940	0.984940	0.000000	0.000000
256	9700	1174	0.015000	1	64549	0.984940	0.984940	0.000000	0.000000
256	9700	1175	0.015000	1	64549	0.984940	0.984940	0.000000	0.000000
256	9700	1176	0.015000	1	64549	0.984940	0.984940	0.000000	0.000000
256	9700	1177	0.015000	1	64549	0.984940	0.984940	0.000000	0.000000
256	9700	1178	0.015000	1	64549	0.984940	0.984940	0.000000	0.000000
256	9700	1179	0.015000	1	64549	0.984940	0.984940	0.000000	0.000000
256	9700	1180	0.015000	1	64549	0.984940	0.984940	0.000000	0.000000
256	9700	1181	0.015000	1	64549	0.984940	0.984940	0.000000	0.000000
256	9700	1182	0.015000	1	64549	0.984940	0.984940	0.000000	0.000000
256	9700	1183	0.015000	1	64549	0.984940	0.984940	0.000000	0.000000
256	9700	1184	0.015000	1	64549	0.984940	0.984940	0.000000	0.000000
256	9700	1185	0.015000	1	64549	0.984940	0.984940	0.000000	0.000000
256	9700	1186	0.015000	1	64549	0.984940	0.984940	0.000000	0.000000
256	9700	1187	0.015000	1	64549	0.984940	0.984940	0.000000	0.000000
256	9700	1188	0.015000	1	64549	0.984940	0.984940	0.000000	0.000000
256	9700	1189	0.015000	1	64549	0.984940	0.984940	0.000000	0.000000
256	9700	1190	0.015000	1	64537	0.984756	0.984756	0.000000	0.000000
256	9700	1191	0.015000	1	64549	0.984940	0.984940	0.000000	0.000000
256	9700	1192	0.015000	1	64549	0.984940	0.984940	0.000000	0.000000
256	9700	1193	0.015000	1	64540	0.984802	0.984802	0.000000	0.000000
256	9700	1194	0.015000	1	64549	0.984940	0.984940	0.000000	0.000000
256	9700	1195	0.015000	1	64549	0.984940	0.984940	0.000000	0.000000
256	9700	1196	0.015000	1	64549	0.984940	0.984940	0.000000	0.000000
256	9700	1197	0.015000	1	64549	0.984940	0.984940	0.000000	0.000000
256	9700	1198	0.015000	1	64549	0.984940	0.984940	0.000000	0.000000
256	9700	1199	0.015000	1	64549	0.984940	0.984940	0.000000	0.000000
256	9700	1200	0.015000	1	64549	0.984940	0.984940	0.000000	0.000000
256	9700	1201	0.015000	1	64549	0.984940	0.984940	0.000000	0.000000
256	9700	1202	0.015000	1	64549	0.984940	0.984940	0.000000	0.000000
256	9700	1203	0.015000	1	64549	0.984940	0.984940	0.000000	0.000000
256	9700	1204	0.015000	1	64549	0.984940	0.984940	0.000000	0.000000
256	9700	1205	0.015000	1	64549	0.984940	0.984940	0.000000	0.000000
256	9700	1206	0.015000	1	64549	0.984940	0.984940	0.000000	0.000000
256	9700	1207	0.015000	1	64549	0.984940	0.984940	0.000000	0.000000
256	9700	1208	0.015000	1	64549	0.984940	0.984940	0.000000	0.000000
256	9700	1209	0.015000	1	64549	0.984940	0.984940	0.000000	0.000000
256	9700	1210	0.015000	1	64244	0.980286	0.980286	0.000000	0.000000
256	9700	1211	0.015000	1	64549	0.984940	0.984940	0.000000	0.000000
256	9700	1212	0.015000	1	64549	0.984940	0.984940	0.000000	0.000000
256	9700	1213	0.015000	1	64549	0.984940	0.984940	0.000000	0.000000
256	9700	1214	0.015000	1	64549	0.984940	0.984940	0.000000	0.000000
256	9700	1215	0.015000	1	64549	0.984940	0.984940	0.000000	0.000000
256	9700	1216	0.015000	1	64549	0.984940	0.984940	0.000000	0.000000
256	9700	1217	0.015000	1	64549	0.984940	0.984940	0.000000	0.000000
256	9700	1218	0.015000	1	64549	0.984940	0.984940	0.000000	0.000000
256	9700	1219	0.015000	1	64549	0.984940	0.984940	0.000000	0.000000
256	9700	1220	0.015000	1	64549	0.984940	0.984940	0.000000	0.000000
256	9700	1221	0.015000	1	64543	0.984848	0.984848	0.000000	0.000000
256	9700	1222	0.015000	1	64549	0.984940	0.984940	0.000000	0.000000
256	9700	1223	0.015000	1	64549	0.984940	0.984940	0.000000	0.000000
256	9700	1224	0.015000	1	64549	0.984940	0.984940	0.000000	0.000000
256	9700	1225	0.015000	1	64549	0.984940	0.984940	0.000000	0.000000
256	9700	1226	0.015000	1	64549	0.984940	0.984940	0.000000	0.000000
256	9700	1227	0.015000	1	64548	0.984924	0.984924	0.000000	0.000000
256	9700	1228	0.015000	1	64549	0.984940	0.984940	0.000000	0.000000
256	9700	1229	0.015000	1	64549	0.984940	0.984940	0.000000	0.000000
256	9700	1230	0.015000	1	64549	0.984940	0.984940	0.000000	0.000000
256	9700	1231	0.015000	1	64549	0.984940	0.984940	0.000000	0.000000
256	9700	1232	0.015000	1	64549	0.984940	0.984940	0.000000	0.000000
256	9700	1233	0.015000	1	64549	0.984940	0.984940	0.000000	0.000000
256	9700	1234	0.015000	1	64549	0.984940	0.984940	0.000000	0.000000
256	9700	1235	0.015000	1	64549	0.984940	0.984940	0.000000	0.000000
256	9700	1236	0.015000	1	64549	0.984940	0.984940	0.000000	0.000000
256	9700	1237	0.015000	1	64549	0.984940	0.984940	0.000000	0.000000
256	9700	1238	0.015000	1	64549	0.984940	0.984940	0.000000	0.000000
256	9700	1239	0.015000	1	64549	0.984940	0.984940	0.000000	0.000000
256	9700	1240	0.015000	1	64549	0.984940	0.984940	0.000000	0.000000
256	9700	1241	0.015000	1	64549	0.984940	0.984940	0.000000	0.000000
256	9700	1242	0.015000	1	64549	0.984940	0.984940	0.000000	0.000000
256	9700	1243	0.015000	1	64480	0.983887	0.983887	0.000000	0.000000
256	9700	1244	0.015000	1	64549	0.984940	0.984940	0.000000	0.000000
256	9700	1245	0.015000	1	64549	0.984940	0.984940	0.000000	0.000000
256	9700	1246	0.015000	1	64549	0.984940	0.984940	0.000000	0.000000
256	9700	1247	0.015000	1	64549	0.984940	0.984940	0.000000	0.000000
256	9700	1248	0.015000	1	64549	0.984940	0.984940	0.000000	0.000000
256	9700	1249	0.015000	1	64549	0.984940	0.984940	0.000000	0.000000
256	9700	1250	0.015000	1	64549	0.984940	0.984940	0.000000	0.000000
256	9700	1251	0.015000	1	64549	0.984940	0.984940	0.000000	0.000000
256	9700	1252	0.015000	1	64534	0.984711	0.984711	0.000000	0.000000
256	9700	1253	0.015000	1	64549	0.984940	0.984940	0.000000	0.000000
256	9700	1254	0.015000	1	64549	0.984940	0.984940	0.000000	0.000000
256	9700	1255	0.015000	1	64546	0.984894	0.984894	0.000000	0.000000
256	9700	1256	0.015000	1	64549	0.984940	0.984940	0.000000	0.000000
256	9700	1257	0.015000	1	64549	0.984940	0.984940	0.000000	0.000000
256	9700	1258	0.015000	1	64549	0.984940	0.984940	0.000000	0.000000
256	9700	1259	0.015000	54	60169	0.918106	0.922165	0.000473	3.092739
256	9700	1260	0.015000	1	64549	0.984940	0.984940	0.000000	0.000000
256	9700	1261	0.015000	1	64549	0.984940	0.984940	0.000000	0.000000
256	9700	1262	0.015000	1	64549	0.984940	0.984940	0.000000	0.000000
256	9700	1263	0.015000	1	64549	0.984940	0.984940	0.000000	0.000000
256	9700	1264	0.015000	1	64549	0.984940	0.984940	0.000000	0.000000
256	9700	1265	0.015000	1	64549	0.984940	0.984940	0.000000	0.000000
256	9700	1266	0.015000	1	64549	0.984940	0.984940	0.000000	0.000000
256	9700	1267	0.015000	1	64549	0.984940	0.984940	0.000000	0.000000
256	9700	1268	0.015000	1	64549	0.984940	0.984940	0.000000	0.000000
256	9700	1269	0.015000	1	64549	0.984940	0.984940	0.000000	0.000000
256	9700	1270	0.015000	1	64549	0.984940	0.984940	0.000000	0.000000
256	9700	1271	0.015000	1	64549	0.984940	0.984940	0.000000	0.000000
256	9700	1272	0.015000	1	64549	0.984940	0.984940	0.000000	0.000000
256	9700	1273	0.015000	1	64549	0.984940	0.984940	0.000000	0.000000
256	9700	1274	0.015000	1	64549	0.984940	0.984940	0.000000	0.000000
256	9700	1275	0.015000	1	64549	0.984940	0.984940	0.000000	0.000000
256	9700	1276	0.015000	1	64549	0.984940	0.984940	0.000000	0.000000
256	9700	1277	0.015000	1	64549	0.984940	0.984940	0.000000	0.000000
256	9700	1278	0.015000	6	63723	0.972336	0.972870	0.000198	1.955118
256	9700	1279	0.015000	1	64549	0.984940	0.984940	0.000000	0.000000
256	9700	1280	0.015000	1	64549	0.984940	0.984940	0.000000	0.000000
256	9700	1281	0.015000	1	64549	0.984940	0.984940	0.000000	0.000000
256	9700	1282	0.015000	1	64549	0.984940	0.984940	0.000000	0.000000
256	9700	1283	0.015000	1	64549	0.984940	0.984940	0.000000	0.000000
256	9700	1284	0.015000	1	64549	0.984940	0.984940	0.000000	0.000000
256	9700	1285	0.015000	1	64549	0.984940	0.984940	0.000000	0.000000
256	9700	1286	0.015000	1	64549	0.984940	0.984940	0.000000	0.000000
256	9700	1287	0.015000	1	64549	0.984940	0.984940	0.000000	0.000000
256	9700	1288	0.015000	1	64549	0.984940	0.984940	0.000000	0.000000
256	9700	1289	0.015000	1	64549	0.984940	0.984940	0.000000	0.000000
256	9700	1290	0.015000	1	64549	0.984940	0.984940	0.000000	0.000000
256	9700	1291	0.015000	1	64549	0.984940	0.984940	0.000000	0.000000
256	9700	1292	0.015000	1	64549	0.984940	0.984940	0.000000	0.000000
256	9700	1293	0.015000	1	64548	0.984924	0.984924	0.000000	0.000000
256	9700	1294	0.015000	1	64549	0.984940	0.984940	0.000000	0.000000
256	9700	1295	0.015000	1	64549	0.984940	0.984940	0.000000	0.000000
256	9700	1296	0.015000	1	64549	0.984940	0.984940	0.000000	0.000000
256	9700	1297	0.015000	1	64549	0.984940	0.984940	0.000000	0.000000
256	9700	1298	0.015000	1	64549	0.984940	0.984940	0.000000	0.000000
256	9700	1299	0.015000	1	64549	0.984940	0.984940	0.000000	0.000000
256	9700	1300	0.015000	1	64549	0.984940	0.984940	0.000000	0.000000
256	9700	1301	0.015000	1	64549	0.984940	0.984940	0.000000	0.000000
256	9700	1302	0.015000	1	64549	0.984940	0.984940	0.000000	0.000000
256	9700	1303	0.015000	1	64549	0.984940	0.984940	0.000000	0.000000
256	9700	1304	0.015000	1	64549	0.984940	0.984940	0.000000	0.000000
256	9700	1305	0.015000	1	64549	0.984940	0.984940	0.000000	0.000000
256	9700	1306	0.015000	1	64549	0.984940	0.984940	0.000000	0.000000
256	9700	1307	0.015000	1	64549	0.984940	0.984940	0.000000	0.000000
256	9700	1308	0.015000	1	64549	0.984940	0.984940	0.000000	0.000000
256	9700	1309	0.015000	1	64549	0.984940	0.984940	0.000000	0.000000
256	9700	1310	0.015000	1	64549	0.984940	0.984940	0.000000	0.000000
256	9700	1311	0.015000	1	64549	0.984940	0.984940	0.000000	0.000000
256	9700	1312	0.015000	1	64549	0.984940	0.984940	0.000000	0.000000
256	9700	1313	0.015000	1	64549	0.984940	0.984940	0.000000	0.000000
256	9700	1314	0.015000	1	64549	0.984940	0.984940	0.000000	0.000000
256	9700	1315	0.015000	1	64549	0.984940	0.984940	0.000000	0.000000
256	9700	1316	0.015000	1	64549	0.984940	0.984940	0.000000	0.000000
256	9700	1317	0.015000	1	64549	0.984940	0.984940	0.000000	0.000000
256	9700	1318	0.015000	1	64549	0.984940	0.984940	0.000000	0.000000
256	9700	1319	0.015000	1	64549	0.984940	0.984940	0.000000	0.000000
256	9700	1320	0.015000	1	64549	0.984940	0.984940	0.000000	0.000000
256	9700	1321	0.015000	1	64549	0.984940	0.984940	0.000000	0.000000
256	9700	1322	0.015000	1	64549	0.984940	0.984940	0.000000	0.000000
256	9700	1323	0.015000	1	64549	0.984940	0.984940	0.000000	0.000000
256	9700	1324	0.015000	1	64549	0.984940	0.984940	0.000000	0.000000
256	9700	1325	0.015000	1	64549	0.984940	0.984940	0.000000	0.000000
256	9700	1326	0.015000	1	64549	0.984940	0.984940	0.000000	0.000000
256	9700	1327	0.015000	1	64549	0.984940	0.984940	0.000000	0.000000
256	9700	1328	0.015000	1	64549	0.984940	0.984940	0.000000	0.000000
256	9700	1329	0.015000	1	64549	0.984940	0.984940	0.000000	0.000000
256	9700	1330	0.015000	1	64549	0.984940	0.984940	0.000000	0.000000
256	9700	1331	0.015000	1	64549	0.984940	0.984940	0.000000	0.000000
256	9700	1332	0.015000	1	64549	0.984940	0.984940	0.000000	0.000000
256	9700	1333	0.015000	1	64549	0.984940	0.984940	0.000000	0.000000
256	9700	1334	0.015000	1	64549	0.984940	0.984940	0.000000	0.000000
256	9700	1335	0.015000	1	64549	0.984940	0.984940	0.000000	0.000000
256	9700	1336	0.015000	1	64549	0.984940	0.984940	0.000000	0.000000
256	9700	1337	0.015000	1	64549	0.984940	0.984940	0.000000	0.000000
256	9700	1338	0.015000	1	64549	0.984940	0.984940	0.000000	0.000000
256	9700	1339	0.015000	1	64549	0.984940	0.984940	0.000000	0.000000
256	9700	1340	0.015000	1	64549	0.984940	0.984940	0.000000	0.000000
256	9700	1341	0.015000	1	64549	0.984940	0.984940	0.000000	0.000000
256	9700	1342	0.015000	1	64549	0.984940	0.984940	0.000000	0.000000
256	9700	1343	0.015000	1	64549	0.984940	0.984940	0.000000	0.000000
256	9700	1344	0.015000	1	64549	0.984940	0.984940	0.000000	0.000000
256	9700	1345	0.015000	1	64549	0.984940	0.984940	0.000000	0.000000
256	9700	1346	0.015000	1	64549	0.984940	0.984940	0.000000	0.000000
256	9700	1347	0.015000	1	64549	0.984940	0.984940	0.000000	0.000000
256	9700	1348	0.015000	1	64549	0.984940	0.984940	0.000000	0.000000
256	9700	1349	0.015000	1	64549	0.984940	0.984940	0.000000	0.000000
256	9700	1350	0.015000	1	64549	0.984940	0.984940	0.000000	0.000000
256	9700	1351	0.015000	1	64549	0.984940	0.984940	0.000000	0.000000
256	9700	1352	0.015000	1	64549	0.984940	0.984940	0.000000	0.000000
256	9700	1353	0.015000	1	64549	0.984940	0.984940	0.000000	0.000000
256	9700	1354	0.015000	1	64548	0.984924	0.984924	0.000000	0.000000
256	9700	1355	0.015000	1	64549	0.984940	0.984940	0.000000	0.000000
256	9700	1356	0.015000	1	64549	0.984940	0.984940	0.000000	0.000000
256	9700	1357	0.015000	1	64549	0.984940	0.984940	0.000000	0.000000
256	9700	1358	0.015000	1	64549	0.984940	0.984940	0.000000	0.000000
256	9700	1359	0.015000	1	64549	0.984940	0.984940	0.000000	0.000000
256	9700	1360	0.015000	1	64549	0.984940	0.984940	0.000000	0.000000
256	9700	1361	0.015000	1	64549	0.984940	0.984940	0.000000	0.000000
256	9700	1362	0.015000	1	64549	0.984940	0.984940	0.000000	0.000000
256	9700	1363	0.015000	1	64549	0.984940	0.984940	0.000000	0.000000
256	9700	1364	0.015000	1	64549	0.984940	0.984940	0.000000	0.000000
256	9700	1365	0.015000	1	64549	0.984940	0.984940	0.000000	0.000000
256	9700	1366	0.015000	1	64549	0.984940	0.984940	0.000000	0.000000
256	9700	1367	0.015000	1	64549	0.984940	0.984940	0.000000	0.000000
256	9700	1368	0.015000	1	64549	0.984940	0.984940	0.000000	0.000000
256	9700	1369	0.015000	1	64549	0.984940	0.984940	0.000000	0.000000
256	9700	1370	0.015000	1	64549	0.984940	0.984940	0.000000	0.000000
256	9700	1371	0.015000	1	64549	0.984940	0.984940	0.000000	0.000000
256	9700	1372	0.015000	1	64549	0.984940	0.984940	0.000000	0.000000
256	9700	1373	0.015000	1	64549	0.984940	0.984940	0.000000	0.000000
256	9700	1374	0.015000	51	60455	0.922470	0.925323	0.000412	2.501577
256	9700	1375	0.015000	1	64549	0.984940	0.984940	0.000000	0.000000
256	9700	1376	0.015000	1	64549	0.984940	0.984940	0.000000	0.000000
256	9700	1377	0.015000	1	64549	0.984940	0.984940	0.000000	0.000000
256	9700	1378	0.015000	1	64549	0.984940	0.984940	0.000000	0.000000
256	9700	1379	0.015000	18	62728	0.957153	0.958130	0.000214	2.050386
256	9700	1380	0.015000	1	64549	0.984940	0.984940	0.000000	0.000000
256	9700	1381	0.015000	1	64549	0.984940	0.984940	0.000000	0.000000
256	9700	1382	0.015000	1	64549	0.984940	0.984940	0.000000	0.000000
256	9700	1383	0.015000	1	64549	0.984940	0.984940	0.000000	0.000000
256	9700	1384	0.015000	1	64549	0.984940	0.984940	0.000000	0.000000
256	9700	1385	0.015000	1	64549	0.984940	0.984940	0.000000	0.000000
256	9700	1386	0.015000	1	64549	0.984940	0.984940	0.000000	0.000000
256	9700	1387	0.015000	1	64549	0.984940	0.984940	0.000000	0.000000
256	9700	1388	0.015000	1	64549	0.984940	0.984940	0.000000	0.000000
256	9700	1389	0.015000	1	64549	0.984940	0.984940	0.000000	0.000000
256	9700	1390	0.015000	1	64549	0.984940	0.984940	0.000000	0.000000
256	9700	1391	0.015000	1	64549	0.984940	0.984940	0.000000	0.000000
256	9700	1392	0.015000	1	64548	0.984924	0.984924	0.000000	0.000000
256	9700	1393	0.015000	1	64549	0.984940	0.984940	0.000000	0.000000
256	9700	1394	0.015000	1	64549	0.984940	0.984940	0.000000	0.000000
256	9700	1395	0.015000	1	64549	0.984940	0.984940	0.000000	0.000000
256	9700	1396	0.015000	1	64549	0.984940	0.984940	0.000000	0.000000
256	9700	1397	0.015000	1	64549	0.984940	0.984940	0.000000	0.000000
256	9700	1398	0.015000	1	64549	0.984940	0.984940	0.000000	0.000000
256	9700	1399	0.015000	1	64549	0.984940	0.984940	0.000000	0.000000
256	9700	1400	0.015000	1	64549	0.984940	0.984940	0.000000	0.000000
256	9700	1401	0.015000	1	64549	0.984940	0.984940	0.000000	0.000000
256	9700	1402	0.015000	1	64549	0.984940	0.984940	0.000000	0.000000
256	9700	1403	0.015000	1	64549	0.984940	0.984940	0.000000	0.000000
256	9700	1404	0.015000	1	64549	0.984940	0.984940	0.000000	0.000000
256	9700	1405	0.015000	1	64549	0.984940	0.984940	0.000000	0.000000
256	9700	1406	0.015000	1	64549	0.984940	0.984940	0.000000	0.000000
256	9700	1407	0.015000	1	64549	0.984940	0.984940	0.000000	0.000000
256	9700	1408	0.015000	1	64549	0.984940	0.984940	0.000000	0.000000
256	9700	1409	0.015000	1	64549	0.984940	0.984940	0.000000	0.000000
256	9700	1410	0.015000	1	64549	0.984940	0.984940	0.000000	0.000000
256	9700	1411	0.015000	1	64549	0.984940	0.984940	0.000000	0.000000
256	9700	1412	0.015000	1	64549	0.984940	0.984940	0.000000	0.000000
256	9700	1413	0.015000	1	64549	0.984940	0.984940	0.000000	0.000000
256	9700	1414	0.015000	1	64549	0.984940	0.984940	0.000000	0.000000
256	9700	1415	0.015000	1	64549	0.984940	0.984940	0.000000	0.000000
256	9700	1416	0.015000	1	64549	0.984940	0.984940	0.000000	0.000000
256	9700	1417	0.015000	1	64549	0.984940	0.984940	0.000000	0.000000
256	9700	1418	0.015000	1	64549	0.984940	0.984940	0.000000	0.000000
256	9700	1419	0.015000	1	64549	0.984940	0.984940	0.000000	0.000000
256	9700	1420	0.015000	1	64549	0.984940	0.984940	0.000000	0.000000
256	9700	1421	0.015000	1	64549	0.984940	0.984940	0.000000	0.000000
256	9700	1422	0.015000	1	64549	0.984940	0.984940	0.000000	0.000000
256	9700	1423	0.015000	1	64549	0.984940	0.984940	0.000000	0.000000
256	9700	1424	0.015000	1	64547	0.984909	0.984909	0.000000	0.000000
256	9700	1425	0.015000	1	64549	0.984940	0.984940	0.000000	0.000000
256	9700	1426	0.015000	1	64549	0.984940	0.984940	0.000000	0.000000
256	9700	1427	0.015000	1	64549	0.984940	0.984940	0.000000	0.000000
256	9700	1428	0.015000	1	64549	0.984940	0.984940	0.000000	0.000000
256	9700	1429	0.015000	1	64549	0.984940	0.984940	0.000000	0.000000
256	9700	1430	0.015000	1	64549	0.984940	0.984940	0.000000	0.000000
256	9700	1431	0.015000	1	64549	0.984940	0.984940	0.000000	0.000000
256	9700	1432	0.015000	1	64549	0.984940	0.984940	0.000000	0.000000
256	9700	1433	0.015000	1	64549	0.984940	0.984940	0.000000	0.000000
256	9700	1434	0.015000	1	64549	0.984940	0.984940	0.000000	0.000000
256	9700	1435	0.015000	1	64549	0.984940	0.984940	0.000000	0.000000
256	9700	1436	0.015000	1	64549	0.984940	0.984940	0.000000	0.000000
256	9700	1437	0.015000	1	64549	0.984940	0.984940	0.000000	0.000000
256	9700	1438	0.015000	1	64549	0.984940	0.984940	0.000000	0.000000
256	9700	1439	0.015000	1	64549	0.984940	0.984940	0.000000	0.000000
256	9700	1440	0.015000	1	64549	0.984940	0.984940	0.000000	0.000000
256	9700	1441	0.015000	1	64549	0.984940	0.984940	0.000000	0.000000
256	9700	1442	0.015000	1	64549	0.984940	0.984940	0.000000	0.000000
256	9700	1443	0.015000	1	64549	0.984940	0.984940	0.000000	0.000000
256	9700	1444	0.015000	1	64549	0.984940	0.984940	0.000000	0.000000
256	9700	1445	0.015000	1	64549	0.984940	0.984940	0.000000	0.000000
256	9700	1446	0.015000	1	64549	0.984940	0.984940	0.000000	0.000000
256	9700	1447	0.015000	1	64549	0.984940	0.984940	0.000000	0.000000
256	9700	1448	0.015000	1	64549	0.984940	0.984940	0.000000	0.000000
256	9700	1449	0.015000	1	64549	0.984940	0.984940	0.000000	0.000000
256	9700	1450	0.015000	1	64549	0.984940	0.984940	0.000000	0.000000
256	9700	1451	0.015000	1	64549	0.984940	0.984940	0.000000	0.000000
256	9700	1452	0.015000	1	64525	0.984573	0.984573	0.000000	0.000000
256	9700	1453	0.015000	1	64549	0.984940	0.984940	0.000000	0.000000
256	9700	1454	0.015000	1	64512	0.984375	0.984375	0.000000	0.000000
256	9700	1455	0.015000	1	64468	0.983704	0.983704	0.000000	0.000000
256	9700	1456	0.015000	1	64549	0.984940	0.984940	0.000000	0.000000
256	9700	1457	0.015000	1	64549	0.984940	0.984940	0.000000	0.000000
256	9700	1458	0.015000	1	64549	0.984940	0.984940	0.000000	0.000000
256	9700	1459	0.015000	1	64549	0.984940	0.984940	0.000000	0.000000
256	9700	1460	0.015000	1	64549	0.984940	0.984940	0.000000	0.000000
256	9700	1461	0.015000	1	64549	0.984940	0.984940	0.000000	0.000000
256	9700	1462	0.015000	1	64549	0.984940	0.984940	0.000000	0.000000
256	9700	1463	0.015000	1	64549	0.984940	0.984940	0.000000	0.000000
256	9700	1464	0.015000	1	64549	0.984940	0.984940	0.000000	0.000000
256	9700	1465	0.015000	1	64548	0.984924	0.984924	0.000000	0.000000
256	9700	1466	0.015000	1	64549	0.984940	0.984940	0.000000	0.000000
256	9700	1467	0.015000	1	64549	0.984940	0.984940	0.000000	0.000000
256	9700	1468	0.015000	1	64549	0.984940	0.984940	0.000000	0.000000
256	9700	1469	0.015000	1	64549	0.984940	0.984940	0.000000	0.000000
256	9700	1470	0.015000	1	64549	0.984940	0.984940	0.000000	0.000000
256	9700	1471	0.015000	1	64549	0.984940	0.984940	0.000000	0.000000
256	9700	1472	0.015000	1	64549	0.984940	0.984940	0.000000	0.000000
256	9700	1473	0.015000	1	64549	0.984940	0.984940	0.000000	0.000000
256	9700	1474	0.015000	1	64549	0.984940	0.984940	0.000000	0.000000
256	9700	1475	0.015000	1	64549	0.984940	0.984940	0.000000	0.000000
256	9700	1476	0.015000	1	64549	0.984940	0.984940	0.000000	0.000000
256	9700	1477	0.015000	1	64549	0.984940	0.984940	0.000000	0.000000
256	9700	1478	0.015000	1	64549	0.984940	0.984940	0.000000	0.000000
256	9700	1479	0.015000	1	64549	0.984940	0.984940	0.000000	0.000000
256	9700	1480	0.015000	1	64549	0.984940	0.984940	0.000000	0.000000
256	9700	1481	0.015000	1	64549	0.984940	0.984940	0.000000	0.000000
256	9700	1482	0.015000	1	64549	0.984940	0.984940	0.000000	0.000000
256	9700	1483	0.015000	1	64549	0.984940	0.984940	0.000000	0.000000
256	9700	1484	0.015000	3	64023	0.976913	0.976944	0.000015	0.000000
256	9700	1485	0.015000	1	64549	0.984940	0.984940	0.000000	0.000000
256	9700	1486	0.015000	1	64549	0.984940	0.984940	0.000000	0.000000
256	9700	1487	0.015000	1	64549	0.984940	0.984940	0.000000	0.000000
256	9700	1488	0.015000	1	64549	0.984940	0.984940	0.000000	0.000000
256	9700	1489	0.015000	1	64549	0.984940	0.984940	0.000000	0.000000
256	9700	1490	0.015000	1	64549	0.984940	0.984940	0.000000	0.000000
256	9700	1491	0.015000	1	64549	0.984940	0.984940	0.000000	0.000000
256	9700	1492	0.015000	1	64549	0.984940	0.984940	0.000000	0.000000
256	9700	1493	0.015000	1	64549	0.984940	0.984940	0.000000	0.000000
256	9700	1494	0.015000	1	64549	0.984940	0.984940	0.000000	0.000000
256	9700	1495	0.015000	1	64549	0.984940	0.984940	0.000000	0.000000
256	9700	1496	0.015000	1	64549	0.984940	0.984940	0.000000	0.000000
256	9700	1497	0.015000	1	64549	0.984940	0.984940	0.000000	0.000000
256	9700	1498	0.015000	1	64549	0.984940	0.984940	0.000000	0.000000
256	9700	1499	0.015000	1	64549	0.984940	0.984940	0.000000	0.000000
256	9700	1500	0.015000	1	64549	0.984940	0.984940	0.000000	0.000000
256	9700	1501	0.015000	1	64549	0.984940	0.984940	0.000000	0.000000
256	9700	1502	0.015000	1	64549	0.984940	0.984940	0.000000	0.000000
256	9700	1503	0.015000	1	64549	0.984940	0.984940	0.000000	0.000000
256	9700	1504	0.015000	1	64549	0.984940	0.984940	0.000000	0.000000
256	9700	1505	0.015000	1	64549	0.984940	0.984940	0.000000	0.000000
256	9700	1506	0.015000	1	64549	0.984940	0.984940	0.000000	0.000000
256	9700	1507	0.015000	1	64549	0.984940	0.984940	0.000000	0.000000
256	9700	1508	0.015000	1	64549	0.984940	0.984940	0.000000	0.000000
256	9700	1509	0.015000	1	64549	0.984940	0.984940	0.000000	0.000000
256	9700	1510	0.015000	1	64549	0.984940	0.984940	0.000000	0.000000
256	9700	1511	0.015000	1	64549	0.984940	0.984940	0.000000	0.000000
256	9700	1512	0.015000	1	64549	0.984940	0.984940	0.000000	0.000000
256	9700	1513	0.015000	1	64549	0.984940	0.984940	0.000000	0.000000
256	9700	1514	0.015000	1	64549	0.984940	0.984940	0.000000	0.000000
256	9700	1515	0.015000	1	64549	0.984940	0.984940	0.000000	0.000000
256	9700	1516	0.015000	1	64549	0.984940	0.984940	0.000000	0.000000
256	9700	1517	0.015000	1	64549	0.984940	0.984940	0.000000	0.000000
256	9700	1518	0.015000	1	64549	0.984940	0.984940	0.000000	0.000000
256	9700	1519	0.015000	1	64549	0.984940	0.984940	0.000000	0.000000
256	9700	1520	0.015000	1	64549	0.984940	0.984940	0.000000	0.000000
256	9700	1521	0.015000	1	64549	0.984940	0.984940	0.000000	0.000000
256	9700	1522	0.015000	1	64549	0.984940	0.984940	0.000000	0.000000
256	9700	1523	0.015000	1	64549	0.984940	0.984940	0.000000	0.000000
256	9700	1524	0.015000	1	64549	0.984940	0.984940	0.000000	0.000000
256	9700	1525	0.015000	1	64549	0.984940	0.984940	0.000000	0.000000
256	9700	1526	0.015000	1	64549	0.984940	0.984940	0.000000	0.000000
256	9700	1527	0.015000	1	64549	0.984940	0.984940	0.000000	0.000000
256	9700	1528	0.015000	1	64543	0.984848	0.984848	0.000000	0.000000
256	9700	1529	0.015000	1	64549	0.984940	0.984940	0.000000	0.000000
256	9700	1530	0.015000	1	64549	0.984940	0.984940	0.000000	0.000000
256	9700	1531	0.015000	1	64549	0.984940	0.984940	0.000000	0.000000
256	9700	1532	0.015000	1	64549	0.984940	0.984940	0.000000	0.000000
256	9700	1533	0.015000	1	64549	0.984940	0.984940	0.000000	0.000000
256	9700	1534	0.015000	1	64549	0.984940	0.984940	0.000000	0.000000
256	9700	1535	0.015000	1	64549	0.984940	0.984940	0.000000	0.000000
256	9700	1536	0.015000	1	64549	0.984940	0.984940	0.000000	0.000000
256	9700	1537	0.015000	1	64549	0.984940	0.984940	0.000000	0.000000
256	9700	1538	0.015000	1	64549	0.984940	0.984940	0.000000	0.000000
256	9700	1539	0.015000	1	64549	0.984940	0.984940	0.000000	0.000000
256	9700	1540	0.015000	1	64549	0.984940	0.984940	0.000000	0.000000
256	9700	1541	0.015000	1	64549	0.984940	0.984940	0.000000	0.000000
256	9700	1542	0.015000	1	64549	0.984940	0.984940	0.000000	0.000000
256	9700	1543	0.015000	1	64546	0.984894	0.984894	0.000000	0.000000
256	9700	1544	0.015000	1	64549	0.984940	0.984940	0.000000	0.000000
256	9700	1545	0.015000	1	64549	0.984940	0.984940	0.000000	0.000000
256	9700	1546	0.015000	1	64549	0.984940	0.984940	0.000000	0.000000
256	9700	1547	0.015000	1	64549	0.984940	0.984940	0.000000	0.000000
256	9700	1548	0.015000	1	64549	0.984940	0.984940	0.000000	0.000000
256	9700	1549	0.015000	1	64549	0.984940	0.984940	0.000000	0.000000
256	9700	1550	0.015000	1	64549	0.984940	0.984940	0.000000	0.000000
256	9700	1551	0.015000	1	64549	0.984940	0.984940	0.000000	0.000000
256	9700	1552	0.015000	1	64549	0.984940	0.984940	0.000000	0.000000
256	9700	1553	0.015000	1	64549	0.984940	0.984940	0.000000	0.000000
256	9700	1554	0.015000	1	64549	0.984940	0.984940	0.000000	0.000000
256	9700	1555	0.015000	1	64549	0.984940	0.984940	0.000000	0.000000
256	9700	1556	0.015000	1	64549	0.984940	0.984940	0.000000	0.000000
256	9700	1557	0.015000	1	64549	0.984940	0.984940	0.000000	0.000000
256	9700	1558	0.015000	1	64549	0.984940	0.984940	0.000000	0.000000
256	9700	1559	0.015000	1	64549	0.984940	0.984940	0.000000	0.000000
256	9700	1560	0.015000	1	64549	0.984940	0.984940	0.000000	0.000000
256	9700	1561	0.015000	13	63486	0.968719	0.969177	0.000107	1.087968
256	9700	1562	0.015000	1	64548	0.984924	0.984924	0.000000	0.000000
256	9700	1563	0.015000	1	64549	0.984940	0.984940	0.000000	0.000000
256	9700	1564	0.015000	1	64549	0.984940	0.984940	0.000000	0.000000
256	9700	1565	0.015000	1	64549	0.984940	0.984940	0.000000	0.000000
256	9700	1566	0.015000	1	64549	0.984940	0.984940	0.000000	0.000000
256	9700	1567	0.015000	1	64547	0.984909	0.984909	0.000000	0.000000
256	9700	1568	0.015000	1	64549	0.984940	0.984940	0.000000	0.000000
256	9700	1569	0.015000	1	64549	0.984940	0.984940	0.000000	0.000000
256	9700	1570	0.015000	6	64158	0.978973	0.979172	0.000076	0.979796
256	9700	1571	0.015000	1	64549	0.984940	0.984940	0.000000	0.000000
256	9700	1572	0.015000	1	64549	0.984940	0.984940	0.000000	0.000000
256	9700	1573	0.015000	1	64549	0.984940	0.984940	0.000000	0.000000
256	9700	1574	0.015000	1	64549	0.984940	0.984940	0.000000	0.000000
256	9700	1575	0.015000	1	64549	0.984940	0.984940	0.000000	0.000000
256	9700	1576	0.015000	1	64549	0.984940	0.984940	0.000000	0.000000
256	9700	1577	0.015000	1	64549	0.984940	0.984940	0.000000	0.000000
256	9700	1578	0.015000	1	64549	0.984940	0.984940	0.000000	0.000000
256	9700	1579	0.015000	1	64549	0.984940	0.984940	0.000000	0.000000
256	9700	1580	0.015000	1	64549	0.984940	0.984940	0.000000	0.000000
