512	9600	1	0.015000	532	213212	0.813339	0.821850	0.000237	4.165851
512	9600	2	0.015000	310	231844	0.884415	0.889015	0.000149	3.897773
512	9600	3	0.015000	586	203319	0.775600	0.784542	0.000298	5.010656
512	9600	4	0.015000	109	246174	0.939079	0.940727	0.000114	3.471951
512	9600	5	0.015000	253	234771	0.895580	0.899887	0.000160	3.510593
512	9600	6	0.015000	56	253338	0.966408	0.967201	0.000080	2.467935
512	9600	7	0.015000	185	245583	0.936825	0.939922	0.000164	4.370732
512	9600	8	0.015000	114	247472	0.944031	0.945995	0.000187	3.871424
512	9600	9	0.015000	28	255152	0.973328	0.973568	0.000027	1.245400
512	9600	10	0.015000	222	242939	0.926739	0.929955	0.000191	3.885820
512	9600	11	0.015000	71	251806	0.960564	0.961369	0.000130	3.759762
512	9600	12	0.015000	259	236789	0.903278	0.907646	0.000267	4.415765
512	9600	13	0.015000	181	242697	0.925816	0.928146	0.000149	3.875614
512	9600	14	0.015000	189	241068	0.919601	0.922565	0.000126	3.171556
512	9600	15	0.015000	247	240679	0.918118	0.922070	0.000271	4.310918
512	9600	16	0.015000	156	245267	0.935619	0.938168	0.000183	3.428840
512	9600	17	0.015000	494	221143	0.843594	0.851330	0.000156	3.347422
512	9600	18	0.015000	365	227245	0.866871	0.872692	0.000156	3.294218
512	9600	19	0.015000	274	236034	0.900398	0.904865	0.000198	4.603149
512	9600	20	0.015000	263	236151	0.900845	0.905113	0.000153	3.577010
512	9600	21	0.015000	244	240703	0.918209	0.922836	0.000183	3.725557
512	9600	22	0.015000	269	232524	0.887009	0.890953	0.000141	3.277744
512	9600	23	0.015000	181	242907	0.926617	0.929565	0.000179	3.364798
512	9600	24	0.015000	213	235832	0.899628	0.902847	0.000145	3.988210
512	9600	25	0.015000	263	233761	0.891727	0.896141	0.000191	4.913532
512	9600	26	0.015000	235	240944	0.919128	0.922890	0.000183	4.052338
512	9600	27	0.015000	209	238319	0.909115	0.912842	0.000290	4.138487
512	9600	28	0.015000	286	238342	0.909203	0.913483	0.000175	3.409788
512	9600	29	0.015000	154	247109	0.942646	0.945007	0.000103	2.829397
512	9600	30	0.015000	100	248826	0.949196	0.951000	0.000126	3.085557
512	9600	31	0.015000	162	243991	0.930752	0.933514	0.000149	3.270412
512	9600	32	0.015000	276	233529	0.890842	0.895069	0.000149	3.537532
512	9600	33	0.015000	343	234546	0.894722	0.900501	0.000191	3.776136
512	9600	34	0.015000	122	249270	0.950890	0.952698	0.000099	2.902763
512	9600	35	0.015000	107	249537	0.951908	0.953091	0.000069	1.922896
512	9600	36	0.015000	40	255049	0.972935	0.973560	0.000134	3.304419
512	9600	37	0.015000	415	226254	0.863091	0.869179	0.000134	3.045237
512	9600	38	0.015000	273	233437	0.890491	0.894497	0.000153	3.332229
512	9600	39	0.015000	464	221611	0.845379	0.853344	0.000191	3.931921
512	9600	40	0.015000	362	231795	0.884228	0.890915	0.000259	4.595371
512	9600	41	0.015000	1	258234	0.985085	0.985085	0.000000	0.000000
512	9600	42	0.015000	126	246244	0.939346	0.941299	0.000160	3.206781
512	9600	43	0.015000	45	252635	0.963726	0.964077	0.000053	1.659850
512	9600	44	0.015000	34	254357	0.970295	0.970730	0.000065	2.306903
512	9600	45	0.015000	64	254244	0.969864	0.970985	0.000168	3.365325
512	9600	46	0.015000	475	228245	0.870686	0.879139	0.000225	3.948389
512	9600	47	0.015000	104	248495	0.947933	0.949444	0.000130	3.346873
512	9600	48	0.015000	269	235205	0.897236	0.901421	0.000195	4.327785
512	9600	49	0.015000	152	244291	0.931896	0.934654	0.000164	3.770742
512	9600	50	0.015000	41	254121	0.969395	0.969913	0.000069	2.170225
512	9600	51	0.015000	46	254321	0.970158	0.970581	0.000065	2.156506
512	9600	52	0.015000	458	224111	0.854916	0.862240	0.000210	3.595516
512	9600	53	0.015000	75	251977	0.961216	0.962200	0.000076	2.151162
512	9600	54	0.015000	221	242668	0.925705	0.928989	0.000141	3.186669
512	9600	55	0.015000	266	235550	0.898552	0.902969	0.000244	4.303518
512	9600	56	0.015000	34	255206	0.973534	0.973820	0.000050	1.695801
512	9600	57	0.015000	327	233565	0.890980	0.896946	0.000290	5.478474
512	9600	58	0.015000	178	247555	0.944347	0.947304	0.000214	3.996411
512	9600	59	0.015000	205	243060	0.927200	0.930267	0.000114	3.191182
512	9600	60	0.015000	131	247427	0.943859	0.945724	0.000183	3.462535
512	9600	61	0.015000	65	252847	0.964535	0.965466	0.000114	2.652462
512	9600	62	0.015000	220	243975	0.930691	0.933434	0.000099	2.727246
512	9600	63	0.015000	248	237990	0.907860	0.911667	0.000172	4.632680
512	9600	64	0.015000	149	250008	0.953705	0.955502	0.000114	2.625727
512	9600	65	0.015000	126	248028	0.946152	0.948578	0.000134	3.231225
512	9600	66	0.015000	65	253909	0.968586	0.969341	0.000088	2.884022
512	9600	67	0.015000	366	230552	0.879486	0.885437	0.000282	4.678741
512	9600	68	0.015000	124	247847	0.945461	0.947559	0.000168	3.333867
512	9600	69	0.015000	58	254846	0.972160	0.973103	0.000137	2.961690
512	9600	70	0.015000	230	239992	0.915497	0.919231	0.000240	4.569554
512	9600	71	0.015000	385	228862	0.873039	0.879032	0.000168	3.399988
512	9600	72	0.015000	119	245555	0.936718	0.938118	0.000130	3.322618
512	9600	73	0.015000	436	223594	0.852943	0.859951	0.000145	3.102139
512	9600	74	0.015000	244	242649	0.925632	0.930195	0.000206	3.632888
512	9600	75	0.015000	350	231533	0.883228	0.889042	0.000290	4.703519
512	9600	76	0.015000	206	242826	0.926308	0.929390	0.000168	3.347011
512	9600	77	0.015000	209	241834	0.922523	0.925346	0.000130	3.633395
512	9600	78	0.015000	197	242226	0.924019	0.927120	0.000141	3.271052
512	9600	79	0.015000	154	246802	0.941475	0.943642	0.000092	2.313532
512	9600	80	0.015000	315	231641	0.883640	0.887917	0.000183	3.964578
512	9600	81	0.015000	21	256510	0.978508	0.978840	0.000111	2.632912
512	9600	82	0.015000	286	234790	0.895653	0.899780	0.000210	3.952194
512	9600	83	0.015000	80	252870	0.964622	0.965675	0.000145	3.602285
512	9600	84	0.015000	77	250451	0.955395	0.956642	0.000179	3.413286
512	9600	85	0.015000	103	249051	0.950054	0.951893	0.000187	3.796357
512	9600	86	0.015000	201	243948	0.930588	0.933849	0.000149	3.719628
512	9600	87	0.015000	46	254106	0.969337	0.969948	0.000076	2.063977
512	9600	88	0.015000	254	241247	0.920284	0.924740	0.000168	3.702105
512	9600	89	0.015000	44	254156	0.969528	0.970230	0.000092	2.722718
512	9600	90	0.015000	147	248383	0.947506	0.949875	0.000187	4.555548
512	9600	4001	0.015000	114	250712	0.956390	0.958607	0.000221	5.799488
512	9600	4002	0.015000	9	256347	0.977886	0.977921	0.000008	0.500000
512	9600	4003	0.015000	195	243538	0.929024	0.931976	0.000160	3.055978
512	9600	4004	0.015000	3	257609	0.982700	0.982708	0.000004	0.000000
512	9600	4005	0.015000	358	231834	0.884377	0.890217	0.000229	4.551679
512	9600	4006	0.015000	242	237456	0.905823	0.909897	0.000191	3.625576
512	9600	4007	0.015000	241	241724	0.922104	0.926113	0.000294	4.665393
512	9600	4008	0.015000	219	241444	0.921036	0.924259	0.000130	2.821997
512	9600	4009	0.015000	273	235307	0.897625	0.902061	0.000168	4.180089
512	9600	4010	0.015000	349	234819	0.895763	0.901272	0.000183	4.985221
512	9600	4011	0.015000	140	248073	0.946323	0.948624	0.000229	4.702098
512	9600	4012	0.015000	497	223890	0.854073	0.862514	0.000183	3.982383
512	9600	4013	0.015000	159	246680	0.941010	0.943333	0.000118	2.978592
512	9600	4014	0.015000	188	241646	0.921806	0.924713	0.000214	5.030456
512	9600	4015	0.015000	416	227065	0.866184	0.872646	0.000206	4.132784
512	9600	4016	0.015000	34	255021	0.972828	0.973274	0.000076	2.817357
512	9600	4017	0.015000	314	225005	0.858326	0.863529	0.000290	4.766628
512	9600	4018	0.015000	244	235461	0.898212	0.902222	0.000172	5.656418
512	9600	4019	0.015000	141	249805	0.952930	0.954971	0.000336	5.060558
512	9600	4020	0.015000	11	256152	0.977142	0.977360	0.000084	2.187493
512	9600	4021	0.015000	37	253494	0.967003	0.967701	0.000305	4.577646
512	9600	4022	0.015000	248	241180	0.920029	0.923962	0.000214	5.135287
512	9600	4023	0.015000	148	247017	0.942295	0.944675	0.000179	3.398133
512	9600	4024	0.015000	134	245603	0.936901	0.939098	0.000164	3.033257
512	9600	4025	0.015000	6	256612	0.978897	0.978954	0.000019	0.894427
512	9600	4026	0.015000	128	247983	0.945980	0.947971	0.000168	3.882308
512	9600	4027	0.015000	74	250026	0.953773	0.954613	0.000050	1.726919
512	9600	4028	0.015000	183	241507	0.921276	0.924034	0.000137	3.384560
512	9600	4029	0.015000	155	245226	0.935463	0.937843	0.000233	3.972020
512	9600	4030	0.015000	297	237151	0.904659	0.909767	0.000221	6.047642
512	9600	4031	0.015000	286	237116	0.904526	0.908993	0.000160	3.769507
512	9600	4032	0.015000	47	253698	0.967781	0.968418	0.000092	2.195323
512	9600	4033	0.015000	141	248683	0.948650	0.950504	0.000134	3.018311
512	9600	4034	0.015000	89	249022	0.949944	0.951553	0.000145	3.546779
512	9600	4035	0.015000	470	224949	0.858112	0.866150	0.000141	3.538374
512	9600	4036	0.015000	256	230727	0.880154	0.884468	0.000164	3.508623
512	9600	4037	0.015000	289	236056	0.900482	0.904655	0.000118	2.523975
512	9600	4038	0.015000	354	232364	0.886398	0.891964	0.000225	4.419668
512	9600	4039	0.015000	99	248774	0.948997	0.950668	0.000145	3.399222
512	9600	4040	0.015000	132	247579	0.944439	0.946239	0.000263	5.245055
512	9600	4041	0.015000	321	229970	0.877266	0.882370	0.000156	4.668805
512	9600	4042	0.015000	380	230185	0.878086	0.884521	0.000164	3.070472
512	9600	4043	0.015000	110	249218	0.950691	0.952923	0.000370	5.938126
512	9600	4044	0.015000	344	235519	0.898434	0.903366	0.000179	4.208358
512	9600	4045	0.015000	168	247140	0.942764	0.945396	0.000126	3.641915
512	9600	4046	0.015000	217	241205	0.920124	0.923584	0.000214	4.486765
512	9600	4201	0.015000	91	250622	0.956047	0.957272	0.000099	2.725347
512	9600	4202	0.015000	164	244709	0.933491	0.936195	0.000145	3.159210
512	9600	4203	0.015000	213	235882	0.899818	0.903309	0.000183	4.155140
512	9600	4204	0.015000	83	252090	0.961647	0.962936	0.000229	5.053464
512	9600	4205	0.015000	83	250463	0.955441	0.956772	0.000301	4.943779
512	9600	4206	0.015000	612	216767	0.826900	0.836666	0.000256	4.271265
512	9600	4207	0.015000	274	236052	0.900467	0.905731	0.000271	5.006681
512	9600	4208	0.015000	103	250900	0.957108	0.958755	0.000141	2.980090
512	9600	4209	0.015000	230	241841	0.922550	0.926353	0.000195	3.917449
512	9600	4210	0.015000	255	235553	0.898563	0.902786	0.000328	5.999741
512	9600	4211	0.015000	344	235759	0.899349	0.904648	0.000141	3.051063
512	9600	4212	0.015000	312	230850	0.880623	0.885777	0.000202	4.423633
512	9600	4213	0.015000	456	222316	0.848068	0.855610	0.000267	5.961406
512	9600	4214	0.015000	63	252966	0.964989	0.965843	0.000095	2.587354
512	9600	4215	0.015000	29	255520	0.974731	0.974998	0.000046	1.846543
512	9600	4216	0.015000	79	250988	0.957443	0.958458	0.000214	5.446633
512	9600	4217	0.015000	122	248849	0.949284	0.951328	0.000217	4.238794
512	9600	4218	0.015000	321	233676	0.891403	0.896255	0.000202	4.351665
512	9600	4219	0.015000	546	212087	0.809048	0.816841	0.000149	3.943386
512	9600	4220	0.015000	1	258184	0.984894	0.984894	0.000000	0.000000
512	9600	4221	0.015000	282	229544	0.875641	0.880318	0.000187	3.683433
512	9600	4222	0.015000	480	215910	0.823631	0.831966	0.000244	3.924053
512	9600	4223	0.015000	176	245531	0.936626	0.939556	0.000202	4.223719
512	9600	4224	0.015000	199	245350	0.935936	0.939308	0.000145	3.993156
512	9600	4225	0.015000	111	248001	0.946049	0.947815	0.000141	3.784749
512	9600	4226	0.015000	75	251044	0.957657	0.958553	0.000072	2.333663
512	9600	4227	0.015000	16	257251	0.981335	0.981529	0.000042	1.454545
512	9600	4228	0.015000	340	226145	0.862675	0.867809	0.000202	4.474364
512	9600	4229	0.015000	153	246618	0.940773	0.943127	0.000137	3.403316
512	9600	4230	0.015000	316	231394	0.882698	0.887917	0.000126	2.990957
512	9600	4231	0.015000	161	243845	0.930195	0.933090	0.000183	3.830558
512	9600	4232	0.015000	190	242638	0.925591	0.928844	0.000134	3.238291
512	9600	4233	0.015000	294	237013	0.904133	0.908325	0.000259	5.342589
512	9600	4234	0.015000	36	254241	0.969852	0.970402	0.000156	3.226526
512	9600	4235	0.015000	86	248499	0.947948	0.948917	0.000061	2.179449
512	9600	4236	0.015000	111	250464	0.955444	0.956612	0.000080	2.912169
512	9600	4237	0.015000	394	228195	0.870495	0.877026	0.000271	4.114750
512	9600	4238	0.015000	500	221907	0.846508	0.853939	0.000252	4.218031
512	9600	4239	0.015000	520	219395	0.836926	0.845516	0.000187	4.122146
512	9600	4240	0.015000	432	223747	0.853527	0.860794	0.000198	5.079217
512	9600	4241	0.015000	134	249350	0.951195	0.953426	0.000221	4.572770
512	9600	4242	0.015000	444	225427	0.859936	0.867077	0.000206	4.317834
512	9600	4243	0.015000	197	245310	0.935783	0.938629	0.000099	2.330972
512	9600	4244	0.015000	284	234144	0.893188	0.897202	0.000141	3.330142
512	9600	4245	0.015000	156	247533	0.944263	0.946964	0.000202	4.048815
512	9600	4246	0.015000	155	245675	0.937176	0.939415	0.000130	3.123884
512	9600	4247	0.015000	32	255305	0.973911	0.974293	0.000053	1.745256
512	9600	4248	0.015000	388	227299	0.867077	0.873894	0.000309	5.685504
512	9600	4249	0.015000	359	232898	0.888435	0.894169	0.000195	3.744944
512	9600	4250	0.015000	123	248472	0.947845	0.949745	0.000130	3.093832
512	9600	4251	0.015000	99	250563	0.955822	0.957088	0.000164	4.329331
512	9600	4252	0.015000	397	227199	0.866695	0.873501	0.000256	4.821843
512	9600	4253	0.015000	148	244120	0.931244	0.933578	0.000130	3.325091
512	9600	4254	0.015000	286	236218	0.901100	0.904945	0.000141	3.299955
512	9600	4255	0.015000	479	223171	0.851330	0.859394	0.000145	3.693691
512	9600	4256	0.015000	313	231679	0.883785	0.888695	0.000191	3.876390
512	9600	4257	0.015000	406	219343	0.836727	0.843674	0.000217	3.967783
512	9600	4258	0.015000	365	231383	0.882656	0.888161	0.000206	4.700093
512	9600	4259	0.015000	219	242733	0.925953	0.929340	0.000137	3.062492
512	9600	4260	0.015000	227	240955	0.919170	0.922634	0.000137	3.223060
512	9600	4261	0.015000	234	241126	0.919823	0.923328	0.000134	3.615387
512	9600	4262	0.015000	470	219763	0.838329	0.845917	0.000202	3.877806
512	9600	4263	0.015000	303	238381	0.909351	0.914162	0.000210	3.743512
512	9600	4264	0.015000	205	240820	0.918655	0.922272	0.000156	3.546244
512	9600	4265	0.015000	114	250771	0.956615	0.958294	0.000111	2.622504
512	9600	4266	0.015000	458	226002	0.862129	0.869034	0.000195	4.315062
512	9600	4267	0.015000	227	243372	0.928391	0.932518	0.000263	3.990642
512	9600	4268	0.015000	226	239877	0.915058	0.919067	0.000206	4.155334
512	9600	4269	0.015000	116	248632	0.948456	0.950283	0.000141	3.326850
512	9600	4270	0.015000	305	228737	0.872562	0.877968	0.000225	4.913037
512	9600	4271	0.015000	518	220616	0.841583	0.849552	0.000198	4.124540
512	9600	4272	0.015000	127	247567	0.944393	0.946377	0.000202	4.118484
512	9600	4273	0.015000	132	249057	0.950077	0.952194	0.000172	3.314763
512	9600	4274	0.015000	1	258116	0.984634	0.984634	0.000000	0.000000
512	9600	4275	0.015000	28	255474	0.974556	0.975071	0.000095	2.972406
512	9600	4276	0.015000	182	247990	0.946007	0.949505	0.000259	4.475955
512	9600	4277	0.015000	83	251403	0.959026	0.960545	0.000095	2.712932
512	9600	4278	0.015000	88	251798	0.960533	0.962112	0.000172	3.516592
512	9600	4279	0.015000	518	218774	0.834557	0.842987	0.000324	4.727890
512	9600	4280	0.015000	265	237387	0.905560	0.909668	0.000259	4.842837
512	9600	4281	0.015000	277	234220	0.893478	0.897881	0.000221	4.108299
512	9600	4282	0.015000	494	220801	0.842289	0.850464	0.000164	3.897691
512	9600	4283	0.015000	128	246973	0.942127	0.943821	0.000114	3.326827
512	9600	4284	0.015000	542	206248	0.786774	0.795807	0.000229	4.413741
512	9600	4285	0.015000	170	244958	0.934441	0.937206	0.000282	6.424791
512	9600	4286	0.015000	121	248842	0.949257	0.951088	0.000164	3.254485
512	9600	4287	0.015000	383	227708	0.868637	0.875160	0.000225	3.857040
512	9600	4288	0.015000	339	237802	0.907143	0.912571	0.000214	4.001833
512	9600	4289	0.015000	498	217209	0.828587	0.837257	0.000233	4.345592
512	9600	4290	0.015000	340	229018	0.873634	0.879444	0.000164	5.350152
512	9600	4291	0.015000	256	228210	0.870552	0.874653	0.000198	4.245560
512	9600	4292	0.015000	133	246645	0.940876	0.943207	0.000118	2.819584
512	9600	4293	0.015000	351	227937	0.869511	0.875366	0.000126	2.769040
512	9600	4294	0.015000	392	233921	0.892338	0.899204	0.000244	4.633386
512	9600	4295	0.015000	305	234223	0.893490	0.899132	0.000252	4.439808
512	9600	4296	0.015000	295	231268	0.882217	0.886894	0.000179	3.495324
512	9600	4297	0.015000	529	214069	0.816608	0.824734	0.000271	4.746834
512	9600	4298	0.015000	395	230140	0.877914	0.884319	0.000175	4.822805
512	9600	4299	0.015000	138	248229	0.946918	0.949059	0.000145	4.032589
512	9600	4300	0.015000	459	226837	0.865314	0.872330	0.000187	4.073257
512	9600	4301	0.015000	295	230390	0.878868	0.883350	0.000221	5.489288
512	9600	4302	0.015000	499	216778	0.826942	0.834251	0.000202	3.523809
512	9600	4303	0.015000	214	234560	0.894775	0.897873	0.000156	3.669577
512	9600	4304	0.015000	33	254353	0.970280	0.970821	0.000092	3.046674
512	9600	4305	0.015000	204	242864	0.926453	0.929958	0.000343	5.674787
512	9600	4306	0.015000	216	243491	0.928844	0.932632	0.000156	4.442775
512	9600	4307	0.015000	541	220810	0.842323	0.853062	0.000309	5.017290
512	9600	4308	0.015000	153	245933	0.938160	0.940765	0.000114	3.622307
512	9600	4309	0.015000	526	217445	0.829487	0.838058	0.000362	5.988780
512	9600	4310	0.015000	337	230410	0.878944	0.884499	0.000149	3.654543
512	9600	4311	0.015000	94	250984	0.957428	0.959373	0.000149	3.992432
512	9600	4312	0.015000	567	217523	0.829784	0.840034	0.000153	3.114783
512	9600	4313	0.015000	204	242473	0.924961	0.927898	0.000095	2.419917
512	9600	4314	0.015000	147	248301	0.947193	0.949440	0.000275	4.491676
512	9600	4315	0.015000	129	247526	0.944237	0.945900	0.000122	3.109807
512	9600	4316	0.015000	274	242908	0.926620	0.931061	0.000145	2.920578
512	9600	4317	0.015000	155	244985	0.934544	0.937424	0.000172	3.927447
512	9600	4318	0.015000	262	241344	0.920654	0.924782	0.000164	3.965781
512	9600	4319	0.015000	70	252564	0.963455	0.964375	0.000198	4.418518
512	9600	4320	0.015000	78	253293	0.966236	0.967709	0.000210	4.032922
512	9600	4321	0.015000	261	236688	0.902893	0.908112	0.000214	4.261950
512	9600	4322	0.015000	142	249512	0.951813	0.953953	0.000114	2.947881
512	9600	4323	0.015000	354	231553	0.883305	0.889519	0.000172	5.085151
512	9600	4324	0.015000	102	247880	0.945587	0.947342	0.000160	3.183183
512	9600	4325	0.015000	217	239114	0.912148	0.915264	0.000137	4.139541
512	9600	4326	0.015000	181	246933	0.941975	0.944637	0.000130	3.751009
512	9600	4327	0.015000	204	245718	0.937340	0.939838	0.000164	4.025608
512	9600	4328	0.015000	276	239955	0.915356	0.919655	0.000221	4.224701
512	9600	4329	0.015000	217	239824	0.914856	0.918133	0.000183	4.121737
512	9600	4330	0.015000	282	237593	0.906345	0.912067	0.000233	4.584130
512	9600	4331	0.015000	266	238458	0.909645	0.914532	0.000248	4.589981
512	9600	4332	0.015000	368	229194	0.874306	0.880013	0.000191	4.333174
512	9600	4333	0.015000	183	243891	0.930370	0.933067	0.000137	3.719111
512	9600	4334	0.015000	200	244025	0.930882	0.934582	0.000198	4.410978
512	9600	4335	0.015000	335	232171	0.885662	0.891129	0.000267	5.286042
512	9600	4336	0.015000	406	228871	0.873074	0.879856	0.000210	3.828989
512	9600	4337	0.015000	1	258167	0.984829	0.984829	0.000000	0.000000
512	9600	4338	0.015000	610	192628	0.734818	0.744663	0.000187	4.333937
512	9600	4339	0.015000	240	239310	0.912895	0.916618	0.000149	3.408232
512	9600	4340	0.015000	255	239593	0.913975	0.917973	0.000175	4.101155
