178	9600	4201	0.015000	1	31217	0.985261	0.985261	0.000000	0.000000
178	9600	4202	0.015000	1	31199	0.984693	0.984693	0.000000	0.000000
178	9600	4203	0.015000	1	31221	0.985387	0.985387	0.000000	0.000000
178	9600	4204	0.015000	1	31221	0.985387	0.985387	0.000000	0.000000
178	9600	4205	0.015000	1	31217	0.985261	0.985261	0.000000	0.000000
178	9600	4206	0.015000	1	31221	0.985387	0.985387	0.000000	0.000000
178	9600	4207	0.015000	1	31176	0.983967	0.983967	0.000000	0.000000
178	9600	4208	0.015000	216	18470	0.582944	0.616841	0.002367	4.322633
178	9600	4209	0.015000	40	28324	0.893953	0.899508	0.001231	3.419786
178	9600	4210	0.015000	1	31221	0.985387	0.985387	0.000000	0.000000
178	9600	4211	0.015000	84	24826	0.783550	0.795259	0.003346	7.526014
178	9600	4212	0.015000	30	28454	0.898056	0.902443	0.001452	3.975171
178	9600	4213	0.015000	1	31221	0.985387	0.985387	0.000000	0.000000
178	9600	4214	0.015000	1	31221	0.985387	0.985387	0.000000	0.000000
178	9600	4215	0.015000	1	31221	0.985387	0.985387	0.000000	0.000000
178	9600	4216	0.015000	13	29509	0.931353	0.932553	0.000284	1.295767
178	9600	4217	0.015000	1	31221	0.985387	0.985387	0.000000	0.000000
178	9600	4218	0.015000	26	28034	0.884800	0.888556	0.001073	3.693022
178	9600	4219	0.015000	103	25529	0.805738	0.821803	0.001957	4.309079
178	9600	4220	0.015000	1	30992	0.978159	0.978159	0.000000	0.000000
178	9600	4221	0.015000	16	29595	0.934068	0.935488	0.000410	1.760850
178	9600	4222	0.015000	1	31221	0.985387	0.985387	0.000000	0.000000
178	9600	4223	0.015000	27	29574	0.933405	0.936877	0.000884	2.370632
178	9600	4224	0.015000	119	22877	0.722036	0.735103	0.000947	2.782884
178	9600	4225	0.015000	1	31221	0.985387	0.985387	0.000000	0.000000
178	9600	4226	0.015000	1	31220	0.985355	0.985355	0.000000	0.000000
178	9600	4227	0.015000	50	28824	0.909734	0.914752	0.000726	2.405099
178	9600	4228	0.015000	1	31221	0.985387	0.985387	0.000000	0.000000
178	9600	4229	0.015000	1	31221	0.985387	0.985387	0.000000	0.000000
178	9600	4230	0.015000	1	31221	0.985387	0.985387	0.000000	0.000000
178	9600	4231	0.015000	1	31221	0.985387	0.985387	0.000000	0.000000
178	9600	4232	0.015000	1	31221	0.985387	0.985387	0.000000	0.000000
178	9600	4233	0.015000	1	31221	0.985387	0.985387	0.000000	0.000000
178	9600	4234	0.015000	1	31221	0.985387	0.985387	0.000000	0.000000
178	9600	4235	0.015000	1	30956	0.977023	0.977023	0.000000	0.000000
178	9600	4236	0.015000	1	31217	0.985261	0.985261	0.000000	0.000000
178	9600	4237	0.015000	51	26455	0.834964	0.843707	0.001925	4.557849
178	9600	4238	0.015000	17	29989	0.946503	0.947608	0.000316	1.691153
178	9600	4239	0.015000	1	31221	0.985387	0.985387	0.000000	0.000000
178	9600	4240	0.015000	1	31206	0.984914	0.984914	0.000000	0.000000
178	9600	4241	0.015000	1	31221	0.985387	0.985387	0.000000	0.000000
178	9600	4242	0.015000	1	30928	0.976139	0.976139	0.000000	0.000000
178	9600	4243	0.015000	1	31220	0.985355	0.985355	0.000000	0.000000
178	9600	4244	0.015000	27	29070	0.917498	0.922769	0.001010	3.359629
178	9600	4245	0.015000	1	31221	0.985387	0.985387	0.000000	0.000000
178	9600	4246	0.015000	1	31221	0.985387	0.985387	0.000000	0.000000
178	9600	4247	0.015000	9	30205	0.953320	0.954898	0.000915	1.732051
178	9600	4248	0.015000	82	25410	0.801982	0.812145	0.000852	3.134830
178	9600	4249	0.015000	4	30623	0.966513	0.966702	0.000063	0.500000
178	9600	4250	0.015000	1	31191	0.984440	0.984440	0.000000	0.000000
178	9600	4251	0.015000	1	31221	0.985387	0.985387	0.000000	0.000000
178	9600	4252	0.015000	1	31178	0.984030	0.984030	0.000000	0.000000
178	9600	4253	0.015000	81	26900	0.849009	0.855921	0.000978	2.769689
178	9600	4254	0.015000	1	31215	0.985198	0.985198	0.000000	0.000000
178	9600	4255	0.015000	1	30974	0.977591	0.977591	0.000000	0.000000
178	9600	4256	0.015000	1	31221	0.985387	0.985387	0.000000	0.000000
178	9600	4257	0.015000	1	31221	0.985387	0.985387	0.000000	0.000000
178	9600	4258	0.015000	4	30813	0.972510	0.972668	0.000095	0.666667
178	9600	4259	0.015000	6	30324	0.957076	0.957297	0.000063	0.500000
178	9600	4260	0.015000	80	22190	0.700353	0.709191	0.000505	1.744411
178	9600	4261	0.015000	1	31221	0.985387	0.985387	0.000000	0.000000
178	9600	4262	0.015000	1	31221	0.985387	0.985387	0.000000	0.000000
178	9600	4263	0.015000	1	31221	0.985387	0.985387	0.000000	0.000000
178	9600	4264	0.015000	1	31221	0.985387	0.985387	0.000000	0.000000
178	9600	4265	0.015000	1	31170	0.983777	0.983777	0.000000	0.000000
178	9600	4266	0.015000	1	31221	0.985387	0.985387	0.000000	0.000000
178	9600	4267	0.015000	1	31221	0.985387	0.985387	0.000000	0.000000
178	9600	4268	0.015000	1	31221	0.985387	0.985387	0.000000	0.000000
178	9600	4269	0.015000	1	31221	0.985387	0.985387	0.000000	0.000000
178	9600	4270	0.015000	43	28700	0.905820	0.909260	0.000347	1.420045
178	9600	4271	0.015000	234	16363	0.516444	0.548226	0.001673	3.941364
178	9600	4272	0.015000	18	29690	0.937066	0.939181	0.000379	2.025874
178	9600	4273	0.015000	1	31221	0.985387	0.985387	0.000000	0.000000
178	9600	4274	0.015000	1	31122	0.982262	0.982262	0.000000	0.000000
178	9600	4275	0.015000	2	30493	0.962410	0.962442	0.000032	0.000000
178	9600	4276	0.015000	1	31129	0.982483	0.982483	0.000000	0.000000
178	9600	4277	0.015000	12	30041	0.948144	0.949407	0.000600	2.172607
178	9600	4278	0.015000	1	31221	0.985387	0.985387	0.000000	0.000000
178	9600	4279	0.015000	16	29898	0.943631	0.945809	0.000473	1.909043
178	9600	4280	0.015000	3	30458	0.961305	0.961463	0.000126	0.829156
178	9600	4281	0.015000	1	31085	0.981095	0.981095	0.000000	0.000000
178	9600	4282	0.015000	147	22700	0.716450	0.736492	0.000884	3.325842
178	9600	4283	0.015000	1	31221	0.985387	0.985387	0.000000	0.000000
178	9600	4284	0.015000	20	29217	0.922137	0.923936	0.000284	1.547599
178	9600	4285	0.015000	1	31221	0.985387	0.985387	0.000000	0.000000
178	9600	4286	0.015000	1	31221	0.985387	0.985387	0.000000	0.000000
178	9600	4287	0.015000	1	31221	0.985387	0.985387	0.000000	0.000000
178	9600	4288	0.015000	235	15886	0.501389	0.541693	0.501389	53.279698
178	9600	4289	0.015000	41	27792	0.877162	0.883474	0.000757	2.515922
178	9600	4290	0.015000	1	31221	0.985387	0.985387	0.000000	0.000000
178	9600	4291	0.015000	13	29662	0.936182	0.936877	0.000158	1.131371
178	9600	4292	0.015000	1	31180	0.984093	0.984093	0.000000	0.000000
178	9600	4293	0.015000	1	31221	0.985387	0.985387	0.000000	0.000000
178	9600	4294	0.015000	1	31221	0.985387	0.985387	0.000000	0.000000
178	9600	4295	0.015000	1	31216	0.985229	0.985229	0.000000	0.000000
178	9600	4296	0.015000	1	31160	0.983462	0.983462	0.000000	0.000000
178	9600	4297	0.015000	140	16070	0.507196	0.525123	0.000915	3.788712
178	9600	4298	0.015000	1	31221	0.985387	0.985387	0.000000	0.000000
178	9600	4299	0.015000	1	31221	0.985387	0.985387	0.000000	0.000000
178	9600	4300	0.015000	1	31084	0.981063	0.981063	0.000000	0.000000
178	9600	4301	0.015000	1	31221	0.985387	0.985387	0.000000	0.000000
178	9600	4302	0.015000	1	31203	0.984819	0.984819	0.000000	0.000000
178	9600	4303	0.015000	39	27894	0.880381	0.886031	0.000600	2.682662
178	9600	4304	0.015000	44	27660	0.872996	0.877635	0.000473	1.977653
178	9600	4305	0.015000	2	30880	0.974624	0.974656	0.000032	0.000000
178	9600	4306	0.015000	1	31210	0.985040	0.985040	0.000000	0.000000
178	9600	4307	0.015000	1	31221	0.985387	0.985387	0.000000	0.000000
178	9600	4308	0.015000	1	31221	0.985387	0.985387	0.000000	0.000000
178	9600	4309	0.015000	79	24305	0.767106	0.776259	0.000915	3.672373
178	9600	4310	0.015000	1	31221	0.985387	0.985387	0.000000	0.000000
178	9600	4311	0.015000	24	29420	0.928544	0.932269	0.000663	2.018059
178	9600	4312	0.015000	1	31221	0.985387	0.985387	0.000000	0.000000
178	9600	4313	0.015000	1	31203	0.984819	0.984819	0.000000	0.000000
178	9600	4314	0.015000	47	28150	0.888461	0.893858	0.000473	1.906713
178	9600	4315	0.015000	1	31221	0.985387	0.985387	0.000000	0.000000
178	9600	4316	0.015000	1	31221	0.985387	0.985387	0.000000	0.000000
178	9600	4317	0.015000	1	31213	0.985134	0.985134	0.000000	0.000000
178	9600	4318	0.015000	1	31216	0.985229	0.985229	0.000000	0.000000
178	9600	4319	0.015000	115	25443	0.803024	0.817100	0.001105	3.563143
178	9600	4320	0.015000	1	31139	0.982799	0.982799	0.000000	0.000000
178	9600	4321	0.015000	152	20037	0.632401	0.654179	0.000978	3.089373
178	9600	4322	0.015000	35	29275	0.923968	0.928229	0.001326	3.430968
178	9600	4323	0.015000	50	28037	0.884895	0.891238	0.000852	2.569741
178	9600	4324	0.015000	1	31218	0.985292	0.985292	0.000000	0.000000
178	9600	4325	0.015000	57	26176	0.826158	0.832755	0.000978	2.747054
178	9600	4326	0.015000	1	31221	0.985387	0.985387	0.000000	0.000000
178	9600	4327	0.015000	1	31221	0.985387	0.985387	0.000000	0.000000
178	9600	4328	0.015000	1	31221	0.985387	0.985387	0.000000	0.000000
178	9600	4329	0.015000	1	31221	0.985387	0.985387	0.000000	0.000000
178	9600	4330	0.015000	1	31221	0.985387	0.985387	0.000000	0.000000
178	9600	4331	0.015000	7	30561	0.964556	0.964998	0.000221	1.324803
178	9600	4332	0.015000	1	31221	0.985387	0.985387	0.000000	0.000000
178	9600	4333	0.015000	1	31221	0.985387	0.985387	0.000000	0.000000
178	9600	4334	0.015000	1	31221	0.985387	0.985387	0.000000	0.000000
178	9600	4335	0.015000	50	28440	0.897614	0.901496	0.000694	3.248013
178	9600	4336	0.015000	133	22896	0.722636	0.740942	0.001452	4.140948
178	9600	4337	0.015000	121	20086	0.633948	0.649255	0.001294	3.292773
178	9600	4338	0.015000	139	23428	0.739427	0.760226	0.002556	5.067506
178	9600	4339	0.015000	133	23029	0.726834	0.750000	0.001547	3.982887
178	9600	4340	0.015000	1	31025	0.979201	0.979201	0.000000	0.000000
178	9600	4341	0.015000	1	31163	0.983556	0.983556	0.000000	0.000000
178	9600	4342	0.015000	26	28455	0.898087	0.900170	0.000284	1.498971
178	9600	4343	0.015000	1	31153	0.983241	0.983241	0.000000	0.000000
178	9600	4344	0.015000	1	31221	0.985387	0.985387	0.000000	0.000000
178	9600	4345	0.015000	251	12606	0.397866	0.438518	0.397866	48.292509
178	9600	4346	0.015000	1	31196	0.984598	0.984598	0.000000	0.000000
178	9600	4347	0.015000	1	31214	0.985166	0.985166	0.000000	0.000000
178	9600	4348	0.015000	1	31221	0.985387	0.985387	0.000000	0.000000
178	9600	4349	0.015000	1	31221	0.985387	0.985387	0.000000	0.000000
178	9600	4350	0.015000	48	26630	0.840487	0.846768	0.000600	2.219281
178	9600	4351	0.015000	1	31221	0.985387	0.985387	0.000000	0.000000
178	9600	4352	0.015000	1	31221	0.985387	0.985387	0.000000	0.000000
178	9600	4353	0.015000	38	27721	0.874921	0.880034	0.000852	2.728702
178	9600	4354	0.015000	1	31221	0.985387	0.985387	0.000000	0.000000
178	9600	4355	0.015000	130	19942	0.629403	0.646572	0.001578	4.043019
178	9600	4356	0.015000	1	31169	0.983746	0.983746	0.000000	0.000000
178	9600	4357	0.015000	1	31217	0.985261	0.985261	0.000000	0.000000
178	9600	4358	0.015000	1	31029	0.979327	0.979327	0.000000	0.000000
178	9600	4359	0.015000	1	31221	0.985387	0.985387	0.000000	0.000000
178	9600	4360	0.015000	1	31221	0.985387	0.985387	0.000000	0.000000
178	9600	4361	0.015000	16	29762	0.939338	0.941106	0.000568	1.925303
178	9600	4362	0.015000	1	31221	0.985387	0.985387	0.000000	0.000000
178	9600	4363	0.015000	1	31221	0.985387	0.985387	0.000000	0.000000
178	9600	4364	0.015000	1	31221	0.985387	0.985387	0.000000	0.000000
178	9600	4365	0.015000	11	30229	0.954078	0.954898	0.000284	1.507184
178	9600	4366	0.015000	1	31221	0.985387	0.985387	0.000000	0.000000
178	9600	4367	0.015000	1	31221	0.985387	0.985387	0.000000	0.000000
178	9600	4368	0.015000	45	27303	0.861728	0.866242	0.000852	2.762675
178	9600	4369	0.015000	1	31221	0.985387	0.985387	0.000000	0.000000
178	9600	4370	0.015000	1	31221	0.985387	0.985387	0.000000	0.000000
178	9600	4371	0.015000	2	30450	0.961053	0.961116	0.000063	0.500000
178	9600	4372	0.015000	68	25423	0.802392	0.809525	0.000631	2.235509
178	9600	4373	0.015000	1	31221	0.985387	0.985387	0.000000	0.000000
178	9600	4374	0.015000	61	25844	0.815680	0.825843	0.001641	5.975387
178	9600	4375	0.015000	1	31221	0.985387	0.985387	0.000000	0.000000
178	9600	4376	0.015000	1	30884	0.974751	0.974751	0.000000	0.000000
178	9600	4377	0.015000	1	31221	0.985387	0.985387	0.000000	0.000000
178	9600	4378	0.015000	1	31221	0.985387	0.985387	0.000000	0.000000
178	9600	4379	0.015000	1	31185	0.984251	0.984251	0.000000	0.000000
178	9600	4380	0.015000	57	27258	0.860308	0.867599	0.000600	2.269880
178	9600	4381	0.015000	1	31221	0.985387	0.985387	0.000000	0.000000
178	9600	4382	0.015000	1	31221	0.985387	0.985387	0.000000	0.000000
178	9600	4383	0.015000	212	10318	0.325653	0.350114	0.325653	54.812554
178	9600	4384	0.015000	20	28825	0.909765	0.912479	0.000663	2.248708
178	9600	4385	0.015000	47	27155	0.857057	0.863748	0.000978	3.378946
178	9600	4386	0.015000	1	31221	0.985387	0.985387	0.000000	0.000000
178	9600	4387	0.015000	1	31083	0.981031	0.981031	0.000000	0.000000
178	9600	4388	0.015000	55	27106	0.855511	0.863464	0.000821	2.886922
178	9600	4389	0.015000	1	31221	0.985387	0.985387	0.000000	0.000000
178	9600	4390	0.015000	1	31221	0.985387	0.985387	0.000000	0.000000
178	9600	4391	0.015000	184	15673	0.494666	0.519663	0.001389	4.009673
178	9600	4392	0.015000	25	28706	0.906009	0.908313	0.000694	2.398777
178	9600	4393	0.015000	1	31221	0.985387	0.985387	0.000000	0.000000
178	9600	4394	0.015000	1	31221	0.985387	0.985387	0.000000	0.000000
178	9600	4395	0.015000	35	28886	0.911690	0.917908	0.001231	3.510668
178	9600	4396	0.015000	1	31166	0.983651	0.983651	0.000000	0.000000
178	9600	4397	0.015000	29	29767	0.939496	0.941895	0.000284	1.531561
178	9600	4398	0.015000	1	31221	0.985387	0.985387	0.000000	0.000000
178	9600	4399	0.015000	1	31221	0.985387	0.985387	0.000000	0.000000
178	9600	4400	0.015000	1	31211	0.985071	0.985071	0.000000	0.000000
178	9600	4401	0.015000	1	31221	0.985387	0.985387	0.000000	0.000000
178	9600	4402	0.015000	20	29215	0.922074	0.923463	0.000158	1.131371
178	9600	4403	0.015000	129	18027	0.568962	0.584396	0.000884	3.575355
178	9600	4404	0.015000	221	6949	0.219322	0.252304	0.219322	37.601407
178	9600	4405	0.015000	1	30975	0.977623	0.977623	0.000000	0.000000
178	9600	4406	0.015000	33	28544	0.900896	0.904999	0.000663	2.148669
178	9600	4407	0.015000	1	31221	0.985387	0.985387	0.000000	0.000000
178	9600	4408	0.015000	1	31221	0.985387	0.985387	0.000000	0.000000
178	9600	4409	0.015000	1	31221	0.985387	0.985387	0.000000	0.000000
178	9600	4410	0.015000	103	22334	0.704898	0.717491	0.000694	2.602049
178	9600	4411	0.015000	1	31221	0.985387	0.985387	0.000000	0.000000
178	9600	4412	0.015000	266	12206	0.385242	0.430375	0.385242	47.131380
178	9600	4413	0.015000	140	23541	0.742993	0.763445	0.001799	4.970581
178	9600	4414	0.015000	1	31078	0.980874	0.980874	0.000000	0.000000
178	9600	4415	0.015000	80	26120	0.824391	0.833039	0.001294	4.148780
178	9600	4416	0.015000	50	27591	0.870818	0.877446	0.000694	2.460431
178	9600	4417	0.015000	1	31221	0.985387	0.985387	0.000000	0.000000
178	9600	4418	0.015000	182	7481	0.236113	0.265339	0.236113	39.440768
178	9600	4419	0.015000	1	31221	0.985387	0.985387	0.000000	0.000000
178	9600	4420	0.015000	1	31221	0.985387	0.985387	0.000000	0.000000
178	9600	4421	0.015000	255	15506	0.489395	0.529920	0.004135	7.173802
178	9600	4422	0.015000	32	28930	0.913079	0.915983	0.000631	2.299456
178	9600	4423	0.015000	1	31099	0.981536	0.981536	0.000000	0.000000
178	9600	4424	0.015000	1	31221	0.985387	0.985387	0.000000	0.000000
178	9600	4425	0.015000	65	27893	0.880350	0.888335	0.000694	2.700245
178	9600	4426	0.015000	1	31221	0.985387	0.985387	0.000000	0.000000
178	9600	4427	0.015000	1	31221	0.985387	0.985387	0.000000	0.000000
178	9600	4428	0.015000	1	31221	0.985387	0.985387	0.000000	0.000000
178	9600	4429	0.015000	1	31221	0.985387	0.985387	0.000000	0.000000
178	9600	4430	0.015000	1	31221	0.985387	0.985387	0.000000	0.000000
178	9600	4431	0.015000	93	23742	0.749337	0.761804	0.001042	3.114291
178	9600	4432	0.015000	45	27469	0.866968	0.872144	0.000537	2.175676
178	9600	4433	0.015000	139	21820	0.688676	0.708907	0.002241	5.572412
178	9600	4434	0.015000	1	31221	0.985387	0.985387	0.000000	0.000000
178	9600	4435	0.015000	33	28507	0.899729	0.907524	0.001641	4.321749
178	9600	4436	0.015000	1	31221	0.985387	0.985387	0.000000	0.000000
178	9600	4437	0.015000	1	31221	0.985387	0.985387	0.000000	0.000000
178	9600	4438	0.015000	1	31221	0.985387	0.985387	0.000000	0.000000
178	9600	4439	0.015000	1	31221	0.985387	0.985387	0.000000	0.000000
178	9600	4440	0.015000	1	31211	0.985071	0.985071	0.000000	0.000000
178	9600	4441	0.015000	1	31216	0.985229	0.985229	0.000000	0.000000
178	9600	4442	0.015000	1	31221	0.985387	0.985387	0.000000	0.000000
178	9600	4443	0.015000	86	25306	0.798700	0.810377	0.000694	2.447717
178	9600	4444	0.015000	1	31221	0.985387	0.985387	0.000000	0.000000
178	9600	4445	0.015000	161	21102	0.666014	0.693631	0.003030	6.285697
178	9600	4446	0.015000	52	25767	0.813250	0.818394	0.000505	1.934473
178	9600	4447	0.015000	1	31221	0.985387	0.985387	0.000000	0.000000
178	9600	4448	0.015000	167	20403	0.643953	0.671569	0.001452	3.699870
178	9600	4449	0.015000	30	29403	0.928008	0.931196	0.000473	2.127074
178	9600	4450	0.015000	150	17984	0.567605	0.590929	0.001326	4.072542
178	9600	4451	0.015000	1	31151	0.983178	0.983178	0.000000	0.000000
178	9600	4452	0.015000	1	31221	0.985387	0.985387	0.000000	0.000000
178	9600	4453	0.015000	1	31221	0.985387	0.985387	0.000000	0.000000
178	9600	4454	0.015000	1	31169	0.983746	0.983746	0.000000	0.000000
178	9600	4455	0.015000	4	30650	0.967365	0.967618	0.000189	1.301708
178	9600	4456	0.015000	1	31221	0.985387	0.985387	0.000000	0.000000
178	9600	4457	0.015000	95	23990	0.757164	0.771367	0.003093	5.137428
178	9600	4458	0.015000	1	31221	0.985387	0.985387	0.000000	0.000000
178	9600	4459	0.015000	15	29878	0.943000	0.944325	0.000568	2.019198
178	9600	4460	0.015000	1	31213	0.985134	0.985134	0.000000	0.000000
178	9600	4461	0.015000	1	31221	0.985387	0.985387	0.000000	0.000000
178	9600	4462	0.015000	1	31221	0.985387	0.985387	0.000000	0.000000
178	9600	4463	0.015000	1	31221	0.985387	0.985387	0.000000	0.000000
178	9600	4464	0.015000	1	31221	0.985387	0.985387	0.000000	0.000000
178	9600	4465	0.015000	42	28329	0.894111	0.898624	0.000821	2.604332
178	9600	4466	0.015000	1	31213	0.985134	0.985134	0.000000	0.000000
178	9600	4467	0.015000	48	26510	0.836700	0.840677	0.000694	2.850257
178	9600	4468	0.015000	1	31221	0.985387	0.985387	0.000000	0.000000
178	9600	4469	0.015000	147	20532	0.648024	0.665288	0.000821	2.512690
178	9600	4470	0.015000	1	31221	0.985387	0.985387	0.000000	0.000000
178	9600	4471	0.015000	1	31221	0.985387	0.985387	0.000000	0.000000
178	9600	4472	0.015000	17	29885	0.943221	0.944893	0.000442	2.046650
178	9600	4473	0.015000	1	31211	0.985071	0.985071	0.000000	0.000000
178	9600	4474	0.015000	32	28584	0.902159	0.906862	0.000789	2.548097
178	9600	4475	0.015000	148	17537	0.553497	0.569814	0.000978	3.453271
178	9600	4476	0.015000	1	31221	0.985387	0.985387	0.000000	0.000000
178	9600	4477	0.015000	1	31221	0.985387	0.985387	0.000000	0.000000
178	9600	4478	0.015000	1	31221	0.985387	0.985387	0.000000	0.000000
178	9600	4479	0.015000	1	31221	0.985387	0.985387	0.000000	0.000000
178	9600	4480	0.015000	1	31221	0.985387	0.985387	0.000000	0.000000
178	9600	4481	0.015000	1	31221	0.985387	0.985387	0.000000	0.000000
178	9600	4482	0.015000	1	31221	0.985387	0.985387	0.000000	0.000000
178	9600	4483	0.015000	1	31221	0.985387	0.985387	0.000000	0.000000
178	9600	4484	0.015000	23	29635	0.935330	0.938676	0.001073	3.425934
178	9600	4485	0.015000	8	30413	0.959885	0.960295	0.000126	0.829156
178	9600	4486	0.015000	164	20474	0.646194	0.669581	0.001262	3.529784
178	9600	4487	0.015000	1	31221	0.985387	0.985387	0.000000	0.000000
178	9600	4488	0.015000	1	31221	0.985387	0.985387	0.000000	0.000000
178	9600	4489	0.015000	1	31221	0.985387	0.985387	0.000000	0.000000
178	9600	4490	0.015000	1	31221	0.985387	0.985387	0.000000	0.000000
178	9600	4491	0.015000	1	31221	0.985387	0.985387	0.000000	0.000000
178	9600	4492	0.015000	6	30386	0.959033	0.959317	0.000063	0.500000
178	9600	4493	0.015000	25	29623	0.934951	0.939812	0.002399	4.506382
178	9600	4494	0.015000	1	31221	0.985387	0.985387	0.000000	0.000000
178	9600	4495	0.015000	6	30611	0.966134	0.966450	0.000158	1.058301
178	9600	4496	0.015000	1	31221	0.985387	0.985387	0.000000	0.000000
178	9600	4497	0.015000	1	31213	0.985134	0.985134	0.000000	0.000000
178	9600	4498	0.015000	1	31221	0.985387	0.985387	0.000000	0.000000
178	9600	4499	0.015000	1	31221	0.985387	0.985387	0.000000	0.000000
178	9600	4500	0.015000	1	31221	0.985387	0.985387	0.000000	0.000000
178	9600	4501	0.015000	27	29311	0.925104	0.928008	0.000347	1.666391
178	9600	4502	0.015000	1	31221	0.985387	0.985387	0.000000	0.000000
178	9600	4503	0.015000	180	15469	0.488227	0.511867	0.001957	4.080645
178	9600	4504	0.015000	1	31218	0.985292	0.985292	0.000000	0.000000
178	9600	4505	0.015000	48	27905	0.880728	0.886157	0.000978	3.121541
178	9600	4506	0.015000	1	31215	0.985198	0.985198	0.000000	0.000000
178	9600	4507	0.015000	53	27167	0.857436	0.863275	0.000663	2.487155
178	9600	4508	0.015000	1	31221	0.985387	0.985387	0.000000	0.000000
178	9600	4509	0.015000	1	31221	0.985387	0.985387	0.000000	0.000000
178	9600	4510	0.015000	127	21120	0.666583	0.687003	0.001483	4.259891
178	9600	4511	0.015000	1	31221	0.985387	0.985387	0.000000	0.000000
178	9600	4512	0.015000	87	24911	0.786233	0.797058	0.001168	3.115502
178	9600	4513	0.015000	1	31209	0.985008	0.985008	0.000000	0.000000
178	9600	4514	0.015000	1	31221	0.985387	0.985387	0.000000	0.000000
178	9600	4515	0.015000	1	31221	0.985387	0.985387	0.000000	0.000000
178	9600	4516	0.015000	1	31221	0.985387	0.985387	0.000000	0.000000
178	9600	4517	0.015000	1	31221	0.985387	0.985387	0.000000	0.000000
178	9600	4518	0.015000	8	29700	0.937382	0.937666	0.000063	0.500000
178	9600	4519	0.015000	1	30943	0.976613	0.976613	0.000000	0.000000
178	9600	4520	0.015000	37	27968	0.882717	0.888272	0.000757	2.216964
178	9600	4521	0.015000	1	31207	0.984945	0.984945	0.000000	0.000000
178	9600	4522	0.015000	1	31221	0.985387	0.985387	0.000000	0.000000
178	9600	4523	0.015000	1	31221	0.985387	0.985387	0.000000	0.000000
178	9600	4524	0.015000	5	30419	0.960074	0.960201	0.000032	0.000000
178	9600	4525	0.015000	1	31221	0.985387	0.985387	0.000000	0.000000
178	9600	4526	0.015000	1	31221	0.985387	0.985387	0.000000	0.000000
178	9600	4527	0.015000	1	31221	0.985387	0.985387	0.000000	0.000000
178	9600	4528	0.015000	1	31214	0.985166	0.985166	0.000000	0.000000
178	9600	4529	0.015000	9	30145	0.951427	0.951932	0.000221	1.385051
178	9600	4530	0.015000	62	25513	0.805233	0.813502	0.001294	4.276856
178	9600	4531	0.015000	1	31180	0.984093	0.984093	0.000000	0.000000
178	9600	4532	0.015000	1	31221	0.985387	0.985387	0.000000	0.000000
178	9600	4533	0.015000	1	31221	0.985387	0.985387	0.000000	0.000000
178	9600	4534	0.015000	172	20872	0.658755	0.683563	0.001199	3.404515
178	9600	4535	0.015000	1	31221	0.985387	0.985387	0.000000	0.000000
178	9600	4536	0.015000	1	31221	0.985387	0.985387	0.000000	0.000000
178	9600	4537	0.015000	1	31221	0.985387	0.985387	0.000000	0.000000
178	9600	4538	0.015000	1	31221	0.985387	0.985387	0.000000	0.000000
178	9600	4539	0.015000	40	27777	0.876689	0.881707	0.001452	4.151889
178	9600	4540	0.015000	1	31131	0.982546	0.982546	0.000000	0.000000
178	9600	4541	0.015000	11	30072	0.949123	0.950448	0.000537	2.515007
178	9600	4542	0.015000	1	31221	0.985387	0.985387	0.000000	0.000000
178	9600	4543	0.015000	45	27764	0.876278	0.879876	0.000631	3.104432
178	9600	4544	0.015000	38	27685	0.873785	0.878014	0.000537	1.991331
178	9600	4545	0.015000	1	31221	0.985387	0.985387	0.000000	0.000000
178	9600	4546	0.015000	1	31221	0.985387	0.985387	0.000000	0.000000
178	9600	4547	0.015000	1	31221	0.985387	0.985387	0.000000	0.000000
178	9600	4548	0.015000	1	31150	0.983146	0.983146	0.000000	0.000000
178	9600	4549	0.015000	1	31221	0.985387	0.985387	0.000000	0.000000
178	9600	4550	0.015000	1	31221	0.985387	0.985387	0.000000	0.000000
178	9600	4551	0.015000	1	31221	0.985387	0.985387	0.000000	0.000000
178	9600	4552	0.015000	1	31183	0.984188	0.984188	0.000000	0.000000
178	9600	4553	0.015000	1	31221	0.985387	0.985387	0.000000	0.000000
178	9600	4554	0.015000	1	31221	0.985387	0.985387	0.000000	0.000000
178	9600	4555	0.015000	1	31221	0.985387	0.985387	0.000000	0.000000
178	9600	4556	0.015000	39	27447	0.866273	0.872175	0.001231	3.013230
178	9600	4557	0.015000	1	31221	0.985387	0.985387	0.000000	0.000000
178	9600	4558	0.015000	1	31221	0.985387	0.985387	0.000000	0.000000
178	9600	4559	0.015000	6	30478	0.961937	0.962442	0.000284	1.555556
178	9600	4560	0.015000	1	31221	0.985387	0.985387	0.000000	0.000000
178	9600	4561	0.015000	1	31221	0.985387	0.985387	0.000000	0.000000
178	9600	4562	0.015000	1	31221	0.985387	0.985387	0.000000	0.000000
178	9600	4563	0.015000	1	31217	0.985261	0.985261	0.000000	0.000000
178	9600	4564	0.015000	1	31221	0.985387	0.985387	0.000000	0.000000
178	9600	4565	0.015000	125	22230	0.701616	0.720521	0.001420	3.574256
178	9600	4566	0.015000	1	31221	0.985387	0.985387	0.000000	0.000000
178	9600	4567	0.015000	98	24793	0.782509	0.797658	0.001704	3.926101
178	9600	4568	0.015000	1	31221	0.985387	0.985387	0.000000	0.000000
178	9600	4569	0.015000	37	29584	0.933720	0.937824	0.001641	1.493789
178	9600	4570	0.015000	216	18071	0.570351	0.601565	0.002209	4.575467
178	9600	4571	0.015000	1	31221	0.985387	0.985387	0.000000	0.000000
178	9600	4572	0.015000	141	24318	0.767517	0.795638	0.004513	6.901506
178	9600	4573	0.015000	1	31221	0.985387	0.985387	0.000000	0.000000
178	9600	4574	0.015000	1	31221	0.985387	0.985387	0.000000	0.000000
178	9600	4575	0.015000	1	31157	0.983367	0.983367	0.000000	0.000000
178	9600	4576	0.015000	151	14875	0.469480	0.492457	0.001831	3.844325
178	9600	4577	0.015000	1	31221	0.985387	0.985387	0.000000	0.000000
178	9600	4578	0.015000	59	26829	0.846768	0.852355	0.000852	2.786899
178	9600	4579	0.015000	1	31210	0.985040	0.985040	0.000000	0.000000
178	9600	4580	0.015000	1	31221	0.985387	0.985387	0.000000	0.000000
178	9600	4581	0.015000	1	31221	0.985387	0.985387	0.000000	0.000000
178	9600	4582	0.015000	1	31221	0.985387	0.985387	0.000000	0.000000
178	9600	4583	0.015000	1	31159	0.983430	0.983430	0.000000	0.000000
178	9600	4584	0.015000	61	26749	0.844243	0.851250	0.000852	2.529931
178	9600	4585	0.015000	1	31221	0.985387	0.985387	0.000000	0.000000
178	9600	4586	0.015000	1	31220	0.985355	0.985355	0.000000	0.000000
178	9600	4587	0.015000	82	24698	0.779510	0.789862	0.000789	3.281463
178	9600	4588	0.015000	66	27103	0.855416	0.866115	0.001168	3.736187
178	9600	4589	0.015000	1	31221	0.985387	0.985387	0.000000	0.000000
178	9600	4590	0.015000	32	29342	0.926083	0.929460	0.000852	2.676422
178	9600	4591	0.015000	21	29586	0.933784	0.936529	0.001073	3.077573
178	9600	4592	0.015000	1	31221	0.985387	0.985387	0.000000	0.000000
178	9600	4593	0.015000	1	31221	0.985387	0.985387	0.000000	0.000000
178	9600	4594	0.015000	1	31221	0.985387	0.985387	0.000000	0.000000
178	9600	4595	0.015000	230	3790	0.119619	0.150139	0.119619	33.944184
178	9600	4596	0.015000	1	31221	0.985387	0.985387	0.000000	0.000000
178	9600	4597	0.015000	1	31221	0.985387	0.985387	0.000000	0.000000
178	9600	4598	0.015000	1	31221	0.985387	0.985387	0.000000	0.000000
178	9600	4599	0.015000	1	31221	0.985387	0.985387	0.000000	0.000000
178	9600	4600	0.015000	1	31221	0.985387	0.985387	0.000000	0.000000
178	9600	4601	0.015000	1	31221	0.985387	0.985387	0.000000	0.000000
178	9600	4602	0.015000	1	31221	0.985387	0.985387	0.000000	0.000000
178	9600	4603	0.015000	1	31221	0.985387	0.985387	0.000000	0.000000
178	9600	4604	0.015000	1	31221	0.985387	0.985387	0.000000	0.000000
178	9600	4605	0.015000	5	30526	0.963452	0.963641	0.000063	0.500000
178	9600	4606	0.015000	1	31221	0.985387	0.985387	0.000000	0.000000
178	9600	4607	0.015000	1	31221	0.985387	0.985387	0.000000	0.000000
178	9600	4608	0.015000	1	31221	0.985387	0.985387	0.000000	0.000000
178	9600	4609	0.015000	1	31221	0.985387	0.985387	0.000000	0.000000
178	9600	4610	0.015000	1	31221	0.985387	0.985387	0.000000	0.000000
178	9600	4611	0.015000	1	31221	0.985387	0.985387	0.000000	0.000000
178	9600	4612	0.015000	9	30566	0.964714	0.965282	0.000252	1.311011
178	9600	4613	0.015000	23	29301	0.924789	0.926966	0.000410	2.000000
178	9600	4614	0.015000	1	31218	0.985292	0.985292	0.000000	0.000000
178	9600	4615	0.015000	44	28028	0.884611	0.892122	0.001136	2.757816
178	9600	4616	0.015000	1	31221	0.985387	0.985387	0.000000	0.000000
178	9600	4617	0.015000	71	26324	0.830829	0.840172	0.000884	2.598813
178	9600	4618	0.015000	103	24277	0.766223	0.783613	0.001862	4.601874
178	9600	4619	0.015000	21	29230	0.922548	0.924631	0.000379	1.905766
178	9600	4620	0.015000	1	31130	0.982515	0.982515	0.000000	0.000000
178	9600	4621	0.015000	122	21902	0.691264	0.714241	0.001704	4.127179
178	9600	4622	0.015000	34	27370	0.863843	0.868104	0.000663	2.170718
178	9600	4623	0.015000	1	31221	0.985387	0.985387	0.000000	0.000000
178	9600	4624	0.015000	1	31221	0.985387	0.985387	0.000000	0.000000
178	9600	4625	0.015000	240	9838	0.310504	0.378993	0.036138	18.415318
178	9600	4626	0.015000	1	31221	0.985387	0.985387	0.000000	0.000000
178	9600	4627	0.015000	1	31221	0.985387	0.985387	0.000000	0.000000
178	9600	4628	0.015000	1	31221	0.985387	0.985387	0.000000	0.000000
178	9600	4629	0.015000	1	31208	0.984977	0.984977	0.000000	0.000000
178	9600	4630	0.015000	1	31221	0.985387	0.985387	0.000000	0.000000
178	9600	4631	0.015000	1	31221	0.985387	0.985387	0.000000	0.000000
178	9600	4632	0.015000	244	11075	0.349546	0.381265	0.349546	46.928259
178	9600	4633	0.015000	24	29121	0.919107	0.923084	0.001767	4.039781
178	9600	4634	0.015000	1	31221	0.985387	0.985387	0.000000	0.000000
178	9600	4635	0.015000	1	31145	0.982988	0.982988	0.000000	0.000000
178	9600	4636	0.015000	18	29550	0.932647	0.934162	0.000379	1.381927
178	9600	4637	0.015000	226	12241	0.386346	0.420244	0.386346	48.572392
178	9600	4638	0.015000	34	28847	0.910460	0.914563	0.001010	2.930177
178	9600	4639	0.015000	1	31221	0.985387	0.985387	0.000000	0.000000
178	9600	4640	0.015000	1	31221	0.985387	0.985387	0.000000	0.000000
178	9600	4641	0.015000	91	25216	0.795859	0.810504	0.002052	4.241190
178	9600	4642	0.015000	1	31221	0.985387	0.985387	0.000000	0.000000
178	9600	4643	0.015000	1	31221	0.985387	0.985387	0.000000	0.000000
178	9600	4644	0.015000	12	30186	0.952721	0.953510	0.000221	1.030158
178	9600	4645	0.015000	10	30105	0.950164	0.951300	0.000284	1.457209
178	9600	4646	0.015000	1	31056	0.980179	0.980179	0.000000	0.000000
178	9600	4647	0.015000	43	27818	0.877983	0.883664	0.000726	2.335718
178	9600	4648	0.015000	1	31221	0.985387	0.985387	0.000000	0.000000
178	9600	4649	0.015000	1	31221	0.985387	0.985387	0.000000	0.000000
178	9600	4650	0.015000	5	30466	0.961558	0.961874	0.000158	1.232883
178	9600	4651	0.015000	52	26820	0.846484	0.853743	0.000978	2.867257
178	9600	4652	0.015000	19	29218	0.922169	0.923779	0.000410	1.720052
178	9600	4653	0.015000	1	31221	0.985387	0.985387	0.000000	0.000000
178	9600	4654	0.015000	53	25573	0.807127	0.811324	0.000347	1.790701
178	9600	4655	0.015000	1	31221	0.985387	0.985387	0.000000	0.000000
178	9600	4656	0.015000	91	22264	0.702689	0.713862	0.001294	3.924177
178	9600	4657	0.015000	1	31221	0.985387	0.985387	0.000000	0.000000
178	9600	4658	0.015000	48	28595	0.902506	0.907461	0.001010	2.905242
178	9600	4659	0.015000	1	31221	0.985387	0.985387	0.000000	0.000000
178	9600	4660	0.015000	1	31221	0.985387	0.985387	0.000000	0.000000
178	9600	4661	0.015000	95	23364	0.737407	0.749211	0.000947	2.609811
178	9600	4662	0.015000	1	31221	0.985387	0.985387	0.000000	0.000000
178	9600	4663	0.015000	1	31071	0.980653	0.980653	0.000000	0.000000
178	9600	4664	0.015000	38	28257	0.891838	0.895626	0.000347	1.329885
178	9600	4665	0.015000	1	31190	0.984409	0.984409	0.000000	0.000000
178	9600	4666	0.015000	95	25011	0.789389	0.801161	0.001136	3.316159
178	9600	4667	0.015000	1	31221	0.985387	0.985387	0.000000	0.000000
178	9600	4668	0.015000	64	27104	0.855448	0.862549	0.000663	2.223356
178	9600	4669	0.015000	1	31221	0.985387	0.985387	0.000000	0.000000
178	9600	4670	0.015000	1	31203	0.984819	0.984819	0.000000	0.000000
178	9600	4671	0.015000	161	21638	0.682931	0.705845	0.001199	3.528475
178	9600	4672	0.015000	1	31221	0.985387	0.985387	0.000000	0.000000
178	9600	4673	0.015000	20	29556	0.932837	0.935804	0.000757	2.342245
178	9600	4674	0.015000	1	31205	0.984882	0.984882	0.000000	0.000000
178	9600	4675	0.015000	1	31221	0.985387	0.985387	0.000000	0.000000
178	9600	4676	0.015000	83	25246	0.796806	0.807000	0.000947	3.281260
178	9600	4677	0.015000	183	22293	0.703604	0.724877	0.001736	4.858596
178	9600	4678	0.015000	1	31221	0.985387	0.985387	0.000000	0.000000
178	9600	4679	0.015000	1	31210	0.985040	0.985040	0.000000	0.000000
178	9600	4680	0.015000	1	31221	0.985387	0.985387	0.000000	0.000000
178	9600	4681	0.015000	1	31216	0.985229	0.985229	0.000000	0.000000
178	9600	4682	0.015000	14	30265	0.955214	0.956508	0.000410	1.958142
178	9600	4683	0.015000	53	25768	0.813281	0.821045	0.001168	3.288424
178	9600	4684	0.015000	1	31221	0.985387	0.985387	0.000000	0.000000
178	9600	4685	0.015000	1	31221	0.985387	0.985387	0.000000	0.000000
178	9600	4686	0.015000	1	31217	0.985261	0.985261	0.000000	0.000000
178	9600	4687	0.015000	1	31221	0.985387	0.985387	0.000000	0.000000
178	9600	4688	0.015000	1	31221	0.985387	0.985387	0.000000	0.000000
178	9600	4689	0.015000	1	31221	0.985387	0.985387	0.000000	0.000000
178	9600	4690	0.015000	12	30164	0.952026	0.953036	0.000410	2.049679
178	9600	4691	0.015000	171	18343	0.578936	0.600240	0.002146	5.283220
178	9600	4692	0.015000	1	31221	0.985387	0.985387	0.000000	0.000000
178	9600	4693	0.015000	1	31221	0.985387	0.985387	0.000000	0.000000
178	9600	4694	0.015000	17	29494	0.930880	0.931606	0.000126	0.935414
178	9600	4695	0.015000	1	30940	0.976518	0.976518	0.000000	0.000000
178	9600	4696	0.015000	1	31132	0.982578	0.982578	0.000000	0.000000
178	9600	4697	0.015000	1	31187	0.984314	0.984314	0.000000	0.000000
178	9600	4698	0.015000	1	31221	0.985387	0.985387	0.000000	0.000000
178	9600	4699	0.015000	1	31221	0.985387	0.985387	0.000000	0.000000
178	9600	4700	0.015000	1	31221	0.985387	0.985387	0.000000	0.000000
178	9600	4701	0.015000	88	24566	0.775344	0.787117	0.001231	3.514598
178	9600	4702	0.015000	21	29909	0.943978	0.945619	0.000316	1.341641
178	9600	4703	0.015000	1	31218	0.985292	0.985292	0.000000	0.000000
178	9600	4704	0.015000	1	31221	0.985387	0.985387	0.000000	0.000000
178	9600	4705	0.015000	43	28597	0.902569	0.907777	0.000631	2.089856
178	9600	4706	0.015000	1	31221	0.985387	0.985387	0.000000	0.000000
178	9600	4707	0.015000	1	31221	0.985387	0.985387	0.000000	0.000000
178	9600	4708	0.015000	31	28649	0.904210	0.907177	0.000379	1.462494
178	9600	4709	0.015000	10	30273	0.955466	0.956129	0.000158	1.131371
178	9600	4710	0.015000	169	19987	0.630823	0.654558	0.001105	3.477038
178	9600	4711	0.015000	48	28040	0.884989	0.891238	0.001578	4.019453
178	9600	4712	0.015000	1	31221	0.985387	0.985387	0.000000	0.000000
178	9600	4713	0.015000	41	27876	0.879813	0.885084	0.000631	1.936492
178	9600	4714	0.015000	1	31045	0.979832	0.979832	0.000000	0.000000
178	9600	4715	0.015000	1	31190	0.984409	0.984409	0.000000	0.000000
178	9600	4716	0.015000	164	20528	0.647898	0.671885	0.002588	6.421783
178	9600	4717	0.015000	15	29636	0.935362	0.937382	0.000442	2.223483
178	9600	4718	0.015000	41	28022	0.884421	0.890229	0.000757	3.246259
178	9600	4719	0.015000	1	31221	0.985387	0.985387	0.000000	0.000000
178	9600	4720	0.015000	1	31219	0.985324	0.985324	0.000000	0.000000
178	9600	4721	0.015000	337	1571	0.049583	0.121260	0.049583	20.598141
178	9600	4722	0.015000	1	31221	0.985387	0.985387	0.000000	0.000000
178	9600	4723	0.015000	1	31221	0.985387	0.985387	0.000000	0.000000
178	9600	4724	0.015000	1	31221	0.985387	0.985387	0.000000	0.000000
178	9600	4725	0.015000	150	20475	0.646225	0.668129	0.001515	4.091616
178	9600	4726	0.015000	1	31221	0.985387	0.985387	0.000000	0.000000
178	9600	4727	0.015000	71	25071	0.791283	0.798226	0.000537	2.215079
178	9600	4728	0.015000	1	31221	0.985387	0.985387	0.000000	0.000000
178	9600	4729	0.015000	105	24477	0.772535	0.788789	0.000915	3.742611
178	9600	4730	0.015000	1	31221	0.985387	0.985387	0.000000	0.000000
178	9600	4731	0.015000	169	19629	0.619524	0.639282	0.001578	5.585875
178	9600	4732	0.015000	1	31177	0.983998	0.983998	0.000000	0.000000
178	9600	4733	0.015000	1	31123	0.982294	0.982294	0.000000	0.000000
178	9600	4734	0.015000	1	31221	0.985387	0.985387	0.000000	0.000000
178	9600	4735	0.015000	1	31221	0.985387	0.985387	0.000000	0.000000
178	9600	4736	0.015000	133	22134	0.698586	0.720237	0.002209	5.171231
178	9600	4737	0.015000	1	31221	0.985387	0.985387	0.000000	0.000000
178	9600	4738	0.015000	17	29577	0.933500	0.935299	0.000347	1.616035
178	9600	4739	0.015000	1	31221	0.985387	0.985387	0.000000	0.000000
178	9600	4740	0.015000	31	28859	0.910838	0.913174	0.000505	2.504683
178	9600	4741	0.015000	34	28984	0.914783	0.917908	0.000284	1.563472
178	9600	4742	0.015000	1	31221	0.985387	0.985387	0.000000	0.000000
178	9600	4743	0.015000	3	30571	0.964872	0.965030	0.000126	1.118034
178	9600	4744	0.015000	3	30628	0.966671	0.966829	0.000126	0.935414
178	9600	4745	0.015000	69	27143	0.856678	0.864821	0.000694	2.244369
178	9600	4746	0.015000	1	31221	0.985387	0.985387	0.000000	0.000000
178	9600	4747	0.015000	1	31166	0.983651	0.983651	0.000000	0.000000
178	9600	4748	0.015000	1	31068	0.980558	0.980558	0.000000	0.000000
178	9600	4749	0.015000	177	8462	0.267075	0.295607	0.267075	40.682969
178	9600	4750	0.015000	1	31221	0.985387	0.985387	0.000000	0.000000
178	9600	4751	0.015000	1	31221	0.985387	0.985387	0.000000	0.000000
178	9600	4752	0.015000	1	31221	0.985387	0.985387	0.000000	0.000000
178	9600	4753	0.015000	1	31084	0.981063	0.981063	0.000000	0.000000
178	9600	4754	0.015000	1	31194	0.984535	0.984535	0.000000	0.000000
178	9600	4755	0.015000	1	31221	0.985387	0.985387	0.000000	0.000000
178	9600	4756	0.015000	1	31221	0.985387	0.985387	0.000000	0.000000
178	9600	4757	0.015000	1	31221	0.985387	0.985387	0.000000	0.000000
178	9600	4758	0.015000	1	31221	0.985387	0.985387	0.000000	0.000000
178	9600	4759	0.015000	32	29272	0.923873	0.928355	0.000757	2.963610
178	9600	4760	0.015000	1	31133	0.982610	0.982610	0.000000	0.000000
178	9600	4761	0.015000	1	31221	0.985387	0.985387	0.000000	0.000000
178	9600	4762	0.015000	14	29945	0.945114	0.946124	0.000252	1.571226
178	9600	4763	0.015000	9	30306	0.956508	0.957392	0.000316	1.341641
178	9600	4764	0.015000	1	31221	0.985387	0.985387	0.000000	0.000000
178	9600	4765	0.015000	1	31221	0.985387	0.985387	0.000000	0.000000
178	9600	4766	0.015000	3	30424	0.960232	0.960485	0.000158	1.095445
178	9600	4767	0.015000	1	31221	0.985387	0.985387	0.000000	0.000000
178	9600	4768	0.015000	1	30861	0.974025	0.974025	0.000000	0.000000
178	9600	4769	0.015000	19	29706	0.937571	0.938833	0.000252	1.192424
178	9600	4770	0.015000	46	28023	0.884453	0.889029	0.000473	1.835453
178	9600	4771	0.015000	5	30417	0.960011	0.960138	0.000032	0.000000
178	9600	4772	0.015000	84	23849	0.752714	0.763603	0.001168	3.080607
178	9600	4773	0.015000	40	28661	0.904589	0.909734	0.000663	2.374276
178	9600	4774	0.015000	1	31221	0.985387	0.985387	0.000000	0.000000
178	9600	4775	0.015000	1	31221	0.985387	0.985387	0.000000	0.000000
178	9600	4776	0.015000	1	31221	0.985387	0.985387	0.000000	0.000000
178	9600	4777	0.015000	1	31221	0.985387	0.985387	0.000000	0.000000
178	9600	4778	0.015000	31	29105	0.918602	0.922232	0.000600	2.178973
178	9600	4779	0.015000	1	31221	0.985387	0.985387	0.000000	0.000000
178	9600	4780	0.015000	5	30466	0.961558	0.961905	0.000221	1.340119
178	9600	4781	0.015000	1	31221	0.985387	0.985387	0.000000	0.000000
178	9600	4782	0.015000	294	7573	0.239017	0.275028	0.239017	45.678109
178	9600	4783	0.015000	1	31215	0.985198	0.985198	0.000000	0.000000
178	9600	4784	0.015000	2	30679	0.968281	0.968312	0.000032	0.000000
178	9600	4785	0.015000	1	31221	0.985387	0.985387	0.000000	0.000000
178	9600	4786	0.015000	120	22396	0.706855	0.720553	0.000915	2.632008
178	9600	4787	0.015000	1	31221	0.985387	0.985387	0.000000	0.000000
178	9600	4788	0.015000	1	31221	0.985387	0.985387	0.000000	0.000000
178	9600	4789	0.015000	1	31221	0.985387	0.985387	0.000000	0.000000
178	9600	4790	0.015000	65	26509	0.836668	0.847147	0.001231	3.534557
178	9600	4791	0.015000	1	31221	0.985387	0.985387	0.000000	0.000000
178	9600	4792	0.015000	10	30444	0.960864	0.961305	0.000189	1.067187
178	9600	4793	0.015000	2	30793	0.971879	0.971973	0.000095	1.212183
178	9600	4794	0.015000	188	18354	0.579283	0.607941	0.001831	4.023600
178	9600	4795	0.015000	1	31221	0.985387	0.985387	0.000000	0.000000
178	9600	4796	0.015000	1	31221	0.985387	0.985387	0.000000	0.000000
178	9600	4797	0.015000	62	26048	0.822118	0.827989	0.001199	3.166217
178	9600	4798	0.015000	174	20043	0.632591	0.657366	0.001894	4.613838
178	9600	4799	0.015000	1	31220	0.985355	0.985355	0.000000	0.000000
178	9600	4800	0.015000	26	29009	0.915573	0.917845	0.000252	1.316957
178	9600	4801	0.015000	59	26165	0.825811	0.832597	0.000821	3.154784
178	9600	4802	0.015000	8	30257	0.954961	0.955561	0.000189	1.118034
178	9600	4803	0.015000	1	31221	0.985387	0.985387	0.000000	0.000000
178	9600	4804	0.015000	1	31221	0.985387	0.985387	0.000000	0.000000
178	9600	4805	0.015000	118	23444	0.739932	0.753945	0.001010	3.447004
178	9600	4806	0.015000	1	31221	0.985387	0.985387	0.000000	0.000000
178	9600	4807	0.015000	1	31221	0.985387	0.985387	0.000000	0.000000
178	9600	4808	0.015000	15	29435	0.929018	0.930564	0.000410	1.813819
178	9600	4809	0.015000	1	31221	0.985387	0.985387	0.000000	0.000000
178	9600	4810	0.015000	110	22595	0.713136	0.729516	0.001105	3.112057
178	9600	4811	0.015000	1	31221	0.985387	0.985387	0.000000	0.000000
178	9600	4812	0.015000	160	19901	0.628109	0.650013	0.001105	3.232474
178	9600	4813	0.015000	72	23884	0.753819	0.763098	0.000852	2.584644
178	9600	4814	0.015000	143	17503	0.552424	0.573034	0.001483	3.773463
178	9600	4815	0.015000	189	7559	0.238575	0.268842	0.238575	38.407424
178	9600	4816	0.015000	1	31221	0.985387	0.985387	0.000000	0.000000
178	9600	4817	0.015000	1	31221	0.985387	0.985387	0.000000	0.000000
178	9600	4818	0.015000	1	31221	0.985387	0.985387	0.000000	0.000000
178	9600	4819	0.015000	1	31221	0.985387	0.985387	0.000000	0.000000
178	9600	4820	0.015000	235	4654	0.146888	0.189086	0.146888	31.045685
178	9600	4821	0.015000	58	27445	0.866210	0.873406	0.000884	3.622140
178	9600	4822	0.015000	1	31221	0.985387	0.985387	0.000000	0.000000
178	9600	4823	0.015000	19	28847	0.910460	0.912984	0.000726	3.011007
178	9600	4824	0.015000	135	21571	0.680817	0.703383	0.003030	5.189372
178	9600	4825	0.015000	1	31158	0.983399	0.983399	0.000000	0.000000
178	9600	4826	0.015000	1	31221	0.985387	0.985387	0.000000	0.000000
178	9600	4827	0.015000	1	31221	0.985387	0.985387	0.000000	0.000000
178	9600	4828	0.015000	37	28615	0.903137	0.906893	0.000663	2.240627
178	9600	4829	0.015000	10	29977	0.946124	0.946850	0.000316	1.473092
178	9600	4830	0.015000	1	31218	0.985292	0.985292	0.000000	0.000000
178	9600	4831	0.015000	143	22824	0.720364	0.736302	0.000915	2.665229
178	9600	4832	0.015000	46	26022	0.821298	0.828178	0.000915	2.862277
178	9600	4833	0.015000	1	31177	0.983998	0.983998	0.000000	0.000000
178	9600	4834	0.015000	1	31221	0.985387	0.985387	0.000000	0.000000
178	9600	4835	0.015000	4	30716	0.969448	0.969859	0.000347	1.579832
178	9600	4836	0.015000	1	31202	0.984787	0.984787	0.000000	0.000000
178	9600	4837	0.015000	1	31221	0.985387	0.985387	0.000000	0.000000
178	9600	4838	0.015000	1	31221	0.985387	0.985387	0.000000	0.000000
178	9600	4839	0.015000	1	31221	0.985387	0.985387	0.000000	0.000000
178	9600	4840	0.015000	1	31218	0.985292	0.985292	0.000000	0.000000
178	9600	4841	0.015000	173	13463	0.424915	0.451427	0.001767	4.856486
178	9600	4842	0.015000	165	16384	0.517106	0.539042	0.001010	3.314268
178	9600	4843	0.015000	76	27023	0.852891	0.864664	0.001862	4.432325
178	9600	4844	0.015000	1	31221	0.985387	0.985387	0.000000	0.000000
178	9600	4845	0.015000	1	31221	0.985387	0.985387	0.000000	0.000000
178	9600	4846	0.015000	107	23296	0.735261	0.747223	0.000631	2.520913
178	9600	4847	0.015000	99	24714	0.780015	0.793839	0.000821	2.790782
178	9600	4848	0.015000	1	31221	0.985387	0.985387	0.000000	0.000000
178	9600	4849	0.015000	1	31221	0.985387	0.985387	0.000000	0.000000
178	9600	4850	0.015000	1	31191	0.984440	0.984440	0.000000	0.000000
178	9600	4851	0.015000	1	31221	0.985387	0.985387	0.000000	0.000000
178	9600	4852	0.015000	53	26666	0.841624	0.846168	0.000821	2.847713
178	9600	4853	0.015000	1	31219	0.985324	0.985324	0.000000	0.000000
178	9600	4854	0.015000	20	29342	0.926083	0.928734	0.000473	1.820867
178	9600	4855	0.015000	1	31221	0.985387	0.985387	0.000000	0.000000
178	9600	4856	0.015000	1	31221	0.985387	0.985387	0.000000	0.000000
178	9600	4857	0.015000	1	31111	0.981915	0.981915	0.000000	0.000000
178	9600	4858	0.015000	42	28370	0.895405	0.898940	0.000316	2.240536
178	9600	4859	0.015000	76	25631	0.808957	0.815901	0.000442	2.025350
178	9600	4860	0.015000	225	16057	0.506786	0.543366	0.002462	4.833739
178	9600	4861	0.015000	1	31221	0.985387	0.985387	0.000000	0.000000
178	9600	4862	0.015000	1	31221	0.985387	0.985387	0.000000	0.000000
178	9600	4863	0.015000	1	31221	0.985387	0.985387	0.000000	0.000000
178	9600	4864	0.015000	1	30984	0.977907	0.977907	0.000000	0.000000
178	9600	4865	0.015000	48	28208	0.890292	0.895152	0.000757	2.520403
178	9600	4866	0.015000	1	31221	0.985387	0.985387	0.000000	0.000000
178	9600	4867	0.015000	79	24607	0.776638	0.786485	0.002178	4.397876
178	9600	4868	0.015000	150	18532	0.584901	0.602355	0.001357	3.076103
178	9600	4869	0.015000	1	31220	0.985355	0.985355	0.000000	0.000000
178	9600	4870	0.015000	1	31221	0.985387	0.985387	0.000000	0.000000
178	9600	4871	0.015000	117	22488	0.709759	0.725918	0.001042	3.739694
178	9600	4872	0.015000	1	31182	0.984156	0.984156	0.000000	0.000000
178	9600	4873	0.015000	1	31190	0.984409	0.984409	0.000000	0.000000
178	9600	4874	0.015000	1	31221	0.985387	0.985387	0.000000	0.000000
178	9600	4875	0.015000	1	31221	0.985387	0.985387	0.000000	0.000000
178	9600	4876	0.015000	1	31216	0.985229	0.985229	0.000000	0.000000
178	9600	4877	0.015000	240	12054	0.380444	0.409071	0.380444	46.775807
178	9600	4878	0.015000	1	31221	0.985387	0.985387	0.000000	0.000000
178	9600	4879	0.015000	37	28865	0.911028	0.914531	0.000473	1.925271
178	9600	4880	0.015000	1	31215	0.985198	0.985198	0.000000	0.000000
178	9600	4881	0.015000	1	31220	0.985355	0.985355	0.000000	0.000000
178	9600	4882	0.015000	83	25389	0.801319	0.813597	0.001515	4.095963
178	9600	4883	0.015000	17	29237	0.922769	0.924315	0.000379	2.039540
178	9600	4884	0.015000	1	31221	0.985387	0.985387	0.000000	0.000000
178	9600	4885	0.015000	1	31221	0.985387	0.985387	0.000000	0.000000
178	9600	4886	0.015000	12	29973	0.945998	0.946850	0.000189	1.213352
178	9600	4887	0.015000	31	28483	0.898971	0.904147	0.000884	2.525129
178	9600	4888	0.015000	38	27894	0.880381	0.883380	0.000347	1.646434
178	9600	4889	0.015000	1	31190	0.984409	0.984409	0.000000	0.000000
178	9600	4890	0.015000	1	31221	0.985387	0.985387	0.000000	0.000000
178	9600	4891	0.015000	1	31181	0.984124	0.984124	0.000000	0.000000
178	9600	4892	0.015000	1	31221	0.985387	0.985387	0.000000	0.000000
178	9600	4893	0.015000	41	27762	0.876215	0.880665	0.000757	3.072617
178	9600	4894	0.015000	1	30926	0.976076	0.976076	0.000000	0.000000
178	9600	4895	0.015000	1	31218	0.985292	0.985292	0.000000	0.000000
178	9600	4896	0.015000	154	21526	0.679397	0.699280	0.000852	3.512080
178	9600	4897	0.015000	1	31221	0.985387	0.985387	0.000000	0.000000
178	9600	4898	0.015000	1	31221	0.985387	0.985387	0.000000	0.000000
178	9600	4899	0.015000	1	31221	0.985387	0.985387	0.000000	0.000000
178	9600	4900	0.015000	79	25596	0.807853	0.819215	0.002588	5.666468
178	9600	4901	0.015000	1	31221	0.985387	0.985387	0.000000	0.000000
178	9600	4902	0.015000	1	31221	0.985387	0.985387	0.000000	0.000000
178	9600	4903	0.015000	103	23854	0.752872	0.769947	0.001136	3.222222
178	9600	4904	0.015000	229	14061	0.443789	0.483746	0.443789	51.564869
178	9600	4905	0.015000	99	25288	0.798132	0.812334	0.002052	3.551106
178	9600	4906	0.015000	61	28245	0.891459	0.902254	0.000821	2.643514
178	9600	4907	0.015000	1	31221	0.985387	0.985387	0.000000	0.000000
178	9600	4908	0.015000	43	29008	0.915541	0.919486	0.000600	2.221776
178	9600	4909	0.015000	62	26924	0.849766	0.856615	0.000505	2.091650
178	9600	4910	0.015000	1	31221	0.985387	0.985387	0.000000	0.000000
178	9600	4911	0.015000	1	31213	0.985134	0.985134	0.000000	0.000000
178	9600	4912	0.015000	3	30920	0.975887	0.975950	0.000032	0.000000
178	9600	4913	0.015000	73	25951	0.819057	0.827421	0.001736	3.833735
178	9600	4914	0.015000	1	31221	0.985387	0.985387	0.000000	0.000000
178	9600	4915	0.015000	1	31173	0.983872	0.983872	0.000000	0.000000
178	9600	4916	0.015000	41	28049	0.885273	0.890418	0.000505	1.720737
178	9600	4917	0.015000	14	29912	0.944073	0.945525	0.000379	1.605113
178	9600	4918	0.015000	1	31221	0.985387	0.985387	0.000000	0.000000
178	9600	4919	0.015000	1	31221	0.985387	0.985387	0.000000	0.000000
178	9600	4920	0.015000	96	23117	0.729611	0.742678	0.001925	3.855492
178	9600	4921	0.015000	1	31221	0.985387	0.985387	0.000000	0.000000
178	9600	4922	0.015000	74	24783	0.782193	0.792230	0.000789	2.866636
178	9600	4923	0.015000	1	31221	0.985387	0.985387	0.000000	0.000000
178	9600	4924	0.015000	22	29663	0.936214	0.938108	0.000473	1.776388
178	9600	4925	0.015000	1	31221	0.985387	0.985387	0.000000	0.000000
178	9600	4926	0.015000	228	11427	0.360655	0.395278	0.360655	45.423445
178	9600	4927	0.015000	1	31221	0.985387	0.985387	0.000000	0.000000
178	9600	4928	0.015000	73	25538	0.806022	0.812208	0.000789	2.831254
178	9600	4929	0.015000	38	28753	0.907493	0.914089	0.002146	4.960201
178	9600	4930	0.015000	1	31221	0.985387	0.985387	0.000000	0.000000
178	9600	4931	0.015000	1	31115	0.982041	0.982041	0.000000	0.000000
178	9600	4932	0.015000	66	27063	0.854154	0.863780	0.000915	2.892855
178	9600	4933	0.015000	1	31207	0.984945	0.984945	0.000000	0.000000
178	9600	4934	0.015000	1	31221	0.985387	0.985387	0.000000	0.000000
178	9600	4935	0.015000	1	31218	0.985292	0.985292	0.000000	0.000000
178	9600	4936	0.015000	1	31221	0.985387	0.985387	0.000000	0.000000
178	9600	4937	0.015000	175	3977	0.125521	0.148940	0.125521	28.287399
178	9600	4938	0.015000	54	27668	0.873248	0.879182	0.000631	2.335594
178	9600	4939	0.015000	1	31210	0.985040	0.985040	0.000000	0.000000
178	9600	4940	0.015000	95	23237	0.733399	0.745708	0.001736	5.167924
178	9600	4941	0.015000	1	31203	0.984819	0.984819	0.000000	0.000000
178	9600	4942	0.015000	1	31221	0.985387	0.985387	0.000000	0.000000
178	9600	4943	0.015000	1	31221	0.985387	0.985387	0.000000	0.000000
178	9600	4944	0.015000	1	31221	0.985387	0.985387	0.000000	0.000000
178	9600	4945	0.015000	72	25066	0.791125	0.800877	0.000884	2.858036
178	9600	4946	0.015000	11	30189	0.952815	0.953573	0.000189	1.080123
178	9600	4947	0.015000	1	31219	0.985324	0.985324	0.000000	0.000000
178	9600	4948	0.015000	163	21383	0.674883	0.692684	0.001073	3.191143
178	9600	4949	0.015000	71	25409	0.801951	0.808894	0.000600	3.177134
178	9600	4950	0.015000	1	31221	0.985387	0.985387	0.000000	0.000000
178	9600	4951	0.015000	253	12883	0.406609	0.438549	0.406609	48.281666
178	9600	4952	0.015000	1	30653	0.967460	0.967460	0.000000	0.000000
178	9600	4953	0.015000	84	27097	0.855227	0.866147	0.001073	2.915328
178	9600	4954	0.015000	1	31206	0.984914	0.984914	0.000000	0.000000
178	9600	4955	0.015000	1	30995	0.978254	0.978254	0.000000	0.000000
178	9600	4956	0.015000	1	31217	0.985261	0.985261	0.000000	0.000000
178	9600	4957	0.015000	1	31221	0.985387	0.985387	0.000000	0.000000
178	9600	4958	0.015000	97	25820	0.814922	0.833417	0.001862	4.041227
178	9600	4959	0.015000	9	30391	0.959191	0.959727	0.000252	1.363589
178	9600	4960	0.015000	1	31221	0.985387	0.985387	0.000000	0.000000
178	9600	4961	0.015000	1	31221	0.985387	0.985387	0.000000	0.000000
178	9600	4962	0.015000	1	31221	0.985387	0.985387	0.000000	0.000000
178	9600	4963	0.015000	1	31221	0.985387	0.985387	0.000000	0.000000
178	9600	4964	0.015000	29	28337	0.894363	0.897677	0.000852	3.351391
178	9600	4965	0.015000	9	30013	0.947260	0.947892	0.000126	0.707107
178	9600	4966	0.015000	18	29549	0.932616	0.933941	0.000252	1.262438
178	9600	4967	0.015000	87	26749	0.844243	0.855542	0.001073	2.817702
178	9600	4968	0.015000	6	30039	0.948081	0.948491	0.000126	0.866025
178	9600	4969	0.015000	1	31206	0.984914	0.984914	0.000000	0.000000
178	9600	4970	0.015000	10	30333	0.957360	0.958686	0.000473	1.929882
178	9600	4971	0.015000	129	21942	0.692526	0.709349	0.002146	4.195225
178	9600	4972	0.015000	70	25823	0.815017	0.822529	0.000757	2.159845
178	9600	4973	0.015000	1	31221	0.985387	0.985387	0.000000	0.000000
