64	9800	1	0.015000	1	4039	0.986084	0.986084	0.000000	0.000000
64	9800	2	0.015000	1	4039	0.986084	0.986084	0.000000	0.000000
64	9800	3	0.015000	1	4039	0.986084	0.986084	0.000000	0.000000
64	9800	4	0.015000	1	4039	0.986084	0.986084	0.000000	0.000000
64	9800	5	0.015000	1	4039	0.986084	0.986084	0.000000	0.000000
64	9800	6	0.015000	1	4039	0.986084	0.986084	0.000000	0.000000
64	9800	7	0.015000	1	4039	0.986084	0.986084	0.000000	0.000000
64	9800	8	0.015000	1	4039	0.986084	0.986084	0.000000	0.000000
64	9800	9	0.015000	1	4039	0.986084	0.986084	0.000000	0.000000
64	9800	10	0.015000	1	4039	0.986084	0.986084	0.000000	0.000000
64	9800	11	0.015000	1	4039	0.986084	0.986084	0.000000	0.000000
64	9800	12	0.015000	1	4039	0.986084	0.986084	0.000000	0.000000
64	9800	13	0.015000	1	4039	0.986084	0.986084	0.000000	0.000000
64	9800	14	0.015000	1	4039	0.986084	0.986084	0.000000	0.000000
64	9800	15	0.015000	1	4039	0.986084	0.986084	0.000000	0.000000
64	9800	16	0.015000	1	4039	0.986084	0.986084	0.000000	0.000000
64	9800	17	0.015000	1	4039	0.986084	0.986084	0.000000	0.000000
64	9800	18	0.015000	1	4039	0.986084	0.986084	0.000000	0.000000
64	9800	19	0.015000	1	4039	0.986084	0.986084	0.000000	0.000000
64	9800	20	0.015000	1	4039	0.986084	0.986084	0.000000	0.000000
64	9800	21	0.015000	1	4039	0.986084	0.986084	0.000000	0.000000
64	9800	22	0.015000	1	4039	0.986084	0.986084	0.000000	0.000000
64	9800	23	0.015000	1	4039	0.986084	0.986084	0.000000	0.000000
64	9800	24	0.015000	1	4039	0.986084	0.986084	0.000000	0.000000
64	9800	25	0.015000	1	4039	0.986084	0.986084	0.000000	0.000000
64	9800	26	0.015000	1	4039	0.986084	0.986084	0.000000	0.000000
64	9800	27	0.015000	1	4039	0.986084	0.986084	0.000000	0.000000
64	9800	28	0.015000	1	4039	0.986084	0.986084	0.000000	0.000000
64	9800	29	0.015000	1	4039	0.986084	0.986084	0.000000	0.000000
64	9800	30	0.015000	1	4039	0.986084	0.986084	0.000000	0.000000
64	9800	31	0.015000	1	4039	0.986084	0.986084	0.000000	0.000000
64	9800	32	0.015000	1	4039	0.986084	0.986084	0.000000	0.000000
64	9800	33	0.015000	1	4039	0.986084	0.986084	0.000000	0.000000
64	9800	34	0.015000	1	4039	0.986084	0.986084	0.000000	0.000000
64	9800	35	0.015000	1	4039	0.986084	0.986084	0.000000	0.000000
64	9800	36	0.015000	1	4039	0.986084	0.986084	0.000000	0.000000
64	9800	37	0.015000	1	4039	0.986084	0.986084	0.000000	0.000000
64	9800	38	0.015000	1	4039	0.986084	0.986084	0.000000	0.000000
64	9800	39	0.015000	1	4039	0.986084	0.986084	0.000000	0.000000
64	9800	40	0.015000	1	4039	0.986084	0.986084	0.000000	0.000000
64	9800	41	0.015000	1	4039	0.986084	0.986084	0.000000	0.000000
64	9800	42	0.015000	1	4039	0.986084	0.986084	0.000000	0.000000
64	9800	43	0.015000	1	4039	0.986084	0.986084	0.000000	0.000000
64	9800	44	0.015000	1	4039	0.986084	0.986084	0.000000	0.000000
64	9800	45	0.015000	1	4039	0.986084	0.986084	0.000000	0.000000
64	9800	46	0.015000	1	4039	0.986084	0.986084	0.000000	0.000000
64	9800	47	0.015000	1	4039	0.986084	0.986084	0.000000	0.000000
64	9800	48	0.015000	1	4039	0.986084	0.986084	0.000000	0.000000
64	9800	49	0.015000	1	4039	0.986084	0.986084	0.000000	0.000000
64	9800	50	0.015000	1	4039	0.986084	0.986084	0.000000	0.000000
64	9800	51	0.015000	1	4039	0.986084	0.986084	0.000000	0.000000
64	9800	52	0.015000	1	4039	0.986084	0.986084	0.000000	0.000000
64	9800	53	0.015000	1	4039	0.986084	0.986084	0.000000	0.000000
64	9800	54	0.015000	1	4039	0.986084	0.986084	0.000000	0.000000
64	9800	55	0.015000	1	4039	0.986084	0.986084	0.000000	0.000000
64	9800	56	0.015000	1	4039	0.986084	0.986084	0.000000	0.000000
64	9800	57	0.015000	1	4039	0.986084	0.986084	0.000000	0.000000
64	9800	58	0.015000	1	4039	0.986084	0.986084	0.000000	0.000000
64	9800	59	0.015000	1	4039	0.986084	0.986084	0.000000	0.000000
64	9800	60	0.015000	1	4039	0.986084	0.986084	0.000000	0.000000
64	9800	61	0.015000	1	4039	0.986084	0.986084	0.000000	0.000000
64	9800	62	0.015000	1	4039	0.986084	0.986084	0.000000	0.000000
64	9800	63	0.015000	1	4039	0.986084	0.986084	0.000000	0.000000
64	9800	64	0.015000	1	4039	0.986084	0.986084	0.000000	0.000000
64	9800	65	0.015000	1	4039	0.986084	0.986084	0.000000	0.000000
64	9800	66	0.015000	1	4039	0.986084	0.986084	0.000000	0.000000
64	9800	67	0.015000	1	4039	0.986084	0.986084	0.000000	0.000000
64	9800	68	0.015000	1	4039	0.986084	0.986084	0.000000	0.000000
64	9800	69	0.015000	1	4039	0.986084	0.986084	0.000000	0.000000
64	9800	70	0.015000	1	4039	0.986084	0.986084	0.000000	0.000000
64	9800	71	0.015000	1	4039	0.986084	0.986084	0.000000	0.000000
64	9800	72	0.015000	1	4039	0.986084	0.986084	0.000000	0.000000
64	9800	73	0.015000	1	4039	0.986084	0.986084	0.000000	0.000000
64	9800	74	0.015000	1	4039	0.986084	0.986084	0.000000	0.000000
64	9800	75	0.015000	1	4039	0.986084	0.986084	0.000000	0.000000
64	9800	76	0.015000	1	4039	0.986084	0.986084	0.000000	0.000000
64	9800	77	0.015000	1	4039	0.986084	0.986084	0.000000	0.000000
64	9800	78	0.015000	1	4039	0.986084	0.986084	0.000000	0.000000
64	9800	79	0.015000	1	4039	0.986084	0.986084	0.000000	0.000000
64	9800	80	0.015000	1	4039	0.986084	0.986084	0.000000	0.000000
64	9800	81	0.015000	1	4039	0.986084	0.986084	0.000000	0.000000
64	9800	82	0.015000	1	4039	0.986084	0.986084	0.000000	0.000000
64	9800	83	0.015000	1	4039	0.986084	0.986084	0.000000	0.000000
64	9800	84	0.015000	1	4039	0.986084	0.986084	0.000000	0.000000
64	9800	85	0.015000	1	4039	0.986084	0.986084	0.000000	0.000000
64	9800	86	0.015000	1	4039	0.986084	0.986084	0.000000	0.000000
64	9800	87	0.015000	1	4039	0.986084	0.986084	0.000000	0.000000
64	9800	88	0.015000	1	4039	0.986084	0.986084	0.000000	0.000000
64	9800	89	0.015000	1	4039	0.986084	0.986084	0.000000	0.000000
64	9800	90	0.015000	1	4039	0.986084	0.986084	0.000000	0.000000
64	9800	91	0.015000	1	4039	0.986084	0.986084	0.000000	0.000000
64	9800	92	0.015000	1	4039	0.986084	0.986084	0.000000	0.000000
64	9800	93	0.015000	1	4039	0.986084	0.986084	0.000000	0.000000
64	9800	94	0.015000	1	4039	0.986084	0.986084	0.000000	0.000000
64	9800	95	0.015000	1	4039	0.986084	0.986084	0.000000	0.000000
64	9800	96	0.015000	1	4039	0.986084	0.986084	0.000000	0.000000
64	9800	97	0.015000	1	4039	0.986084	0.986084	0.000000	0.000000
64	9800	98	0.015000	1	4039	0.986084	0.986084	0.000000	0.000000
64	9800	99	0.015000	1	4039	0.986084	0.986084	0.000000	0.000000
64	9800	100	0.015000	1	4039	0.986084	0.986084	0.000000	0.000000
64	9800	101	0.015000	1	4039	0.986084	0.986084	0.000000	0.000000
64	9800	102	0.015000	1	4039	0.986084	0.986084	0.000000	0.000000
64	9800	103	0.015000	1	4039	0.986084	0.986084	0.000000	0.000000
64	9800	104	0.015000	1	4039	0.986084	0.986084	0.000000	0.000000
64	9800	105	0.015000	1	4039	0.986084	0.986084	0.000000	0.000000
64	9800	106	0.015000	1	4039	0.986084	0.986084	0.000000	0.000000
64	9800	107	0.015000	1	4039	0.986084	0.986084	0.000000	0.000000
64	9800	108	0.015000	1	4039	0.986084	0.986084	0.000000	0.000000
64	9800	109	0.015000	1	4039	0.986084	0.986084	0.000000	0.000000
64	9800	110	0.015000	1	4039	0.986084	0.986084	0.000000	0.000000
64	9800	111	0.015000	1	4039	0.986084	0.986084	0.000000	0.000000
64	9800	112	0.015000	1	4039	0.986084	0.986084	0.000000	0.000000
64	9800	113	0.015000	1	4039	0.986084	0.986084	0.000000	0.000000
64	9800	114	0.015000	1	4039	0.986084	0.986084	0.000000	0.000000
64	9800	115	0.015000	1	4039	0.986084	0.986084	0.000000	0.000000
64	9800	116	0.015000	1	4039	0.986084	0.986084	0.000000	0.000000
64	9800	117	0.015000	1	4039	0.986084	0.986084	0.000000	0.000000
64	9800	118	0.015000	1	4039	0.986084	0.986084	0.000000	0.000000
64	9800	119	0.015000	1	4039	0.986084	0.986084	0.000000	0.000000
64	9800	120	0.015000	1	4039	0.986084	0.986084	0.000000	0.000000
64	9800	121	0.015000	1	4039	0.986084	0.986084	0.000000	0.000000
64	9800	122	0.015000	1	4039	0.986084	0.986084	0.000000	0.000000
64	9800	123	0.015000	1	4039	0.986084	0.986084	0.000000	0.000000
64	9800	124	0.015000	1	4039	0.986084	0.986084	0.000000	0.000000
64	9800	125	0.015000	1	4039	0.986084	0.986084	0.000000	0.000000
64	9800	126	0.015000	1	4039	0.986084	0.986084	0.000000	0.000000
64	9800	127	0.015000	1	4039	0.986084	0.986084	0.000000	0.000000
64	9800	128	0.015000	1	4039	0.986084	0.986084	0.000000	0.000000
64	9800	129	0.015000	1	4039	0.986084	0.986084	0.000000	0.000000
64	9800	130	0.015000	1	4039	0.986084	0.986084	0.000000	0.000000
64	9800	131	0.015000	1	4039	0.986084	0.986084	0.000000	0.000000
64	9800	132	0.015000	1	4039	0.986084	0.986084	0.000000	0.000000
64	9800	133	0.015000	1	4039	0.986084	0.986084	0.000000	0.000000
64	9800	134	0.015000	1	4039	0.986084	0.986084	0.000000	0.000000
64	9800	135	0.015000	1	4039	0.986084	0.986084	0.000000	0.000000
64	9800	136	0.015000	1	4039	0.986084	0.986084	0.000000	0.000000
64	9800	137	0.015000	1	4039	0.986084	0.986084	0.000000	0.000000
64	9800	138	0.015000	1	4039	0.986084	0.986084	0.000000	0.000000
64	9800	139	0.015000	1	4039	0.986084	0.986084	0.000000	0.000000
64	9800	140	0.015000	1	4039	0.986084	0.986084	0.000000	0.000000
64	9800	141	0.015000	1	4039	0.986084	0.986084	0.000000	0.000000
64	9800	142	0.015000	1	4039	0.986084	0.986084	0.000000	0.000000
64	9800	143	0.015000	1	4039	0.986084	0.986084	0.000000	0.000000
64	9800	144	0.015000	1	4039	0.986084	0.986084	0.000000	0.000000
64	9800	145	0.015000	1	4039	0.986084	0.986084	0.000000	0.000000
64	9800	146	0.015000	1	4039	0.986084	0.986084	0.000000	0.000000
64	9800	147	0.015000	1	4039	0.986084	0.986084	0.000000	0.000000
64	9800	148	0.015000	1	4039	0.986084	0.986084	0.000000	0.000000
64	9800	149	0.015000	1	4039	0.986084	0.986084	0.000000	0.000000
64	9800	150	0.015000	1	4039	0.986084	0.986084	0.000000	0.000000
64	9800	151	0.015000	1	4039	0.986084	0.986084	0.000000	0.000000
64	9800	152	0.015000	1	4039	0.986084	0.986084	0.000000	0.000000
64	9800	153	0.015000	1	4039	0.986084	0.986084	0.000000	0.000000
64	9800	154	0.015000	1	4039	0.986084	0.986084	0.000000	0.000000
64	9800	155	0.015000	1	4039	0.986084	0.986084	0.000000	0.000000
64	9800	156	0.015000	1	4039	0.986084	0.986084	0.000000	0.000000
64	9800	157	0.015000	1	4039	0.986084	0.986084	0.000000	0.000000
64	9800	158	0.015000	1	4039	0.986084	0.986084	0.000000	0.000000
64	9800	159	0.015000	1	4039	0.986084	0.986084	0.000000	0.000000
64	9800	160	0.015000	1	4039	0.986084	0.986084	0.000000	0.000000
64	9800	161	0.015000	1	4039	0.986084	0.986084	0.000000	0.000000
64	9800	162	0.015000	1	4039	0.986084	0.986084	0.000000	0.000000
64	9800	163	0.015000	1	4039	0.986084	0.986084	0.000000	0.000000
64	9800	164	0.015000	1	4039	0.986084	0.986084	0.000000	0.000000
64	9800	165	0.015000	1	4039	0.986084	0.986084	0.000000	0.000000
64	9800	166	0.015000	1	4039	0.986084	0.986084	0.000000	0.000000
64	9800	167	0.015000	1	4039	0.986084	0.986084	0.000000	0.000000
64	9800	168	0.015000	1	4039	0.986084	0.986084	0.000000	0.000000
64	9800	169	0.015000	1	4039	0.986084	0.986084	0.000000	0.000000
64	9800	170	0.015000	1	4039	0.986084	0.986084	0.000000	0.000000
64	9800	171	0.015000	1	4039	0.986084	0.986084	0.000000	0.000000
64	9800	172	0.015000	1	4039	0.986084	0.986084	0.000000	0.000000
64	9800	173	0.015000	1	4039	0.986084	0.986084	0.000000	0.000000
64	9800	174	0.015000	1	4039	0.986084	0.986084	0.000000	0.000000
64	9800	175	0.015000	1	4039	0.986084	0.986084	0.000000	0.000000
64	9800	176	0.015000	1	4039	0.986084	0.986084	0.000000	0.000000
64	9800	177	0.015000	1	4039	0.986084	0.986084	0.000000	0.000000
64	9800	178	0.015000	1	4039	0.986084	0.986084	0.000000	0.000000
64	9800	179	0.015000	1	4039	0.986084	0.986084	0.000000	0.000000
64	9800	180	0.015000	1	4039	0.986084	0.986084	0.000000	0.000000
64	9800	181	0.015000	1	4039	0.986084	0.986084	0.000000	0.000000
64	9800	182	0.015000	1	4039	0.986084	0.986084	0.000000	0.000000
64	9800	183	0.015000	1	4039	0.986084	0.986084	0.000000	0.000000
64	9800	184	0.015000	1	4039	0.986084	0.986084	0.000000	0.000000
64	9800	185	0.015000	1	4039	0.986084	0.986084	0.000000	0.000000
64	9800	186	0.015000	1	4039	0.986084	0.986084	0.000000	0.000000
64	9800	187	0.015000	1	4039	0.986084	0.986084	0.000000	0.000000
64	9800	188	0.015000	1	4039	0.986084	0.986084	0.000000	0.000000
64	9800	189	0.015000	1	4039	0.986084	0.986084	0.000000	0.000000
64	9800	190	0.015000	1	4039	0.986084	0.986084	0.000000	0.000000
64	9800	191	0.015000	1	4039	0.986084	0.986084	0.000000	0.000000
64	9800	192	0.015000	1	4039	0.986084	0.986084	0.000000	0.000000
64	9800	193	0.015000	1	4039	0.986084	0.986084	0.000000	0.000000
64	9800	194	0.015000	1	4039	0.986084	0.986084	0.000000	0.000000
64	9800	195	0.015000	1	4039	0.986084	0.986084	0.000000	0.000000
64	9800	196	0.015000	1	4039	0.986084	0.986084	0.000000	0.000000
64	9800	197	0.015000	1	4039	0.986084	0.986084	0.000000	0.000000
64	9800	198	0.015000	1	4039	0.986084	0.986084	0.000000	0.000000
64	9800	199	0.015000	1	4039	0.986084	0.986084	0.000000	0.000000
64	9800	200	0.015000	1	4039	0.986084	0.986084	0.000000	0.000000
64	9800	201	0.015000	1	4039	0.986084	0.986084	0.000000	0.000000
64	9800	202	0.015000	1	4039	0.986084	0.986084	0.000000	0.000000
64	9800	203	0.015000	1	4039	0.986084	0.986084	0.000000	0.000000
64	9800	204	0.015000	1	4039	0.986084	0.986084	0.000000	0.000000
64	9800	205	0.015000	1	4039	0.986084	0.986084	0.000000	0.000000
64	9800	206	0.015000	1	4039	0.986084	0.986084	0.000000	0.000000
64	9800	207	0.015000	1	4039	0.986084	0.986084	0.000000	0.000000
64	9800	208	0.015000	1	4039	0.986084	0.986084	0.000000	0.000000
64	9800	209	0.015000	1	4039	0.986084	0.986084	0.000000	0.000000
64	9800	210	0.015000	1	4039	0.986084	0.986084	0.000000	0.000000
64	9800	211	0.015000	1	4039	0.986084	0.986084	0.000000	0.000000
64	9800	212	0.015000	1	4039	0.986084	0.986084	0.000000	0.000000
64	9800	213	0.015000	1	4039	0.986084	0.986084	0.000000	0.000000
64	9800	214	0.015000	1	4039	0.986084	0.986084	0.000000	0.000000
64	9800	215	0.015000	1	4039	0.986084	0.986084	0.000000	0.000000
64	9800	216	0.015000	1	4039	0.986084	0.986084	0.000000	0.000000
64	9800	217	0.015000	1	4039	0.986084	0.986084	0.000000	0.000000
64	9800	218	0.015000	1	4039	0.986084	0.986084	0.000000	0.000000
64	9800	219	0.015000	1	4039	0.986084	0.986084	0.000000	0.000000
64	9800	220	0.015000	1	4039	0.986084	0.986084	0.000000	0.000000
64	9800	221	0.015000	1	4039	0.986084	0.986084	0.000000	0.000000
64	9800	222	0.015000	1	4039	0.986084	0.986084	0.000000	0.000000
64	9800	223	0.015000	1	4039	0.986084	0.986084	0.000000	0.000000
64	9800	224	0.015000	1	4039	0.986084	0.986084	0.000000	0.000000
64	9800	225	0.015000	1	4039	0.986084	0.986084	0.000000	0.000000
64	9800	226	0.015000	1	4039	0.986084	0.986084	0.000000	0.000000
64	9800	227	0.015000	1	4039	0.986084	0.986084	0.000000	0.000000
64	9800	228	0.015000	1	4039	0.986084	0.986084	0.000000	0.000000
64	9800	229	0.015000	1	4039	0.986084	0.986084	0.000000	0.000000
64	9800	230	0.015000	1	4039	0.986084	0.986084	0.000000	0.000000
64	9800	231	0.015000	1	4039	0.986084	0.986084	0.000000	0.000000
64	9800	232	0.015000	1	4039	0.986084	0.986084	0.000000	0.000000
64	9800	233	0.015000	1	4039	0.986084	0.986084	0.000000	0.000000
64	9800	234	0.015000	1	4039	0.986084	0.986084	0.000000	0.000000
64	9800	235	0.015000	1	4039	0.986084	0.986084	0.000000	0.000000
64	9800	236	0.015000	1	4039	0.986084	0.986084	0.000000	0.000000
64	9800	237	0.015000	1	4039	0.986084	0.986084	0.000000	0.000000
64	9800	238	0.015000	1	4039	0.986084	0.986084	0.000000	0.000000
64	9800	239	0.015000	1	4039	0.986084	0.986084	0.000000	0.000000
64	9800	240	0.015000	1	4039	0.986084	0.986084	0.000000	0.000000
64	9800	241	0.015000	1	4039	0.986084	0.986084	0.000000	0.000000
64	9800	242	0.015000	1	4039	0.986084	0.986084	0.000000	0.000000
64	9800	243	0.015000	1	4039	0.986084	0.986084	0.000000	0.000000
64	9800	244	0.015000	1	4039	0.986084	0.986084	0.000000	0.000000
64	9800	245	0.015000	1	4039	0.986084	0.986084	0.000000	0.000000
64	9800	246	0.015000	1	4039	0.986084	0.986084	0.000000	0.000000
64	9800	247	0.015000	1	4039	0.986084	0.986084	0.000000	0.000000
64	9800	248	0.015000	1	4039	0.986084	0.986084	0.000000	0.000000
64	9800	249	0.015000	1	4039	0.986084	0.986084	0.000000	0.000000
64	9800	250	0.015000	1	4039	0.986084	0.986084	0.000000	0.000000
64	9800	251	0.015000	1	4039	0.986084	0.986084	0.000000	0.000000
64	9800	252	0.015000	1	4039	0.986084	0.986084	0.000000	0.000000
64	9800	253	0.015000	1	4039	0.986084	0.986084	0.000000	0.000000
64	9800	254	0.015000	1	4039	0.986084	0.986084	0.000000	0.000000
64	9800	255	0.015000	1	4039	0.986084	0.986084	0.000000	0.000000
64	9800	256	0.015000	1	4039	0.986084	0.986084	0.000000	0.000000
64	9800	257	0.015000	1	4039	0.986084	0.986084	0.000000	0.000000
64	9800	258	0.015000	1	4039	0.986084	0.986084	0.000000	0.000000
64	9800	259	0.015000	1	4039	0.986084	0.986084	0.000000	0.000000
64	9800	260	0.015000	1	4039	0.986084	0.986084	0.000000	0.000000
64	9800	261	0.015000	1	4039	0.986084	0.986084	0.000000	0.000000
64	9800	262	0.015000	1	4039	0.986084	0.986084	0.000000	0.000000
64	9800	263	0.015000	1	4039	0.986084	0.986084	0.000000	0.000000
64	9800	264	0.015000	1	4039	0.986084	0.986084	0.000000	0.000000
64	9800	265	0.015000	1	4039	0.986084	0.986084	0.000000	0.000000
64	9800	266	0.015000	1	4039	0.986084	0.986084	0.000000	0.000000
64	9800	267	0.015000	1	4039	0.986084	0.986084	0.000000	0.000000
64	9800	268	0.015000	1	4039	0.986084	0.986084	0.000000	0.000000
64	9800	269	0.015000	1	4039	0.986084	0.986084	0.000000	0.000000
64	9800	270	0.015000	1	4039	0.986084	0.986084	0.000000	0.000000
64	9800	271	0.015000	1	4039	0.986084	0.986084	0.000000	0.000000
64	9800	272	0.015000	1	4039	0.986084	0.986084	0.000000	0.000000
64	9800	273	0.015000	1	4039	0.986084	0.986084	0.000000	0.000000
64	9800	274	0.015000	1	4039	0.986084	0.986084	0.000000	0.000000
64	9800	275	0.015000	1	4039	0.986084	0.986084	0.000000	0.000000
64	9800	276	0.015000	1	4039	0.986084	0.986084	0.000000	0.000000
64	9800	277	0.015000	1	4039	0.986084	0.986084	0.000000	0.000000
64	9800	278	0.015000	1	4039	0.986084	0.986084	0.000000	0.000000
64	9800	279	0.015000	1	4039	0.986084	0.986084	0.000000	0.000000
64	9800	280	0.015000	1	4039	0.986084	0.986084	0.000000	0.000000
64	9800	281	0.015000	1	4039	0.986084	0.986084	0.000000	0.000000
64	9800	282	0.015000	1	4039	0.986084	0.986084	0.000000	0.000000
64	9800	283	0.015000	1	4039	0.986084	0.986084	0.000000	0.000000
64	9800	284	0.015000	1	4039	0.986084	0.986084	0.000000	0.000000
64	9800	285	0.015000	1	4039	0.986084	0.986084	0.000000	0.000000
64	9800	286	0.015000	1	4039	0.986084	0.986084	0.000000	0.000000
64	9800	287	0.015000	1	4039	0.986084	0.986084	0.000000	0.000000
64	9800	288	0.015000	1	4039	0.986084	0.986084	0.000000	0.000000
64	9800	289	0.015000	1	4039	0.986084	0.986084	0.000000	0.000000
64	9800	290	0.015000	1	4039	0.986084	0.986084	0.000000	0.000000
64	9800	291	0.015000	1	4039	0.986084	0.986084	0.000000	0.000000
64	9800	292	0.015000	1	4039	0.986084	0.986084	0.000000	0.000000
64	9800	293	0.015000	1	4039	0.986084	0.986084	0.000000	0.000000
64	9800	294	0.015000	1	4039	0.986084	0.986084	0.000000	0.000000
64	9800	295	0.015000	1	4039	0.986084	0.986084	0.000000	0.000000
64	9800	296	0.015000	1	4039	0.986084	0.986084	0.000000	0.000000
64	9800	297	0.015000	1	4039	0.986084	0.986084	0.000000	0.000000
64	9800	298	0.015000	1	4039	0.986084	0.986084	0.000000	0.000000
64	9800	299	0.015000	1	4039	0.986084	0.986084	0.000000	0.000000
64	9800	300	0.015000	1	4039	0.986084	0.986084	0.000000	0.000000
64	9800	301	0.015000	1	4039	0.986084	0.986084	0.000000	0.000000
64	9800	302	0.015000	1	4039	0.986084	0.986084	0.000000	0.000000
64	9800	303	0.015000	1	4039	0.986084	0.986084	0.000000	0.000000
64	9800	304	0.015000	1	4039	0.986084	0.986084	0.000000	0.000000
64	9800	305	0.015000	1	4039	0.986084	0.986084	0.000000	0.000000
64	9800	306	0.015000	1	4039	0.986084	0.986084	0.000000	0.000000
64	9800	307	0.015000	1	4039	0.986084	0.986084	0.000000	0.000000
64	9800	308	0.015000	1	4039	0.986084	0.986084	0.000000	0.000000
64	9800	309	0.015000	1	4039	0.986084	0.986084	0.000000	0.000000
64	9800	310	0.015000	1	4039	0.986084	0.986084	0.000000	0.000000
64	9800	311	0.015000	1	4039	0.986084	0.986084	0.000000	0.000000
64	9800	312	0.015000	1	4039	0.986084	0.986084	0.000000	0.000000
64	9800	313	0.015000	1	4039	0.986084	0.986084	0.000000	0.000000
64	9800	314	0.015000	1	4039	0.986084	0.986084	0.000000	0.000000
64	9800	315	0.015000	1	4039	0.986084	0.986084	0.000000	0.000000
64	9800	316	0.015000	1	4039	0.986084	0.986084	0.000000	0.000000
64	9800	317	0.015000	1	4039	0.986084	0.986084	0.000000	0.000000
64	9800	318	0.015000	1	4039	0.986084	0.986084	0.000000	0.000000
64	9800	319	0.015000	1	4039	0.986084	0.986084	0.000000	0.000000
64	9800	320	0.015000	1	4039	0.986084	0.986084	0.000000	0.000000
64	9800	321	0.015000	1	4039	0.986084	0.986084	0.000000	0.000000
64	9800	322	0.015000	1	4039	0.986084	0.986084	0.000000	0.000000
64	9800	323	0.015000	1	4039	0.986084	0.986084	0.000000	0.000000
64	9800	324	0.015000	1	4039	0.986084	0.986084	0.000000	0.000000
64	9800	325	0.015000	1	4039	0.986084	0.986084	0.000000	0.000000
64	9800	326	0.015000	1	4039	0.986084	0.986084	0.000000	0.000000
64	9800	327	0.015000	1	4039	0.986084	0.986084	0.000000	0.000000
64	9800	328	0.015000	1	4039	0.986084	0.986084	0.000000	0.000000
64	9800	329	0.015000	1	4039	0.986084	0.986084	0.000000	0.000000
64	9800	330	0.015000	1	4039	0.986084	0.986084	0.000000	0.000000
64	9800	331	0.015000	1	4039	0.986084	0.986084	0.000000	0.000000
64	9800	332	0.015000	1	4039	0.986084	0.986084	0.000000	0.000000
64	9800	333	0.015000	1	4039	0.986084	0.986084	0.000000	0.000000
64	9800	334	0.015000	1	4039	0.986084	0.986084	0.000000	0.000000
64	9800	335	0.015000	1	4039	0.986084	0.986084	0.000000	0.000000
64	9800	336	0.015000	1	4039	0.986084	0.986084	0.000000	0.000000
64	9800	337	0.015000	1	4039	0.986084	0.986084	0.000000	0.000000
64	9800	338	0.015000	1	4039	0.986084	0.986084	0.000000	0.000000
64	9800	339	0.015000	1	4039	0.986084	0.986084	0.000000	0.000000
64	9800	340	0.015000	1	4039	0.986084	0.986084	0.000000	0.000000
64	9800	341	0.015000	1	4039	0.986084	0.986084	0.000000	0.000000
64	9800	342	0.015000	1	4039	0.986084	0.986084	0.000000	0.000000
64	9800	343	0.015000	1	4039	0.986084	0.986084	0.000000	0.000000
64	9800	344	0.015000	1	4039	0.986084	0.986084	0.000000	0.000000
64	9800	345	0.015000	1	4039	0.986084	0.986084	0.000000	0.000000
64	9800	346	0.015000	1	4039	0.986084	0.986084	0.000000	0.000000
64	9800	347	0.015000	1	4039	0.986084	0.986084	0.000000	0.000000
64	9800	348	0.015000	1	4039	0.986084	0.986084	0.000000	0.000000
64	9800	349	0.015000	1	4039	0.986084	0.986084	0.000000	0.000000
64	9800	350	0.015000	1	4039	0.986084	0.986084	0.000000	0.000000
64	9800	351	0.015000	1	4039	0.986084	0.986084	0.000000	0.000000
64	9800	352	0.015000	1	4039	0.986084	0.986084	0.000000	0.000000
64	9800	353	0.015000	1	4039	0.986084	0.986084	0.000000	0.000000
64	9800	354	0.015000	1	4039	0.986084	0.986084	0.000000	0.000000
64	9800	355	0.015000	1	4039	0.986084	0.986084	0.000000	0.000000
64	9800	356	0.015000	1	4039	0.986084	0.986084	0.000000	0.000000
64	9800	357	0.015000	1	4039	0.986084	0.986084	0.000000	0.000000
64	9800	358	0.015000	1	4039	0.986084	0.986084	0.000000	0.000000
64	9800	359	0.015000	1	4039	0.986084	0.986084	0.000000	0.000000
64	9800	360	0.015000	1	4039	0.986084	0.986084	0.000000	0.000000
64	9800	361	0.015000	1	4039	0.986084	0.986084	0.000000	0.000000
64	9800	362	0.015000	1	4039	0.986084	0.986084	0.000000	0.000000
64	9800	363	0.015000	1	4039	0.986084	0.986084	0.000000	0.000000
64	9800	364	0.015000	1	4039	0.986084	0.986084	0.000000	0.000000
64	9800	365	0.015000	1	4039	0.986084	0.986084	0.000000	0.000000
64	9800	366	0.015000	1	4039	0.986084	0.986084	0.000000	0.000000
64	9800	367	0.015000	1	4039	0.986084	0.986084	0.000000	0.000000
64	9800	368	0.015000	1	4039	0.986084	0.986084	0.000000	0.000000
64	9800	369	0.015000	1	4039	0.986084	0.986084	0.000000	0.000000
64	9800	370	0.015000	1	4039	0.986084	0.986084	0.000000	0.000000
64	9800	371	0.015000	1	4039	0.986084	0.986084	0.000000	0.000000
64	9800	372	0.015000	1	4039	0.986084	0.986084	0.000000	0.000000
64	9800	373	0.015000	1	4039	0.986084	0.986084	0.000000	0.000000
64	9800	374	0.015000	1	4039	0.986084	0.986084	0.000000	0.000000
64	9800	375	0.015000	1	4039	0.986084	0.986084	0.000000	0.000000
64	9800	376	0.015000	1	4039	0.986084	0.986084	0.000000	0.000000
64	9800	377	0.015000	1	4039	0.986084	0.986084	0.000000	0.000000
64	9800	378	0.015000	1	4039	0.986084	0.986084	0.000000	0.000000
64	9800	379	0.015000	1	4039	0.986084	0.986084	0.000000	0.000000
64	9800	380	0.015000	1	4039	0.986084	0.986084	0.000000	0.000000
64	9800	381	0.015000	1	4039	0.986084	0.986084	0.000000	0.000000
64	9800	382	0.015000	1	4039	0.986084	0.986084	0.000000	0.000000
64	9800	383	0.015000	1	4039	0.986084	0.986084	0.000000	0.000000
64	9800	384	0.015000	1	4039	0.986084	0.986084	0.000000	0.000000
64	9800	385	0.015000	1	4039	0.986084	0.986084	0.000000	0.000000
64	9800	386	0.015000	1	4039	0.986084	0.986084	0.000000	0.000000
64	9800	387	0.015000	1	4039	0.986084	0.986084	0.000000	0.000000
64	9800	388	0.015000	1	4039	0.986084	0.986084	0.000000	0.000000
64	9800	389	0.015000	1	4039	0.986084	0.986084	0.000000	0.000000
64	9800	390	0.015000	1	4039	0.986084	0.986084	0.000000	0.000000
64	9800	391	0.015000	1	4039	0.986084	0.986084	0.000000	0.000000
64	9800	392	0.015000	1	4039	0.986084	0.986084	0.000000	0.000000
64	9800	393	0.015000	1	4039	0.986084	0.986084	0.000000	0.000000
64	9800	394	0.015000	1	4039	0.986084	0.986084	0.000000	0.000000
64	9800	395	0.015000	1	4039	0.986084	0.986084	0.000000	0.000000
64	9800	396	0.015000	1	4039	0.986084	0.986084	0.000000	0.000000
64	9800	397	0.015000	1	4039	0.986084	0.986084	0.000000	0.000000
64	9800	398	0.015000	1	4039	0.986084	0.986084	0.000000	0.000000
64	9800	399	0.015000	1	4039	0.986084	0.986084	0.000000	0.000000
64	9800	400	0.015000	1	4039	0.986084	0.986084	0.000000	0.000000
64	9800	401	0.015000	1	4039	0.986084	0.986084	0.000000	0.000000
64	9800	402	0.015000	1	4039	0.986084	0.986084	0.000000	0.000000
64	9800	403	0.015000	1	4039	0.986084	0.986084	0.000000	0.000000
64	9800	404	0.015000	1	4039	0.986084	0.986084	0.000000	0.000000
64	9800	405	0.015000	1	4039	0.986084	0.986084	0.000000	0.000000
64	9800	406	0.015000	1	4039	0.986084	0.986084	0.000000	0.000000
64	9800	407	0.015000	1	4039	0.986084	0.986084	0.000000	0.000000
64	9800	408	0.015000	1	4039	0.986084	0.986084	0.000000	0.000000
64	9800	409	0.015000	1	4039	0.986084	0.986084	0.000000	0.000000
64	9800	410	0.015000	1	4039	0.986084	0.986084	0.000000	0.000000
64	9800	411	0.015000	1	4039	0.986084	0.986084	0.000000	0.000000
64	9800	412	0.015000	1	4039	0.986084	0.986084	0.000000	0.000000
64	9800	413	0.015000	1	4039	0.986084	0.986084	0.000000	0.000000
64	9800	414	0.015000	1	4039	0.986084	0.986084	0.000000	0.000000
64	9800	415	0.015000	1	4039	0.986084	0.986084	0.000000	0.000000
64	9800	416	0.015000	1	4039	0.986084	0.986084	0.000000	0.000000
64	9800	417	0.015000	1	4039	0.986084	0.986084	0.000000	0.000000
64	9800	418	0.015000	1	4039	0.986084	0.986084	0.000000	0.000000
64	9800	419	0.015000	1	4039	0.986084	0.986084	0.000000	0.000000
64	9800	420	0.015000	1	4039	0.986084	0.986084	0.000000	0.000000
64	9800	421	0.015000	1	4039	0.986084	0.986084	0.000000	0.000000
64	9800	422	0.015000	1	4039	0.986084	0.986084	0.000000	0.000000
64	9800	423	0.015000	1	4039	0.986084	0.986084	0.000000	0.000000
64	9800	424	0.015000	1	4039	0.986084	0.986084	0.000000	0.000000
64	9800	425	0.015000	1	4039	0.986084	0.986084	0.000000	0.000000
64	9800	426	0.015000	1	4039	0.986084	0.986084	0.000000	0.000000
64	9800	427	0.015000	1	4039	0.986084	0.986084	0.000000	0.000000
64	9800	428	0.015000	1	4039	0.986084	0.986084	0.000000	0.000000
64	9800	429	0.015000	1	4039	0.986084	0.986084	0.000000	0.000000
64	9800	430	0.015000	1	4039	0.986084	0.986084	0.000000	0.000000
64	9800	431	0.015000	1	4039	0.986084	0.986084	0.000000	0.000000
64	9800	432	0.015000	1	4039	0.986084	0.986084	0.000000	0.000000
64	9800	433	0.015000	1	4039	0.986084	0.986084	0.000000	0.000000
64	9800	434	0.015000	1	4039	0.986084	0.986084	0.000000	0.000000
64	9800	435	0.015000	1	4039	0.986084	0.986084	0.000000	0.000000
64	9800	436	0.015000	1	4039	0.986084	0.986084	0.000000	0.000000
64	9800	437	0.015000	1	4039	0.986084	0.986084	0.000000	0.000000
64	9800	438	0.015000	1	4039	0.986084	0.986084	0.000000	0.000000
64	9800	439	0.015000	1	4039	0.986084	0.986084	0.000000	0.000000
64	9800	440	0.015000	1	4039	0.986084	0.986084	0.000000	0.000000
64	9800	441	0.015000	1	4039	0.986084	0.986084	0.000000	0.000000
64	9800	442	0.015000	1	4039	0.986084	0.986084	0.000000	0.000000
64	9800	443	0.015000	1	4039	0.986084	0.986084	0.000000	0.000000
64	9800	444	0.015000	1	4039	0.986084	0.986084	0.000000	0.000000
64	9800	445	0.015000	1	4039	0.986084	0.986084	0.000000	0.000000
64	9800	446	0.015000	1	4039	0.986084	0.986084	0.000000	0.000000
64	9800	447	0.015000	1	4039	0.986084	0.986084	0.000000	0.000000
64	9800	448	0.015000	1	4039	0.986084	0.986084	0.000000	0.000000
64	9800	449	0.015000	1	4039	0.986084	0.986084	0.000000	0.000000
64	9800	450	0.015000	1	4039	0.986084	0.986084	0.000000	0.000000
64	9800	451	0.015000	1	4039	0.986084	0.986084	0.000000	0.000000
64	9800	452	0.015000	1	4039	0.986084	0.986084	0.000000	0.000000
64	9800	453	0.015000	1	4039	0.986084	0.986084	0.000000	0.000000
64	9800	454	0.015000	1	4039	0.986084	0.986084	0.000000	0.000000
64	9800	455	0.015000	1	4039	0.986084	0.986084	0.000000	0.000000
64	9800	456	0.015000	1	4039	0.986084	0.986084	0.000000	0.000000
64	9800	457	0.015000	1	4039	0.986084	0.986084	0.000000	0.000000
64	9800	458	0.015000	1	4039	0.986084	0.986084	0.000000	0.000000
64	9800	459	0.015000	1	4039	0.986084	0.986084	0.000000	0.000000
64	9800	460	0.015000	1	4039	0.986084	0.986084	0.000000	0.000000
64	9800	461	0.015000	1	4039	0.986084	0.986084	0.000000	0.000000
64	9800	462	0.015000	1	4039	0.986084	0.986084	0.000000	0.000000
64	9800	463	0.015000	1	4039	0.986084	0.986084	0.000000	0.000000
64	9800	464	0.015000	1	4039	0.986084	0.986084	0.000000	0.000000
64	9800	465	0.015000	1	4039	0.986084	0.986084	0.000000	0.000000
64	9800	466	0.015000	1	4039	0.986084	0.986084	0.000000	0.000000
64	9800	467	0.015000	1	4039	0.986084	0.986084	0.000000	0.000000
64	9800	468	0.015000	1	4039	0.986084	0.986084	0.000000	0.000000
64	9800	469	0.015000	1	4039	0.986084	0.986084	0.000000	0.000000
64	9800	470	0.015000	1	4039	0.986084	0.986084	0.000000	0.000000
64	9800	471	0.015000	1	4039	0.986084	0.986084	0.000000	0.000000
64	9800	472	0.015000	1	4039	0.986084	0.986084	0.000000	0.000000
64	9800	473	0.015000	1	4039	0.986084	0.986084	0.000000	0.000000
64	9800	474	0.015000	1	4039	0.986084	0.986084	0.000000	0.000000
64	9800	475	0.015000	1	4039	0.986084	0.986084	0.000000	0.000000
64	9800	476	0.015000	1	4039	0.986084	0.986084	0.000000	0.000000
64	9800	477	0.015000	1	4039	0.986084	0.986084	0.000000	0.000000
64	9800	478	0.015000	1	4039	0.986084	0.986084	0.000000	0.000000
64	9800	479	0.015000	1	4039	0.986084	0.986084	0.000000	0.000000
64	9800	480	0.015000	1	4039	0.986084	0.986084	0.000000	0.000000
64	9800	481	0.015000	1	4039	0.986084	0.986084	0.000000	0.000000
64	9800	482	0.015000	1	4039	0.986084	0.986084	0.000000	0.000000
64	9800	483	0.015000	1	4039	0.986084	0.986084	0.000000	0.000000
64	9800	484	0.015000	1	4039	0.986084	0.986084	0.000000	0.000000
64	9800	485	0.015000	1	4039	0.986084	0.986084	0.000000	0.000000
64	9800	486	0.015000	1	4039	0.986084	0.986084	0.000000	0.000000
64	9800	487	0.015000	1	4039	0.986084	0.986084	0.000000	0.000000
64	9800	488	0.015000	1	4039	0.986084	0.986084	0.000000	0.000000
64	9800	489	0.015000	1	4039	0.986084	0.986084	0.000000	0.000000
64	9800	490	0.015000	1	4039	0.986084	0.986084	0.000000	0.000000
64	9800	491	0.015000	1	4039	0.986084	0.986084	0.000000	0.000000
64	9800	492	0.015000	1	4039	0.986084	0.986084	0.000000	0.000000
64	9800	493	0.015000	1	4039	0.986084	0.986084	0.000000	0.000000
64	9800	494	0.015000	1	4039	0.986084	0.986084	0.000000	0.000000
64	9800	495	0.015000	1	4039	0.986084	0.986084	0.000000	0.000000
64	9800	496	0.015000	1	4039	0.986084	0.986084	0.000000	0.000000
64	9800	497	0.015000	1	4039	0.986084	0.986084	0.000000	0.000000
64	9800	498	0.015000	1	4039	0.986084	0.986084	0.000000	0.000000
64	9800	499	0.015000	1	4039	0.986084	0.986084	0.000000	0.000000
64	9800	500	0.015000	1	4039	0.986084	0.986084	0.000000	0.000000
64	9800	501	0.015000	1	4039	0.986084	0.986084	0.000000	0.000000
64	9800	502	0.015000	1	4039	0.986084	0.986084	0.000000	0.000000
64	9800	503	0.015000	1	4039	0.986084	0.986084	0.000000	0.000000
64	9800	504	0.015000	1	4039	0.986084	0.986084	0.000000	0.000000
64	9800	505	0.015000	1	4039	0.986084	0.986084	0.000000	0.000000
64	9800	506	0.015000	1	4039	0.986084	0.986084	0.000000	0.000000
64	9800	507	0.015000	1	4039	0.986084	0.986084	0.000000	0.000000
64	9800	508	0.015000	1	4039	0.986084	0.986084	0.000000	0.000000
64	9800	509	0.015000	1	4039	0.986084	0.986084	0.000000	0.000000
64	9800	510	0.015000	1	4039	0.986084	0.986084	0.000000	0.000000
64	9800	511	0.015000	1	4039	0.986084	0.986084	0.000000	0.000000
64	9800	512	0.015000	1	4039	0.986084	0.986084	0.000000	0.000000
64	9800	513	0.015000	1	4039	0.986084	0.986084	0.000000	0.000000
64	9800	514	0.015000	1	4039	0.986084	0.986084	0.000000	0.000000
64	9800	515	0.015000	1	4039	0.986084	0.986084	0.000000	0.000000
64	9800	516	0.015000	1	4039	0.986084	0.986084	0.000000	0.000000
64	9800	517	0.015000	1	4039	0.986084	0.986084	0.000000	0.000000
64	9800	518	0.015000	1	4039	0.986084	0.986084	0.000000	0.000000
64	9800	519	0.015000	1	4039	0.986084	0.986084	0.000000	0.000000
64	9800	520	0.015000	1	4039	0.986084	0.986084	0.000000	0.000000
64	9800	521	0.015000	1	4039	0.986084	0.986084	0.000000	0.000000
64	9800	522	0.015000	1	4039	0.986084	0.986084	0.000000	0.000000
64	9800	523	0.015000	1	4039	0.986084	0.986084	0.000000	0.000000
64	9800	524	0.015000	1	4039	0.986084	0.986084	0.000000	0.000000
64	9800	525	0.015000	1	4039	0.986084	0.986084	0.000000	0.000000
64	9800	526	0.015000	1	4039	0.986084	0.986084	0.000000	0.000000
64	9800	527	0.015000	1	4039	0.986084	0.986084	0.000000	0.000000
64	9800	528	0.015000	1	4039	0.986084	0.986084	0.000000	0.000000
64	9800	529	0.015000	1	4039	0.986084	0.986084	0.000000	0.000000
64	9800	530	0.015000	1	4039	0.986084	0.986084	0.000000	0.000000
64	9800	531	0.015000	1	4039	0.986084	0.986084	0.000000	0.000000
64	9800	532	0.015000	1	4039	0.986084	0.986084	0.000000	0.000000
64	9800	533	0.015000	1	4039	0.986084	0.986084	0.000000	0.000000
64	9800	534	0.015000	1	4039	0.986084	0.986084	0.000000	0.000000
64	9800	535	0.015000	1	4039	0.986084	0.986084	0.000000	0.000000
64	9800	536	0.015000	1	4039	0.986084	0.986084	0.000000	0.000000
64	9800	537	0.015000	1	4039	0.986084	0.986084	0.000000	0.000000
64	9800	538	0.015000	1	4039	0.986084	0.986084	0.000000	0.000000
64	9800	539	0.015000	1	4039	0.986084	0.986084	0.000000	0.000000
64	9800	540	0.015000	1	4039	0.986084	0.986084	0.000000	0.000000
64	9800	541	0.015000	1	4039	0.986084	0.986084	0.000000	0.000000
64	9800	542	0.015000	1	4039	0.986084	0.986084	0.000000	0.000000
64	9800	543	0.015000	1	4039	0.986084	0.986084	0.000000	0.000000
64	9800	544	0.015000	1	4039	0.986084	0.986084	0.000000	0.000000
64	9800	545	0.015000	1	4039	0.986084	0.986084	0.000000	0.000000
64	9800	546	0.015000	1	4039	0.986084	0.986084	0.000000	0.000000
64	9800	547	0.015000	1	4039	0.986084	0.986084	0.000000	0.000000
64	9800	548	0.015000	1	4039	0.986084	0.986084	0.000000	0.000000
64	9800	549	0.015000	1	4039	0.986084	0.986084	0.000000	0.000000
64	9800	550	0.015000	1	4039	0.986084	0.986084	0.000000	0.000000
64	9800	551	0.015000	1	4039	0.986084	0.986084	0.000000	0.000000
64	9800	552	0.015000	1	4039	0.986084	0.986084	0.000000	0.000000
64	9800	553	0.015000	1	4039	0.986084	0.986084	0.000000	0.000000
64	9800	554	0.015000	1	4039	0.986084	0.986084	0.000000	0.000000
64	9800	555	0.015000	1	4039	0.986084	0.986084	0.000000	0.000000
64	9800	556	0.015000	1	4039	0.986084	0.986084	0.000000	0.000000
64	9800	557	0.015000	1	4039	0.986084	0.986084	0.000000	0.000000
64	9800	558	0.015000	1	4039	0.986084	0.986084	0.000000	0.000000
64	9800	559	0.015000	1	4039	0.986084	0.986084	0.000000	0.000000
64	9800	560	0.015000	1	4039	0.986084	0.986084	0.000000	0.000000
64	9800	561	0.015000	1	4039	0.986084	0.986084	0.000000	0.000000
64	9800	562	0.015000	1	4039	0.986084	0.986084	0.000000	0.000000
64	9800	563	0.015000	1	4039	0.986084	0.986084	0.000000	0.000000
64	9800	564	0.015000	1	4039	0.986084	0.986084	0.000000	0.000000
64	9800	565	0.015000	1	4039	0.986084	0.986084	0.000000	0.000000
64	9800	566	0.015000	1	4039	0.986084	0.986084	0.000000	0.000000
64	9800	567	0.015000	1	4039	0.986084	0.986084	0.000000	0.000000
64	9800	568	0.015000	1	4039	0.986084	0.986084	0.000000	0.000000
64	9800	569	0.015000	1	4039	0.986084	0.986084	0.000000	0.000000
64	9800	570	0.015000	1	4039	0.986084	0.986084	0.000000	0.000000
64	9800	571	0.015000	1	4039	0.986084	0.986084	0.000000	0.000000
64	9800	572	0.015000	138	78	0.019043	0.227539	0.019043	5.773133
64	9800	573	0.015000	1	4039	0.986084	0.986084	0.000000	0.000000
64	9800	574	0.015000	1	4039	0.986084	0.986084	0.000000	0.000000
64	9800	575	0.015000	1	4039	0.986084	0.986084	0.000000	0.000000
64	9800	576	0.015000	1	4039	0.986084	0.986084	0.000000	0.000000
64	9800	577	0.015000	1	4039	0.986084	0.986084	0.000000	0.000000
64	9800	578	0.015000	1	4039	0.986084	0.986084	0.000000	0.000000
64	9800	579	0.015000	1	4039	0.986084	0.986084	0.000000	0.000000
64	9800	580	0.015000	1	4039	0.986084	0.986084	0.000000	0.000000
64	9800	581	0.015000	1	4039	0.986084	0.986084	0.000000	0.000000
64	9800	582	0.015000	1	4039	0.986084	0.986084	0.000000	0.000000
64	9800	583	0.015000	1	4039	0.986084	0.986084	0.000000	0.000000
64	9800	584	0.015000	1	4039	0.986084	0.986084	0.000000	0.000000
64	9800	585	0.015000	1	4039	0.986084	0.986084	0.000000	0.000000
64	9800	586	0.015000	1	4039	0.986084	0.986084	0.000000	0.000000
64	9800	587	0.015000	1	4039	0.986084	0.986084	0.000000	0.000000
64	9800	588	0.015000	1	4039	0.986084	0.986084	0.000000	0.000000
64	9800	589	0.015000	1	4039	0.986084	0.986084	0.000000	0.000000
64	9800	590	0.015000	1	4039	0.986084	0.986084	0.000000	0.000000
64	9800	591	0.015000	1	4039	0.986084	0.986084	0.000000	0.000000
64	9800	592	0.015000	1	4039	0.986084	0.986084	0.000000	0.000000
64	9800	593	0.015000	1	4039	0.986084	0.986084	0.000000	0.000000
64	9800	594	0.015000	1	4039	0.986084	0.986084	0.000000	0.000000
64	9800	595	0.015000	1	4039	0.986084	0.986084	0.000000	0.000000
64	9800	596	0.015000	1	4039	0.986084	0.986084	0.000000	0.000000
64	9800	597	0.015000	1	4039	0.986084	0.986084	0.000000	0.000000
64	9800	598	0.015000	1	4039	0.986084	0.986084	0.000000	0.000000
64	9800	599	0.015000	1	4039	0.986084	0.986084	0.000000	0.000000
64	9800	600	0.015000	1	4039	0.986084	0.986084	0.000000	0.000000
64	9800	601	0.015000	1	4039	0.986084	0.986084	0.000000	0.000000
64	9800	602	0.015000	1	4039	0.986084	0.986084	0.000000	0.000000
64	9800	603	0.015000	1	4039	0.986084	0.986084	0.000000	0.000000
64	9800	604	0.015000	1	4039	0.986084	0.986084	0.000000	0.000000
64	9800	605	0.015000	1	4039	0.986084	0.986084	0.000000	0.000000
64	9800	606	0.015000	1	4039	0.986084	0.986084	0.000000	0.000000
64	9800	607	0.015000	1	4039	0.986084	0.986084	0.000000	0.000000
64	9800	608	0.015000	1	4039	0.986084	0.986084	0.000000	0.000000
64	9800	609	0.015000	1	4039	0.986084	0.986084	0.000000	0.000000
64	9800	610	0.015000	1	4039	0.986084	0.986084	0.000000	0.000000
64	9800	611	0.015000	1	4039	0.986084	0.986084	0.000000	0.000000
64	9800	612	0.015000	1	4039	0.986084	0.986084	0.000000	0.000000
64	9800	613	0.015000	1	4039	0.986084	0.986084	0.000000	0.000000
64	9800	614	0.015000	1	4039	0.986084	0.986084	0.000000	0.000000
64	9800	615	0.015000	1	4039	0.986084	0.986084	0.000000	0.000000
64	9800	616	0.015000	1	4039	0.986084	0.986084	0.000000	0.000000
64	9800	617	0.015000	1	4039	0.986084	0.986084	0.000000	0.000000
64	9800	618	0.015000	1	4039	0.986084	0.986084	0.000000	0.000000
64	9800	619	0.015000	1	4039	0.986084	0.986084	0.000000	0.000000
64	9800	620	0.015000	1	4039	0.986084	0.986084	0.000000	0.000000
64	9800	621	0.015000	1	4039	0.986084	0.986084	0.000000	0.000000
64	9800	622	0.015000	1	4039	0.986084	0.986084	0.000000	0.000000
64	9800	623	0.015000	1	4039	0.986084	0.986084	0.000000	0.000000
64	9800	624	0.015000	1	4039	0.986084	0.986084	0.000000	0.000000
64	9800	625	0.015000	1	4039	0.986084	0.986084	0.000000	0.000000
64	9800	626	0.015000	1	4039	0.986084	0.986084	0.000000	0.000000
64	9800	627	0.015000	1	4039	0.986084	0.986084	0.000000	0.000000
64	9800	628	0.015000	1	4039	0.986084	0.986084	0.000000	0.000000
64	9800	629	0.015000	1	4039	0.986084	0.986084	0.000000	0.000000
64	9800	630	0.015000	1	4039	0.986084	0.986084	0.000000	0.000000
64	9800	631	0.015000	1	4039	0.986084	0.986084	0.000000	0.000000
64	9800	632	0.015000	1	4039	0.986084	0.986084	0.000000	0.000000
64	9800	633	0.015000	1	4039	0.986084	0.986084	0.000000	0.000000
64	9800	634	0.015000	1	4039	0.986084	0.986084	0.000000	0.000000
64	9800	635	0.015000	1	4039	0.986084	0.986084	0.000000	0.000000
64	9800	636	0.015000	1	4039	0.986084	0.986084	0.000000	0.000000
64	9800	637	0.015000	1	4039	0.986084	0.986084	0.000000	0.000000
64	9800	638	0.015000	1	4039	0.986084	0.986084	0.000000	0.000000
64	9800	639	0.015000	1	4039	0.986084	0.986084	0.000000	0.000000
64	9800	640	0.015000	1	4039	0.986084	0.986084	0.000000	0.000000
64	9800	641	0.015000	1	4039	0.986084	0.986084	0.000000	0.000000
64	9800	642	0.015000	1	4039	0.986084	0.986084	0.000000	0.000000
64	9800	643	0.015000	1	4039	0.986084	0.986084	0.000000	0.000000
64	9800	644	0.015000	1	4039	0.986084	0.986084	0.000000	0.000000
64	9800	645	0.015000	1	4039	0.986084	0.986084	0.000000	0.000000
64	9800	646	0.015000	1	4039	0.986084	0.986084	0.000000	0.000000
64	9800	647	0.015000	1	4039	0.986084	0.986084	0.000000	0.000000
64	9800	648	0.015000	1	4039	0.986084	0.986084	0.000000	0.000000
64	9800	649	0.015000	1	4039	0.986084	0.986084	0.000000	0.000000
64	9800	650	0.015000	1	4039	0.986084	0.986084	0.000000	0.000000
64	9800	651	0.015000	1	4039	0.986084	0.986084	0.000000	0.000000
64	9800	652	0.015000	1	4039	0.986084	0.986084	0.000000	0.000000
64	9800	653	0.015000	1	4039	0.986084	0.986084	0.000000	0.000000
64	9800	654	0.015000	1	4039	0.986084	0.986084	0.000000	0.000000
64	9800	655	0.015000	1	4039	0.986084	0.986084	0.000000	0.000000
64	9800	656	0.015000	1	4039	0.986084	0.986084	0.000000	0.000000
64	9800	657	0.015000	1	4039	0.986084	0.986084	0.000000	0.000000
64	9800	658	0.015000	1	4039	0.986084	0.986084	0.000000	0.000000
64	9800	659	0.015000	1	4039	0.986084	0.986084	0.000000	0.000000
64	9800	660	0.015000	1	4039	0.986084	0.986084	0.000000	0.000000
64	9800	661	0.015000	1	4039	0.986084	0.986084	0.000000	0.000000
64	9800	662	0.015000	1	4039	0.986084	0.986084	0.000000	0.000000
64	9800	663	0.015000	1	4039	0.986084	0.986084	0.000000	0.000000
64	9800	664	0.015000	1	4039	0.986084	0.986084	0.000000	0.000000
64	9800	665	0.015000	1	4039	0.986084	0.986084	0.000000	0.000000
64	9800	666	0.015000	1	4039	0.986084	0.986084	0.000000	0.000000
64	9800	667	0.015000	1	4039	0.986084	0.986084	0.000000	0.000000
64	9800	668	0.015000	1	4039	0.986084	0.986084	0.000000	0.000000
64	9800	669	0.015000	1	4039	0.986084	0.986084	0.000000	0.000000
64	9800	670	0.015000	1	4039	0.986084	0.986084	0.000000	0.000000
64	9800	671	0.015000	1	4039	0.986084	0.986084	0.000000	0.000000
64	9800	672	0.015000	1	4039	0.986084	0.986084	0.000000	0.000000
64	9800	673	0.015000	1	4039	0.986084	0.986084	0.000000	0.000000
64	9800	674	0.015000	1	4039	0.986084	0.986084	0.000000	0.000000
64	9800	675	0.015000	1	4039	0.986084	0.986084	0.000000	0.000000
64	9800	676	0.015000	1	4039	0.986084	0.986084	0.000000	0.000000
64	9800	677	0.015000	1	4039	0.986084	0.986084	0.000000	0.000000
64	9800	678	0.015000	1	4039	0.986084	0.986084	0.000000	0.000000
64	9800	679	0.015000	1	4039	0.986084	0.986084	0.000000	0.000000
64	9800	680	0.015000	1	4039	0.986084	0.986084	0.000000	0.000000
64	9800	681	0.015000	1	4039	0.986084	0.986084	0.000000	0.000000
64	9800	682	0.015000	1	4039	0.986084	0.986084	0.000000	0.000000
64	9800	683	0.015000	1	4039	0.986084	0.986084	0.000000	0.000000
64	9800	684	0.015000	1	4039	0.986084	0.986084	0.000000	0.000000
64	9800	685	0.015000	1	4039	0.986084	0.986084	0.000000	0.000000
64	9800	686	0.015000	1	4039	0.986084	0.986084	0.000000	0.000000
64	9800	687	0.015000	1	4039	0.986084	0.986084	0.000000	0.000000
64	9800	688	0.015000	1	4039	0.986084	0.986084	0.000000	0.000000
64	9800	689	0.015000	1	4039	0.986084	0.986084	0.000000	0.000000
64	9800	690	0.015000	1	4039	0.986084	0.986084	0.000000	0.000000
64	9800	691	0.015000	1	4039	0.986084	0.986084	0.000000	0.000000
64	9800	692	0.015000	1	4039	0.986084	0.986084	0.000000	0.000000
64	9800	693	0.015000	1	4039	0.986084	0.986084	0.000000	0.000000
64	9800	694	0.015000	1	4039	0.986084	0.986084	0.000000	0.000000
64	9800	695	0.015000	1	4039	0.986084	0.986084	0.000000	0.000000
64	9800	696	0.015000	1	4039	0.986084	0.986084	0.000000	0.000000
64	9800	697	0.015000	1	4039	0.986084	0.986084	0.000000	0.000000
64	9800	698	0.015000	1	4039	0.986084	0.986084	0.000000	0.000000
64	9800	699	0.015000	1	4039	0.986084	0.986084	0.000000	0.000000
64	9800	700	0.015000	1	4039	0.986084	0.986084	0.000000	0.000000
64	9800	701	0.015000	1	4039	0.986084	0.986084	0.000000	0.000000
64	9800	702	0.015000	1	4039	0.986084	0.986084	0.000000	0.000000
64	9800	703	0.015000	1	4039	0.986084	0.986084	0.000000	0.000000
64	9800	704	0.015000	1	4039	0.986084	0.986084	0.000000	0.000000
64	9800	705	0.015000	1	4039	0.986084	0.986084	0.000000	0.000000
64	9800	706	0.015000	1	4039	0.986084	0.986084	0.000000	0.000000
64	9800	707	0.015000	1	4039	0.986084	0.986084	0.000000	0.000000
64	9800	708	0.015000	1	4039	0.986084	0.986084	0.000000	0.000000
64	9800	709	0.015000	1	4039	0.986084	0.986084	0.000000	0.000000
64	9800	710	0.015000	1	4039	0.986084	0.986084	0.000000	0.000000
64	9800	711	0.015000	1	4039	0.986084	0.986084	0.000000	0.000000
64	9800	712	0.015000	1	4039	0.986084	0.986084	0.000000	0.000000
64	9800	713	0.015000	1	4039	0.986084	0.986084	0.000000	0.000000
64	9800	714	0.015000	1	4039	0.986084	0.986084	0.000000	0.000000
64	9800	715	0.015000	1	4039	0.986084	0.986084	0.000000	0.000000
64	9800	716	0.015000	1	4039	0.986084	0.986084	0.000000	0.000000
64	9800	717	0.015000	1	4039	0.986084	0.986084	0.000000	0.000000
64	9800	718	0.015000	1	4039	0.986084	0.986084	0.000000	0.000000
64	9800	719	0.015000	1	4039	0.986084	0.986084	0.000000	0.000000
64	9800	720	0.015000	1	4039	0.986084	0.986084	0.000000	0.000000
64	9800	721	0.015000	1	4039	0.986084	0.986084	0.000000	0.000000
64	9800	722	0.015000	1	4039	0.986084	0.986084	0.000000	0.000000
64	9800	723	0.015000	1	4039	0.986084	0.986084	0.000000	0.000000
64	9800	724	0.015000	1	4039	0.986084	0.986084	0.000000	0.000000
64	9800	725	0.015000	1	4039	0.986084	0.986084	0.000000	0.000000
64	9800	726	0.015000	1	4039	0.986084	0.986084	0.000000	0.000000
64	9800	727	0.015000	1	4039	0.986084	0.986084	0.000000	0.000000
64	9800	728	0.015000	1	4039	0.986084	0.986084	0.000000	0.000000
64	9800	729	0.015000	1	4039	0.986084	0.986084	0.000000	0.000000
64	9800	730	0.015000	1	4039	0.986084	0.986084	0.000000	0.000000
64	9800	731	0.015000	1	4039	0.986084	0.986084	0.000000	0.000000
64	9800	732	0.015000	1	4039	0.986084	0.986084	0.000000	0.000000
64	9800	733	0.015000	1	4039	0.986084	0.986084	0.000000	0.000000
64	9800	734	0.015000	1	4039	0.986084	0.986084	0.000000	0.000000
64	9800	735	0.015000	1	4039	0.986084	0.986084	0.000000	0.000000
64	9800	736	0.015000	1	4039	0.986084	0.986084	0.000000	0.000000
64	9800	737	0.015000	1	4039	0.986084	0.986084	0.000000	0.000000
64	9800	738	0.015000	1	4039	0.986084	0.986084	0.000000	0.000000
64	9800	739	0.015000	1	4039	0.986084	0.986084	0.000000	0.000000
64	9800	740	0.015000	1	4039	0.986084	0.986084	0.000000	0.000000
64	9800	741	0.015000	1	4039	0.986084	0.986084	0.000000	0.000000
64	9800	742	0.015000	1	4039	0.986084	0.986084	0.000000	0.000000
64	9800	743	0.015000	1	4039	0.986084	0.986084	0.000000	0.000000
64	9800	744	0.015000	1	4039	0.986084	0.986084	0.000000	0.000000
64	9800	745	0.015000	1	4039	0.986084	0.986084	0.000000	0.000000
64	9800	746	0.015000	1	4039	0.986084	0.986084	0.000000	0.000000
64	9800	747	0.015000	1	4039	0.986084	0.986084	0.000000	0.000000
64	9800	748	0.015000	1	4039	0.986084	0.986084	0.000000	0.000000
64	9800	749	0.015000	1	4039	0.986084	0.986084	0.000000	0.000000
64	9800	750	0.015000	1	4039	0.986084	0.986084	0.000000	0.000000
64	9800	751	0.015000	1	4039	0.986084	0.986084	0.000000	0.000000
64	9800	752	0.015000	1	4039	0.986084	0.986084	0.000000	0.000000
64	9800	753	0.015000	1	4039	0.986084	0.986084	0.000000	0.000000
64	9800	754	0.015000	1	4039	0.986084	0.986084	0.000000	0.000000
64	9800	755	0.015000	1	4039	0.986084	0.986084	0.000000	0.000000
64	9800	756	0.015000	1	4039	0.986084	0.986084	0.000000	0.000000
64	9800	757	0.015000	1	4039	0.986084	0.986084	0.000000	0.000000
64	9800	758	0.015000	1	4039	0.986084	0.986084	0.000000	0.000000
64	9800	759	0.015000	1	4039	0.986084	0.986084	0.000000	0.000000
64	9800	760	0.015000	1	4039	0.986084	0.986084	0.000000	0.000000
64	9800	761	0.015000	1	4039	0.986084	0.986084	0.000000	0.000000
64	9800	762	0.015000	1	4039	0.986084	0.986084	0.000000	0.000000
64	9800	763	0.015000	1	4039	0.986084	0.986084	0.000000	0.000000
64	9800	764	0.015000	1	4039	0.986084	0.986084	0.000000	0.000000
64	9800	765	0.015000	1	4039	0.986084	0.986084	0.000000	0.000000
64	9800	766	0.015000	1	4039	0.986084	0.986084	0.000000	0.000000
64	9800	767	0.015000	1	4039	0.986084	0.986084	0.000000	0.000000
64	9800	768	0.015000	1	4039	0.986084	0.986084	0.000000	0.000000
64	9800	769	0.015000	1	4039	0.986084	0.986084	0.000000	0.000000
64	9800	770	0.015000	1	4039	0.986084	0.986084	0.000000	0.000000
64	9800	771	0.015000	1	4039	0.986084	0.986084	0.000000	0.000000
64	9800	772	0.015000	1	4039	0.986084	0.986084	0.000000	0.000000
64	9800	773	0.015000	1	4039	0.986084	0.986084	0.000000	0.000000
64	9800	774	0.015000	1	4039	0.986084	0.986084	0.000000	0.000000
64	9800	775	0.015000	1	4039	0.986084	0.986084	0.000000	0.000000
64	9800	776	0.015000	1	4039	0.986084	0.986084	0.000000	0.000000
64	9800	777	0.015000	1	4039	0.986084	0.986084	0.000000	0.000000
64	9800	778	0.015000	1	4039	0.986084	0.986084	0.000000	0.000000
64	9800	779	0.015000	1	4039	0.986084	0.986084	0.000000	0.000000
64	9800	780	0.015000	1	4039	0.986084	0.986084	0.000000	0.000000
64	9800	781	0.015000	1	4039	0.986084	0.986084	0.000000	0.000000
64	9800	782	0.015000	1	4039	0.986084	0.986084	0.000000	0.000000
64	9800	783	0.015000	1	4039	0.986084	0.986084	0.000000	0.000000
64	9800	784	0.015000	1	4039	0.986084	0.986084	0.000000	0.000000
64	9800	785	0.015000	1	4039	0.986084	0.986084	0.000000	0.000000
64	9800	786	0.015000	1	4039	0.986084	0.986084	0.000000	0.000000
64	9800	787	0.015000	1	4039	0.986084	0.986084	0.000000	0.000000
64	9800	788	0.015000	1	4039	0.986084	0.986084	0.000000	0.000000
64	9800	789	0.015000	1	4039	0.986084	0.986084	0.000000	0.000000
64	9800	790	0.015000	1	4039	0.986084	0.986084	0.000000	0.000000
64	9800	791	0.015000	1	4039	0.986084	0.986084	0.000000	0.000000
64	9800	792	0.015000	1	4039	0.986084	0.986084	0.000000	0.000000
64	9800	793	0.015000	1	4039	0.986084	0.986084	0.000000	0.000000
64	9800	794	0.015000	1	4039	0.986084	0.986084	0.000000	0.000000
64	9800	795	0.015000	1	4039	0.986084	0.986084	0.000000	0.000000
64	9800	796	0.015000	1	4039	0.986084	0.986084	0.000000	0.000000
64	9800	797	0.015000	1	4039	0.986084	0.986084	0.000000	0.000000
64	9800	798	0.015000	1	4039	0.986084	0.986084	0.000000	0.000000
64	9800	799	0.015000	1	4039	0.986084	0.986084	0.000000	0.000000
64	9800	800	0.015000	1	4039	0.986084	0.986084	0.000000	0.000000
64	9800	801	0.015000	1	4039	0.986084	0.986084	0.000000	0.000000
64	9800	802	0.015000	1	4039	0.986084	0.986084	0.000000	0.000000
64	9800	803	0.015000	1	4039	0.986084	0.986084	0.000000	0.000000
64	9800	804	0.015000	1	4039	0.986084	0.986084	0.000000	0.000000
64	9800	805	0.015000	1	4039	0.986084	0.986084	0.000000	0.000000
64	9800	806	0.015000	1	4039	0.986084	0.986084	0.000000	0.000000
64	9800	807	0.015000	1	4039	0.986084	0.986084	0.000000	0.000000
64	9800	808	0.015000	1	4039	0.986084	0.986084	0.000000	0.000000
64	9800	809	0.015000	1	4039	0.986084	0.986084	0.000000	0.000000
64	9800	810	0.015000	1	4039	0.986084	0.986084	0.000000	0.000000
64	9800	811	0.015000	1	4039	0.986084	0.986084	0.000000	0.000000
64	9800	812	0.015000	1	4039	0.986084	0.986084	0.000000	0.000000
64	9800	813	0.015000	1	4039	0.986084	0.986084	0.000000	0.000000
64	9800	814	0.015000	1	4039	0.986084	0.986084	0.000000	0.000000
64	9800	815	0.015000	1	4039	0.986084	0.986084	0.000000	0.000000
64	9800	816	0.015000	1	4039	0.986084	0.986084	0.000000	0.000000
64	9800	817	0.015000	1	4039	0.986084	0.986084	0.000000	0.000000
64	9800	818	0.015000	1	4039	0.986084	0.986084	0.000000	0.000000
64	9800	819	0.015000	1	4039	0.986084	0.986084	0.000000	0.000000
64	9800	820	0.015000	1	4039	0.986084	0.986084	0.000000	0.000000
64	9800	821	0.015000	1	4039	0.986084	0.986084	0.000000	0.000000
64	9800	822	0.015000	1	4039	0.986084	0.986084	0.000000	0.000000
64	9800	823	0.015000	1	4039	0.986084	0.986084	0.000000	0.000000
64	9800	824	0.015000	1	4039	0.986084	0.986084	0.000000	0.000000
64	9800	825	0.015000	1	4039	0.986084	0.986084	0.000000	0.000000
64	9800	826	0.015000	1	4039	0.986084	0.986084	0.000000	0.000000
64	9800	827	0.015000	1	4039	0.986084	0.986084	0.000000	0.000000
64	9800	828	0.015000	1	4039	0.986084	0.986084	0.000000	0.000000
64	9800	829	0.015000	1	4039	0.986084	0.986084	0.000000	0.000000
64	9800	830	0.015000	1	4039	0.986084	0.986084	0.000000	0.000000
64	9800	831	0.015000	1	4039	0.986084	0.986084	0.000000	0.000000
64	9800	832	0.015000	1	4039	0.986084	0.986084	0.000000	0.000000
64	9800	833	0.015000	1	4039	0.986084	0.986084	0.000000	0.000000
64	9800	834	0.015000	1	4039	0.986084	0.986084	0.000000	0.000000
64	9800	835	0.015000	1	4039	0.986084	0.986084	0.000000	0.000000
64	9800	836	0.015000	1	4039	0.986084	0.986084	0.000000	0.000000
64	9800	837	0.015000	1	4039	0.986084	0.986084	0.000000	0.000000
64	9800	838	0.015000	1	4039	0.986084	0.986084	0.000000	0.000000
64	9800	839	0.015000	1	4039	0.986084	0.986084	0.000000	0.000000
64	9800	840	0.015000	1	4039	0.986084	0.986084	0.000000	0.000000
64	9800	841	0.015000	1	4039	0.986084	0.986084	0.000000	0.000000
64	9800	842	0.015000	1	4039	0.986084	0.986084	0.000000	0.000000
64	9800	843	0.015000	1	4039	0.986084	0.986084	0.000000	0.000000
64	9800	844	0.015000	1	4039	0.986084	0.986084	0.000000	0.000000
64	9800	845	0.015000	1	4039	0.986084	0.986084	0.000000	0.000000
64	9800	846	0.015000	1	4039	0.986084	0.986084	0.000000	0.000000
64	9800	847	0.015000	1	4039	0.986084	0.986084	0.000000	0.000000
64	9800	848	0.015000	1	4039	0.986084	0.986084	0.000000	0.000000
64	9800	849	0.015000	1	4039	0.986084	0.986084	0.000000	0.000000
64	9800	850	0.015000	1	4039	0.986084	0.986084	0.000000	0.000000
64	9800	851	0.015000	1	4039	0.986084	0.986084	0.000000	0.000000
64	9800	852	0.015000	1	4039	0.986084	0.986084	0.000000	0.000000
64	9800	853	0.015000	1	4039	0.986084	0.986084	0.000000	0.000000
64	9800	854	0.015000	1	4039	0.986084	0.986084	0.000000	0.000000
64	9800	855	0.015000	1	4039	0.986084	0.986084	0.000000	0.000000
64	9800	856	0.015000	1	4039	0.986084	0.986084	0.000000	0.000000
64	9800	857	0.015000	1	4039	0.986084	0.986084	0.000000	0.000000
64	9800	858	0.015000	1	4039	0.986084	0.986084	0.000000	0.000000
64	9800	859	0.015000	1	4039	0.986084	0.986084	0.000000	0.000000
64	9800	860	0.015000	1	4039	0.986084	0.986084	0.000000	0.000000
64	9800	861	0.015000	1	4039	0.986084	0.986084	0.000000	0.000000
64	9800	862	0.015000	1	4039	0.986084	0.986084	0.000000	0.000000
64	9800	863	0.015000	1	4039	0.986084	0.986084	0.000000	0.000000
64	9800	864	0.015000	1	4039	0.986084	0.986084	0.000000	0.000000
64	9800	865	0.015000	1	4039	0.986084	0.986084	0.000000	0.000000
64	9800	866	0.015000	1	4039	0.986084	0.986084	0.000000	0.000000
64	9800	867	0.015000	1	4039	0.986084	0.986084	0.000000	0.000000
64	9800	868	0.015000	1	4039	0.986084	0.986084	0.000000	0.000000
64	9800	869	0.015000	1	4039	0.986084	0.986084	0.000000	0.000000
64	9800	870	0.015000	1	4039	0.986084	0.986084	0.000000	0.000000
64	9800	871	0.015000	1	4039	0.986084	0.986084	0.000000	0.000000
64	9800	872	0.015000	1	4039	0.986084	0.986084	0.000000	0.000000
64	9800	873	0.015000	1	4039	0.986084	0.986084	0.000000	0.000000
64	9800	874	0.015000	1	4039	0.986084	0.986084	0.000000	0.000000
64	9800	875	0.015000	1	4039	0.986084	0.986084	0.000000	0.000000
64	9800	876	0.015000	1	4039	0.986084	0.986084	0.000000	0.000000
64	9800	877	0.015000	1	4039	0.986084	0.986084	0.000000	0.000000
64	9800	878	0.015000	1	4039	0.986084	0.986084	0.000000	0.000000
64	9800	879	0.015000	1	4039	0.986084	0.986084	0.000000	0.000000
64	9800	880	0.015000	1	4039	0.986084	0.986084	0.000000	0.000000
64	9800	881	0.015000	1	4039	0.986084	0.986084	0.000000	0.000000
64	9800	882	0.015000	1	4039	0.986084	0.986084	0.000000	0.000000
64	9800	883	0.015000	1	4039	0.986084	0.986084	0.000000	0.000000
64	9800	884	0.015000	1	4039	0.986084	0.986084	0.000000	0.000000
64	9800	885	0.015000	1	4039	0.986084	0.986084	0.000000	0.000000
64	9800	886	0.015000	1	4039	0.986084	0.986084	0.000000	0.000000
64	9800	887	0.015000	1	4039	0.986084	0.986084	0.000000	0.000000
64	9800	888	0.015000	1	4039	0.986084	0.986084	0.000000	0.000000
64	9800	889	0.015000	1	4039	0.986084	0.986084	0.000000	0.000000
64	9800	890	0.015000	1	4039	0.986084	0.986084	0.000000	0.000000
64	9800	891	0.015000	1	4039	0.986084	0.986084	0.000000	0.000000
64	9800	892	0.015000	1	4039	0.986084	0.986084	0.000000	0.000000
64	9800	893	0.015000	1	4039	0.986084	0.986084	0.000000	0.000000
64	9800	894	0.015000	1	4039	0.986084	0.986084	0.000000	0.000000
64	9800	895	0.015000	1	4039	0.986084	0.986084	0.000000	0.000000
64	9800	896	0.015000	1	4039	0.986084	0.986084	0.000000	0.000000
64	9800	897	0.015000	1	4039	0.986084	0.986084	0.000000	0.000000
64	9800	898	0.015000	1	4039	0.986084	0.986084	0.000000	0.000000
64	9800	899	0.015000	1	4039	0.986084	0.986084	0.000000	0.000000
64	9800	900	0.015000	1	4039	0.986084	0.986084	0.000000	0.000000
64	9800	901	0.015000	1	4039	0.986084	0.986084	0.000000	0.000000
64	9800	902	0.015000	1	4039	0.986084	0.986084	0.000000	0.000000
64	9800	903	0.015000	1	4039	0.986084	0.986084	0.000000	0.000000
64	9800	904	0.015000	1	4039	0.986084	0.986084	0.000000	0.000000
64	9800	905	0.015000	1	4039	0.986084	0.986084	0.000000	0.000000
64	9800	906	0.015000	1	4039	0.986084	0.986084	0.000000	0.000000
64	9800	907	0.015000	1	4039	0.986084	0.986084	0.000000	0.000000
64	9800	908	0.015000	1	4039	0.986084	0.986084	0.000000	0.000000
64	9800	909	0.015000	1	4039	0.986084	0.986084	0.000000	0.000000
64	9800	910	0.015000	1	4039	0.986084	0.986084	0.000000	0.000000
64	9800	911	0.015000	1	4039	0.986084	0.986084	0.000000	0.000000
64	9800	912	0.015000	1	4039	0.986084	0.986084	0.000000	0.000000
64	9800	913	0.015000	1	4039	0.986084	0.986084	0.000000	0.000000
64	9800	914	0.015000	1	4039	0.986084	0.986084	0.000000	0.000000
64	9800	915	0.015000	1	4039	0.986084	0.986084	0.000000	0.000000
64	9800	916	0.015000	1	4039	0.986084	0.986084	0.000000	0.000000
64	9800	917	0.015000	1	4039	0.986084	0.986084	0.000000	0.000000
64	9800	918	0.015000	1	4039	0.986084	0.986084	0.000000	0.000000
64	9800	919	0.015000	1	4039	0.986084	0.986084	0.000000	0.000000
64	9800	920	0.015000	1	4039	0.986084	0.986084	0.000000	0.000000
64	9800	921	0.015000	1	4039	0.986084	0.986084	0.000000	0.000000
64	9800	922	0.015000	1	4039	0.986084	0.986084	0.000000	0.000000
64	9800	923	0.015000	1	4039	0.986084	0.986084	0.000000	0.000000
64	9800	924	0.015000	1	4039	0.986084	0.986084	0.000000	0.000000
64	9800	925	0.015000	1	4039	0.986084	0.986084	0.000000	0.000000
64	9800	926	0.015000	1	4039	0.986084	0.986084	0.000000	0.000000
64	9800	927	0.015000	1	4039	0.986084	0.986084	0.000000	0.000000
64	9800	928	0.015000	1	4039	0.986084	0.986084	0.000000	0.000000
64	9800	929	0.015000	1	4039	0.986084	0.986084	0.000000	0.000000
64	9800	930	0.015000	1	4039	0.986084	0.986084	0.000000	0.000000
64	9800	931	0.015000	1	4039	0.986084	0.986084	0.000000	0.000000
64	9800	932	0.015000	1	4039	0.986084	0.986084	0.000000	0.000000
64	9800	933	0.015000	1	4039	0.986084	0.986084	0.000000	0.000000
64	9800	934	0.015000	1	4039	0.986084	0.986084	0.000000	0.000000
64	9800	935	0.015000	1	4039	0.986084	0.986084	0.000000	0.000000
64	9800	936	0.015000	1	4039	0.986084	0.986084	0.000000	0.000000
64	9800	937	0.015000	1	4039	0.986084	0.986084	0.000000	0.000000
64	9800	938	0.015000	1	4039	0.986084	0.986084	0.000000	0.000000
64	9800	939	0.015000	1	4039	0.986084	0.986084	0.000000	0.000000
64	9800	940	0.015000	1	4039	0.986084	0.986084	0.000000	0.000000
64	9800	941	0.015000	1	4039	0.986084	0.986084	0.000000	0.000000
64	9800	942	0.015000	1	4039	0.986084	0.986084	0.000000	0.000000
64	9800	943	0.015000	1	4039	0.986084	0.986084	0.000000	0.000000
64	9800	944	0.015000	1	4039	0.986084	0.986084	0.000000	0.000000
64	9800	945	0.015000	1	4039	0.986084	0.986084	0.000000	0.000000
64	9800	946	0.015000	1	4039	0.986084	0.986084	0.000000	0.000000
64	9800	947	0.015000	1	4039	0.986084	0.986084	0.000000	0.000000
64	9800	948	0.015000	1	4039	0.986084	0.986084	0.000000	0.000000
64	9800	949	0.015000	1	4039	0.986084	0.986084	0.000000	0.000000
64	9800	950	0.015000	1	4039	0.986084	0.986084	0.000000	0.000000
64	9800	951	0.015000	1	4039	0.986084	0.986084	0.000000	0.000000
64	9800	952	0.015000	1	4039	0.986084	0.986084	0.000000	0.000000
64	9800	953	0.015000	1	4039	0.986084	0.986084	0.000000	0.000000
64	9800	954	0.015000	1	4039	0.986084	0.986084	0.000000	0.000000
64	9800	955	0.015000	1	4039	0.986084	0.986084	0.000000	0.000000
64	9800	956	0.015000	1	4039	0.986084	0.986084	0.000000	0.000000
64	9800	957	0.015000	1	4039	0.986084	0.986084	0.000000	0.000000
64	9800	958	0.015000	1	4039	0.986084	0.986084	0.000000	0.000000
64	9800	959	0.015000	1	4039	0.986084	0.986084	0.000000	0.000000
64	9800	960	0.015000	1	4039	0.986084	0.986084	0.000000	0.000000
64	9800	961	0.015000	1	4039	0.986084	0.986084	0.000000	0.000000
64	9800	962	0.015000	1	4039	0.986084	0.986084	0.000000	0.000000
64	9800	963	0.015000	1	4039	0.986084	0.986084	0.000000	0.000000
64	9800	964	0.015000	1	4039	0.986084	0.986084	0.000000	0.000000
64	9800	965	0.015000	1	4039	0.986084	0.986084	0.000000	0.000000
64	9800	966	0.015000	1	4039	0.986084	0.986084	0.000000	0.000000
64	9800	967	0.015000	1	4039	0.986084	0.986084	0.000000	0.000000
64	9800	968	0.015000	1	4039	0.986084	0.986084	0.000000	0.000000
64	9800	969	0.015000	1	4039	0.986084	0.986084	0.000000	0.000000
64	9800	970	0.015000	1	4039	0.986084	0.986084	0.000000	0.000000
64	9800	971	0.015000	1	4039	0.986084	0.986084	0.000000	0.000000
64	9800	972	0.015000	1	4039	0.986084	0.986084	0.000000	0.000000
64	9800	973	0.015000	1	4039	0.986084	0.986084	0.000000	0.000000
64	9800	974	0.015000	1	4039	0.986084	0.986084	0.000000	0.000000
64	9800	975	0.015000	1	4039	0.986084	0.986084	0.000000	0.000000
64	9800	976	0.015000	1	4039	0.986084	0.986084	0.000000	0.000000
64	9800	977	0.015000	1	4039	0.986084	0.986084	0.000000	0.000000
64	9800	978	0.015000	1	4039	0.986084	0.986084	0.000000	0.000000
64	9800	979	0.015000	1	4039	0.986084	0.986084	0.000000	0.000000
64	9800	980	0.015000	1	4039	0.986084	0.986084	0.000000	0.000000
64	9800	981	0.015000	1	4039	0.986084	0.986084	0.000000	0.000000
64	9800	982	0.015000	1	4039	0.986084	0.986084	0.000000	0.000000
64	9800	983	0.015000	1	4039	0.986084	0.986084	0.000000	0.000000
64	9800	984	0.015000	1	4039	0.986084	0.986084	0.000000	0.000000
64	9800	985	0.015000	1	4039	0.986084	0.986084	0.000000	0.000000
64	9800	986	0.015000	1	4039	0.986084	0.986084	0.000000	0.000000
64	9800	987	0.015000	1	4039	0.986084	0.986084	0.000000	0.000000
64	9800	988	0.015000	1	4039	0.986084	0.986084	0.000000	0.000000
64	9800	989	0.015000	1	4039	0.986084	0.986084	0.000000	0.000000
64	9800	990	0.015000	1	4039	0.986084	0.986084	0.000000	0.000000
64	9800	991	0.015000	1	4039	0.986084	0.986084	0.000000	0.000000
64	9800	992	0.015000	1	4039	0.986084	0.986084	0.000000	0.000000
64	9800	993	0.015000	1	4039	0.986084	0.986084	0.000000	0.000000
64	9800	994	0.015000	1	4039	0.986084	0.986084	0.000000	0.000000
64	9800	995	0.015000	1	4039	0.986084	0.986084	0.000000	0.000000
64	9800	996	0.015000	1	4039	0.986084	0.986084	0.000000	0.000000
64	9800	997	0.015000	1	4039	0.986084	0.986084	0.000000	0.000000
64	9800	998	0.015000	1	4039	0.986084	0.986084	0.000000	0.000000
64	9800	999	0.015000	1	4039	0.986084	0.986084	0.000000	0.000000
64	9800	1000	0.015000	1	4039	0.986084	0.986084	0.000000	0.000000
