256	9490	4201	0.015000	462	7042	0.107452	0.193436	0.107452	37.134565
256	9490	4202	0.015000	264	36017	0.549576	0.570709	0.001343	5.466252
256	9490	4203	0.015000	301	3536	0.053955	0.077957	0.053955	28.073488
256	9490	4204	0.015000	434	28463	0.434311	0.461853	0.000595	3.464291
256	9490	4205	0.015000	247	2409	0.036758	0.054153	0.036758	25.199801
256	9490	4206	0.015000	324	34633	0.528458	0.550034	0.000839	4.775008
256	9490	4207	0.015000	406	18779	0.286545	0.316864	0.286545	62.084206
256	9490	4208	0.015000	616	10393	0.158585	0.321915	0.158585	44.661785
256	9490	4209	0.015000	451	24033	0.366714	0.414581	0.366714	69.102632
256	9490	4210	0.015000	227	45565	0.695267	0.710541	0.000656	3.475947
256	9490	4211	0.015000	457	7203	0.109909	0.190598	0.109909	38.511902
256	9490	4212	0.015000	467	12611	0.192429	0.341812	0.192429	50.209749
256	9490	4213	0.015000	299	43419	0.662521	0.680801	0.000656	4.189446
256	9490	4214	0.015000	307	32148	0.490540	0.511002	0.000793	4.062884
256	9490	4215	0.015000	557	16498	0.251740	0.406006	0.251740	55.522320
256	9490	4216	0.015000	245	41609	0.634903	0.649292	0.000992	4.784838
256	9490	4217	0.015000	586	15384	0.234741	0.302795	0.234741	68.487096
256	9490	4218	0.015000	355	2750	0.041962	0.068771	0.041962	24.776448
256	9490	4219	0.015000	386	27121	0.413834	0.440231	0.000656	3.378903
256	9490	4220	0.015000	225	38980	0.594788	0.609604	0.000519	3.115010
256	9490	4221	0.015000	407	20403	0.311325	0.341187	0.311325	75.713409
256	9490	4222	0.015000	381	29238	0.446136	0.472458	0.001221	6.301029
256	9490	4223	0.015000	283	46732	0.713074	0.731873	0.000763	4.009988
256	9490	4224	0.015000	401	30650	0.467682	0.496246	0.001099	4.872368
256	9490	4225	0.015000	362	13362	0.203888	0.232697	0.203888	52.291343
256	9490	4226	0.015000	194	44890	0.684967	0.699783	0.001129	5.091296
256	9490	4227	0.015000	404	29591	0.451523	0.479126	0.000763	3.786344
256	9490	4228	0.015000	424	17604	0.268616	0.391174	0.268616	62.430363
256	9490	4229	0.015000	261	24275	0.370407	0.385880	0.000519	3.707866
256	9490	4230	0.015000	293	17680	0.269775	0.288757	0.001022	4.884407
256	9490	4231	0.015000	376	28844	0.440125	0.467636	0.000748	3.496413
256	9490	4232	0.015000	369	15562	0.237457	0.261490	0.237457	53.134901
256	9490	4233	0.015000	364	7140	0.108948	0.203598	0.108948	37.096471
256	9490	4234	0.015000	429	23124	0.352844	0.383987	0.001221	6.912670
256	9490	4235	0.015000	492	17309	0.264114	0.367828	0.264114	67.506829
256	9490	4236	0.015000	360	11639	0.177597	0.251694	0.177597	46.387447
256	9490	4237	0.015000	246	39287	0.599472	0.618225	0.001083	5.887593
256	9490	4238	0.015000	378	24193	0.369156	0.396942	0.369156	69.207090
256	9490	4239	0.015000	338	5473	0.083511	0.178879	0.083511	32.713058
256	9490	4240	0.015000	257	46379	0.707687	0.722733	0.000580	3.072981
256	9490	4241	0.015000	411	24052	0.367004	0.398239	0.367004	78.682809
256	9490	4242	0.015000	416	16482	0.251495	0.312454	0.251495	54.825674
256	9490	4243	0.015000	441	13574	0.207123	0.242661	0.207123	53.935068
256	9490	4244	0.015000	341	34441	0.525528	0.550064	0.000778	3.966216
256	9490	4245	0.015000	307	1467	0.022385	0.042206	0.022385	19.748805
256	9490	4246	0.015000	263	13718	0.209320	0.227661	0.209320	49.791488
256	9490	4247	0.015000	432	12957	0.197708	0.282913	0.197708	55.840584
256	9490	4248	0.015000	393	21940	0.334778	0.361771	0.334778	65.277047
256	9490	4249	0.015000	501	6887	0.105087	0.212265	0.105087	35.866124
256	9490	4250	0.015000	453	10346	0.157867	0.206802	0.157867	53.121825
256	9490	4251	0.015000	324	35205	0.537186	0.558838	0.000916	4.910052
256	9490	4252	0.015000	267	20082	0.306427	0.325317	0.306427	61.555968
256	9490	4253	0.015000	223	42280	0.645142	0.658401	0.000641	3.348943
256	9490	4254	0.015000	301	43442	0.662872	0.683945	0.000702	3.798215
256	9490	4255	0.015000	543	9062	0.138275	0.310028	0.138275	41.351479
256	9490	4256	0.015000	593	6644	0.101379	0.208206	0.101379	39.756276
256	9490	4257	0.015000	475	8477	0.129349	0.160721	0.129349	51.666702
256	9490	4258	0.015000	560	15954	0.243439	0.408737	0.243439	65.970172
256	9490	4259	0.015000	254	38363	0.585373	0.603073	0.000992	4.685417
256	9490	4260	0.015000	316	20888	0.318726	0.341278	0.000610	2.925641
256	9490	4261	0.015000	310	10536	0.160767	0.183472	0.160767	47.640511
256	9490	4262	0.015000	287	5359	0.081772	0.102859	0.081772	33.031406
256	9490	4263	0.015000	154	6139	0.093674	0.106033	0.093674	34.424917
256	9490	4264	0.015000	250	17066	0.260406	0.278687	0.260406	56.234162
256	9490	4265	0.015000	501	12664	0.193237	0.296051	0.193237	60.117948
256	9490	4266	0.015000	363	27257	0.415909	0.440811	0.000671	4.051770
256	9490	4267	0.015000	501	7510	0.114594	0.172852	0.114594	39.899124
256	9490	4268	0.015000	439	12228	0.186584	0.307617	0.186584	48.193061
256	9490	4269	0.015000	340	37461	0.571609	0.594940	0.000900	4.001795
256	9490	4270	0.015000	352	31761	0.484634	0.505997	0.000763	4.565961
256	9490	4271	0.015000	329	19758	0.301483	0.325348	0.301483	81.654806
256	9490	4272	0.015000	388	26004	0.396790	0.427444	0.001312	5.835738
256	9490	4273	0.015000	355	33836	0.516296	0.542221	0.000900	4.708876
256	9490	4274	0.015000	466	12872	0.196411	0.272308	0.196411	57.707105
256	9490	4275	0.015000	388	15161	0.231339	0.258713	0.231339	55.874520
256	9490	4276	0.015000	236	1987	0.030319	0.047318	0.030319	22.115832
256	9490	4277	0.015000	215	39847	0.608017	0.623428	0.000809	4.132980
256	9490	4278	0.015000	354	12155	0.185471	0.210846	0.185471	53.489119
256	9490	4279	0.015000	425	34473	0.526016	0.557312	0.001114	5.708961
256	9490	4280	0.015000	244	40487	0.617783	0.632202	0.000931	4.665656
256	9490	4281	0.015000	409	13911	0.212265	0.241837	0.212265	62.138822
256	9490	4282	0.015000	353	6722	0.102570	0.189590	0.102570	36.030712
256	9490	4283	0.015000	275	7864	0.119995	0.140549	0.119995	39.654116
256	9490	4284	0.015000	279	38322	0.584747	0.604965	0.000885	3.723100
256	9490	4285	0.015000	358	7675	0.117111	0.187714	0.117111	38.624721
256	9490	4286	0.015000	398	19456	0.296875	0.323334	0.296875	66.560246
256	9490	4287	0.015000	313	29693	0.453079	0.473175	0.001068	4.845890
256	9490	4288	0.015000	404	12646	0.192963	0.222107	0.192963	61.557457
256	9490	4289	0.015000	187	46852	0.714905	0.725327	0.000595	3.730218
256	9490	4290	0.015000	260	29621	0.451981	0.471512	0.000854	4.186310
256	9490	4291	0.015000	134	50156	0.765320	0.775223	0.000671	3.894463
256	9490	4292	0.015000	300	6368	0.097168	0.115570	0.097168	36.129414
256	9490	4293	0.015000	258	38465	0.586929	0.601257	0.000473	3.251190
256	9490	4294	0.015000	319	1750	0.026703	0.061569	0.026703	22.423725
256	9490	4295	0.015000	284	43227	0.659592	0.679108	0.000626	3.671036
256	9490	4296	0.015000	269	38846	0.592743	0.614273	0.001129	6.076650
256	9490	4297	0.015000	268	10387	0.158493	0.177032	0.158493	44.297439
256	9490	4298	0.015000	444	19521	0.297867	0.330933	0.297867	60.444983
256	9490	4299	0.015000	264	17682	0.269806	0.287918	0.269806	58.722927
256	9490	4300	0.015000	284	14517	0.221512	0.242554	0.221512	52.695035
256	9490	4301	0.015000	430	18891	0.288254	0.424988	0.288254	61.394319
256	9490	4302	0.015000	470	27964	0.426697	0.494705	0.426697	71.472871
256	9490	4303	0.015000	510	25110	0.383148	0.449448	0.025818	21.253216
256	9490	4304	0.015000	382	21786	0.332428	0.360870	0.332428	67.861919
256	9490	4305	0.015000	334	26535	0.404892	0.428452	0.404892	71.121046
256	9490	4306	0.015000	328	7052	0.107605	0.216293	0.107605	36.521644
256	9490	4307	0.015000	61	60503	0.923203	0.926682	0.000351	2.334098
256	9490	4308	0.015000	280	34356	0.524231	0.544769	0.000961	4.646702
256	9490	4309	0.015000	238	42026	0.641266	0.656555	0.000580	3.716867
256	9490	4310	0.015000	218	47536	0.725342	0.738342	0.000763	3.675051
256	9490	4311	0.015000	223	9726	0.148407	0.161453	0.148407	44.422972
256	9490	4312	0.015000	316	3620	0.055237	0.075775	0.055237	27.781824
256	9490	4313	0.015000	380	19482	0.297272	0.325363	0.297272	75.255047
256	9490	4314	0.015000	368	35303	0.538681	0.566833	0.001556	6.539282
256	9490	4315	0.015000	425	30857	0.470840	0.501526	0.000931	5.377299
256	9490	4316	0.015000	505	14788	0.225647	0.260178	0.000885	4.248417
256	9490	4317	0.015000	536	17676	0.269714	0.348389	0.269714	70.311324
256	9490	4318	0.015000	281	17932	0.273621	0.292068	0.273621	58.782833
256	9490	4319	0.015000	337	20467	0.312302	0.334869	0.312302	64.164553
256	9490	4320	0.015000	155	51255	0.782089	0.792328	0.000504	3.065253
256	9490	4321	0.015000	351	7952	0.121338	0.237183	0.121338	38.770875
256	9490	4322	0.015000	332	7879	0.120224	0.201553	0.120224	38.860071
256	9490	4323	0.015000	255	3922	0.059845	0.076859	0.059845	28.904601
256	9490	4324	0.015000	101	16	0.000244	0.004776	0.000244	2.119478
256	9490	4325	0.015000	324	22653	0.345657	0.365921	0.000717	3.781971
256	9490	4326	0.015000	470	25392	0.387451	0.451508	0.387451	69.747610
256	9490	4327	0.015000	454	11784	0.179810	0.239502	0.179810	48.205008
256	9490	4328	0.015000	473	13127	0.200302	0.365829	0.200302	53.554139
256	9490	4329	0.015000	400	24574	0.374969	0.402298	0.000809	4.710033
256	9490	4330	0.015000	419	14375	0.219345	0.248581	0.219345	60.348217
256	9490	4331	0.015000	503	15565	0.237503	0.290222	0.237503	67.327851
256	9490	4332	0.015000	311	32887	0.501816	0.524292	0.000916	4.060617
256	9490	4333	0.015000	326	37964	0.579285	0.602905	0.000626	3.863833
256	9490	4334	0.015000	448	9891	0.150925	0.243530	0.150925	47.838257
256	9490	4335	0.015000	465	16500	0.251770	0.312698	0.251770	59.039984
256	9490	4336	0.015000	310	15948	0.243347	0.263321	0.243347	56.379469
256	9490	4337	0.015000	398	9132	0.139343	0.258026	0.139343	42.476273
256	9490	4338	0.015000	306	5156	0.078674	0.098053	0.078674	32.399474
256	9490	4339	0.015000	308	41377	0.631363	0.652863	0.001923	9.786744
256	9490	4340	0.015000	419	29207	0.445663	0.477295	0.000839	4.148085
256	9490	4341	0.015000	397	21922	0.334503	0.367981	0.001144	4.903731
256	9490	4342	0.015000	290	10609	0.161880	0.183578	0.161880	44.767820
256	9490	4343	0.015000	515	14056	0.214478	0.295700	0.214478	51.585674
256	9490	4344	0.015000	297	10984	0.167603	0.188751	0.167603	45.140857
256	9490	4345	0.015000	546	4869	0.074295	0.223251	0.074295	31.605784
256	9490	4346	0.015000	470	6682	0.101959	0.151459	0.101959	36.760445
256	9490	4347	0.015000	380	27813	0.424393	0.451111	0.000763	5.685010
256	9490	4348	0.015000	112	57086	0.871063	0.877243	0.000397	2.585233
256	9490	4349	0.015000	300	29462	0.449554	0.471130	0.000916	4.319690
256	9490	4350	0.015000	355	32935	0.502548	0.524673	0.000519	2.936614
256	9490	4351	0.015000	366	17292	0.263855	0.285782	0.263855	71.512073
256	9490	4352	0.015000	338	16428	0.250671	0.278625	0.250671	69.593801
256	9490	4353	0.015000	387	10531	0.160690	0.224121	0.160690	45.684217
256	9490	4354	0.015000	339	38200	0.582886	0.607132	0.001328	6.323344
256	9490	4355	0.015000	479	28792	0.439331	0.469208	0.000900	4.792506
256	9490	4356	0.015000	367	16599	0.253281	0.278214	0.253281	68.624204
256	9490	4357	0.015000	409	20552	0.313599	0.344986	0.313599	65.447126
256	9490	4358	0.015000	210	1173	0.017899	0.033386	0.017899	18.222479
256	9490	4359	0.015000	401	26451	0.403610	0.431671	0.001251	6.134922
256	9490	4360	0.015000	227	6051	0.092331	0.106293	0.092331	34.364062
256	9490	4361	0.015000	239	46183	0.704697	0.722916	0.001373	5.214249
256	9490	4362	0.015000	348	40229	0.613846	0.635315	0.000732	4.023801
256	9490	4363	0.015000	356	9308	0.142029	0.224228	0.142029	41.590409
256	9490	4364	0.015000	330	13541	0.206619	0.231247	0.206619	60.183053
256	9490	4365	0.015000	294	4665	0.071182	0.092255	0.071182	37.513570
256	9490	4366	0.015000	462	26152	0.399048	0.430420	0.000839	4.153103
256	9490	4367	0.015000	245	13768	0.210083	0.226089	0.210083	52.525624
256	9490	4368	0.015000	290	11317	0.172684	0.193604	0.172684	50.173350
256	9490	4369	0.015000	453	3977	0.060684	0.121323	0.060684	28.650568
256	9490	4370	0.015000	421	24659	0.376266	0.410217	0.376266	71.293976
256	9490	4371	0.015000	410	22141	0.337845	0.366806	0.337845	80.851584
256	9490	4372	0.015000	173	51193	0.781143	0.793228	0.000656	3.935664
256	9490	4373	0.015000	256	29512	0.450317	0.467484	0.000427	2.790975
256	9490	4374	0.015000	470	17872	0.272705	0.382065	0.272705	59.189727
256	9490	4375	0.015000	335	19656	0.299927	0.324432	0.299927	71.583283
256	9490	4376	0.015000	445	26341	0.401932	0.436630	0.003174	11.748548
256	9490	4377	0.015000	333	28914	0.441193	0.463699	0.000549	3.302169
256	9490	4378	0.015000	292	26965	0.411453	0.428513	0.000427	2.759723
256	9490	4379	0.015000	312	22798	0.347870	0.368484	0.347870	66.118683
256	9490	4380	0.015000	328	26659	0.406784	0.429916	0.406784	72.354258
256	9490	4381	0.015000	304	25160	0.383911	0.408829	0.383911	68.056316
256	9490	4382	0.015000	431	15951	0.243393	0.369217	0.243393	57.754960
256	9490	4383	0.015000	402	28410	0.433502	0.461899	0.000839	4.102892
256	9490	4384	0.015000	289	30919	0.471786	0.488098	0.000473	3.019879
256	9490	4385	0.015000	408	18345	0.279922	0.307175	0.279922	73.162399
256	9490	4386	0.015000	398	32726	0.499359	0.525589	0.000595	4.114566
256	9490	4387	0.015000	395	10958	0.167206	0.191910	0.167206	45.106760
256	9490	4388	0.015000	349	30409	0.464005	0.484329	0.000641	3.746503
256	9490	4389	0.015000	420	21405	0.326614	0.357864	0.001404	5.198948
256	9490	4390	0.015000	225	28998	0.442474	0.457458	0.000595	3.820599
256	9490	4391	0.015000	338	26536	0.404907	0.429871	0.001480	5.855271
256	9490	4392	0.015000	530	10961	0.167252	0.253555	0.167252	46.257120
256	9490	4393	0.015000	260	31466	0.480133	0.497498	0.000656	4.218992
256	9490	4394	0.015000	405	21813	0.332840	0.360321	0.332840	65.792727
256	9490	4395	0.015000	436	15554	0.237335	0.299789	0.237335	63.919106
256	9490	4396	0.015000	549	21800	0.332642	0.401138	0.332642	68.965365
256	9490	4397	0.015000	288	1307	0.019943	0.038498	0.019943	18.052234
256	9490	4398	0.015000	444	29507	0.450241	0.485504	0.001205	5.565188
256	9490	4399	0.015000	466	16260	0.248108	0.319565	0.248108	65.705370
256	9490	4400	0.015000	409	23862	0.364105	0.390625	0.001282	5.375985
256	9490	4401	0.015000	430	11027	0.168259	0.199814	0.168259	53.603309
256	9490	4402	0.015000	389	32868	0.501526	0.529556	0.002121	6.327771
256	9490	4403	0.015000	486	8562	0.130646	0.294724	0.130646	40.174537
256	9490	4404	0.015000	426	9685	0.147781	0.210403	0.147781	44.371160
256	9490	4405	0.015000	225	47189	0.720047	0.736038	0.000732	3.393212
256	9490	4406	0.015000	333	6145	0.093765	0.120270	0.093765	37.863378
256	9490	4407	0.015000	343	36820	0.561829	0.583878	0.000931	4.196017
256	9490	4408	0.015000	260	24870	0.379486	0.396500	0.000458	3.235566
256	9490	4409	0.015000	359	3869	0.059036	0.118317	0.059036	28.283206
256	9490	4410	0.015000	297	5236	0.079895	0.102005	0.079895	33.122235
256	9490	4411	0.015000	123	55080	0.840454	0.847351	0.000427	2.589224
256	9490	4412	0.015000	347	11707	0.178635	0.204086	0.178635	56.127827
256	9490	4413	0.015000	96	56208	0.857666	0.863297	0.000793	3.851103
256	9490	4414	0.015000	343	11757	0.179398	0.202652	0.179398	46.376557
256	9490	4415	0.015000	277	30602	0.466949	0.484665	0.000717	3.447465
256	9490	4416	0.015000	313	30528	0.465820	0.485275	0.000641	3.534411
256	9490	4417	0.015000	457	25254	0.385345	0.427689	0.385345	70.417280
256	9490	4418	0.015000	333	23965	0.365677	0.385941	0.365677	66.299537
256	9490	4419	0.015000	298	14023	0.213974	0.235031	0.213974	57.832676
256	9490	4420	0.015000	349	7169	0.109390	0.167557	0.109390	37.622810
256	9490	4421	0.015000	282	30905	0.471573	0.493103	0.000854	4.787846
256	9490	4422	0.015000	394	15244	0.232605	0.308838	0.232605	52.890281
256	9490	4423	0.015000	314	7072	0.107910	0.131226	0.107910	37.057200
256	9490	4424	0.015000	328	7712	0.117676	0.139404	0.117676	39.135997
256	9490	4425	0.015000	344	42375	0.646591	0.671265	0.001419	5.149673
256	9490	4426	0.015000	220	10825	0.165176	0.182205	0.165176	45.278244
256	9490	4427	0.015000	214	33	0.000504	0.011261	0.000504	3.754642
256	9490	4428	0.015000	365	27942	0.426361	0.450928	0.001648	5.778905
256	9490	4429	0.015000	478	20474	0.312408	0.398285	0.052826	27.076654
256	9490	4430	0.015000	331	32342	0.493500	0.513672	0.000732	4.535690
256	9490	4431	0.015000	362	34260	0.522766	0.549301	0.522766	79.902341
256	9490	4432	0.015000	384	38086	0.581146	0.606628	0.000671	4.069515
256	9490	4433	0.015000	418	29989	0.457596	0.489685	0.002151	8.151180
256	9490	4434	0.015000	254	12845	0.195999	0.211044	0.195999	52.771219
256	9490	4435	0.015000	164	3272	0.049927	0.061325	0.049927	26.647732
256	9490	4436	0.015000	385	18078	0.275848	0.305008	0.275848	60.981905
256	9490	4437	0.015000	482	13715	0.209274	0.242020	0.209274	58.979470
256	9490	4438	0.015000	379	24081	0.367447	0.393967	0.367447	75.886381
256	9490	4439	0.015000	389	18228	0.278137	0.309357	0.000870	6.043497
256	9490	4440	0.015000	251	38228	0.583313	0.601089	0.000687	3.560275
256	9490	4441	0.015000	440	17609	0.268692	0.295303	0.268692	59.051969
256	9490	4442	0.015000	488	9789	0.149368	0.305023	0.149368	44.030253
256	9490	4443	0.015000	299	36848	0.562256	0.580353	0.000534	3.595916
256	9490	4444	0.015000	192	81	0.001236	0.013565	0.001236	4.872557
256	9490	4445	0.015000	470	31132	0.475037	0.508057	0.001007	5.314382
256	9490	4446	0.015000	348	34110	0.520477	0.542313	0.000626	3.890531
256	9490	4447	0.015000	335	22737	0.346939	0.370605	0.346939	69.208406
256	9490	4448	0.015000	335	35509	0.541824	0.566147	0.001190	6.303104
256	9490	4449	0.015000	382	15220	0.232239	0.257019	0.232239	57.657794
256	9490	4450	0.015000	396	26221	0.400101	0.427094	0.001068	4.785203
256	9490	4451	0.015000	254	33571	0.512253	0.528763	0.000839	5.068718
256	9490	4452	0.015000	336	14836	0.226379	0.249374	0.226379	73.011452
256	9490	4453	0.015000	371	22775	0.347519	0.372406	0.347519	72.328889
256	9490	4454	0.015000	422	11794	0.179962	0.383301	0.179962	47.033432
256	9490	4455	0.015000	139	52041	0.794083	0.803192	0.000824	4.679033
256	9490	4456	0.015000	253	13366	0.203949	0.220718	0.203949	57.629562
256	9490	4457	0.015000	346	5219	0.079636	0.153366	0.079636	32.972989
256	9490	4458	0.015000	468	13498	0.205963	0.363861	0.205963	50.937361
256	9490	4459	0.015000	328	28939	0.441574	0.465836	0.001205	5.421979
256	9490	4460	0.015000	337	12876	0.196472	0.220215	0.196472	49.620088
256	9490	4461	0.015000	351	35240	0.537720	0.563370	0.000870	3.934521
256	9490	4462	0.015000	438	15626	0.238434	0.274536	0.238434	53.860363
256	9490	4463	0.015000	450	19161	0.292374	0.325867	0.292374	71.572273
256	9490	4464	0.015000	282	39664	0.605225	0.622223	0.000748	3.776227
256	9490	4465	0.015000	438	31941	0.487381	0.520401	0.002350	8.613222
256	9490	4466	0.015000	349	21139	0.322556	0.346832	0.322556	75.148778
256	9490	4467	0.015000	498	20949	0.319656	0.380096	0.319656	64.474427
256	9490	4468	0.015000	192	5817	0.088760	0.103394	0.088760	34.093303
256	9490	4469	0.015000	259	40237	0.613968	0.630386	0.000839	4.187743
256	9490	4470	0.015000	284	3245	0.049515	0.068832	0.049515	26.634313
256	9490	4471	0.015000	497	11822	0.180389	0.252808	0.180389	52.091696
256	9490	4472	0.015000	319	1033	0.015762	0.036865	0.015762	17.846823
256	9490	4473	0.015000	361	14686	0.224091	0.317505	0.224091	54.217378
256	9490	4474	0.015000	421	17516	0.267273	0.381226	0.267273	59.102922
256	9490	4475	0.015000	339	31501	0.480667	0.507019	0.000671	3.322693
256	9490	4476	0.015000	480	11139	0.169968	0.216080	0.169968	57.804789
256	9490	4477	0.015000	294	16529	0.252213	0.271805	0.252213	61.429968
256	9490	4478	0.015000	350	3811	0.058151	0.088821	0.058151	33.776251
256	9490	4479	0.015000	420	21384	0.326294	0.357147	0.001358	5.576136
256	9490	4480	0.015000	725	18935	0.288925	0.355896	0.288925	67.926758
256	9490	4481	0.015000	174	6379	0.097336	0.111710	0.097336	35.351094
256	9490	4482	0.015000	229	5292	0.080750	0.098694	0.080750	32.643915
256	9490	4483	0.015000	447	14385	0.219498	0.266083	0.219498	66.470755
256	9490	4484	0.015000	318	24543	0.374496	0.394119	0.374496	75.180466
256	9490	4485	0.015000	303	20139	0.307297	0.326782	0.307297	64.150781
256	9490	4486	0.015000	227	9755	0.148849	0.163666	0.148849	45.573356
256	9490	4487	0.015000	508	24486	0.373627	0.409744	0.001282	4.391131
256	9490	4488	0.015000	268	20572	0.313904	0.331543	0.313904	69.024861
256	9490	4489	0.015000	351	15612	0.238220	0.261215	0.238220	66.038675
256	9490	4490	0.015000	274	2588	0.039490	0.059326	0.039490	24.280591
256	9490	4491	0.015000	251	46111	0.703598	0.720413	0.000519	2.914734
256	9490	4492	0.015000	419	12784	0.195068	0.228485	0.195068	49.182705
256	9490	4493	0.015000	273	17809	0.271744	0.290222	0.271744	57.392170
256	9490	4494	0.015000	229	3510	0.053558	0.070374	0.053558	26.921633
256	9490	4495	0.015000	495	28036	0.427795	0.460464	0.000793	3.544675
256	9490	4496	0.015000	215	43104	0.657715	0.672699	0.000641	3.853099
256	9490	4497	0.015000	361	30635	0.467453	0.494171	0.000763	3.796735
256	9490	4498	0.015000	261	4638	0.070770	0.091248	0.070770	30.284511
256	9490	4499	0.015000	408	33688	0.514038	0.542770	0.001266	4.293419
256	9490	4500	0.015000	223	45666	0.696808	0.710327	0.000443	2.523139
256	9490	4501	0.015000	377	8181	0.124832	0.232483	0.124832	42.098195
256	9490	4502	0.015000	317	31852	0.486023	0.504700	0.000870	5.271981
256	9490	4503	0.015000	221	36963	0.564011	0.577057	0.000717	3.610758
256	9490	4504	0.015000	508	14242	0.217316	0.304199	0.217316	59.949648
256	9490	4505	0.015000	71	58413	0.891312	0.896591	0.000595	3.576349
256	9490	4506	0.015000	247	47576	0.725952	0.741623	0.000687	3.857332
256	9490	4507	0.015000	490	3340	0.050964	0.103088	0.050964	26.419076
256	9490	4508	0.015000	369	17510	0.267181	0.295425	0.267181	60.273720
256	9490	4509	0.015000	490	9860	0.150452	0.249817	0.150452	53.526225
256	9490	4510	0.015000	333	32328	0.493286	0.516586	0.000916	4.331987
256	9490	4511	0.015000	556	11626	0.177399	0.277451	0.177399	52.161895
256	9490	4512	0.015000	238	37133	0.566605	0.582443	0.000748	3.594966
256	9490	4513	0.015000	406	20942	0.319550	0.349091	0.319550	68.303835
256	9490	4514	0.015000	287	21784	0.332397	0.348953	0.332397	66.139091
256	9490	4515	0.015000	345	30211	0.460983	0.481827	0.000610	3.823529
256	9490	4516	0.015000	342	24133	0.368240	0.392410	0.368240	78.109857
256	9490	4517	0.015000	292	19096	0.291382	0.309921	0.291382	62.267502
256	9490	4518	0.015000	175	45854	0.699677	0.711624	0.000534	2.931880
256	9490	4519	0.015000	381	35780	0.545959	0.571533	0.000732	4.580823
256	9490	4520	0.015000	598	21198	0.323456	0.384445	0.323456	83.404488
256	9490	4521	0.015000	415	8164	0.124573	0.196213	0.124573	40.042684
256	9490	4522	0.015000	266	37016	0.564819	0.583694	0.001404	6.176620
256	9490	4523	0.015000	455	3836	0.058533	0.128738	0.058533	28.317028
256	9490	4524	0.015000	338	18671	0.284897	0.306259	0.284897	61.754377
256	9490	4525	0.015000	328	36983	0.564316	0.584473	0.001053	4.728992
256	9490	4526	0.015000	388	17437	0.266068	0.292572	0.266068	71.230009
256	9490	4527	0.015000	464	34677	0.529129	0.567886	0.001816	5.871863
256	9490	4528	0.015000	309	32625	0.497818	0.517822	0.001007	5.019635
256	9490	4529	0.015000	364	10488	0.160034	0.246124	0.160034	45.361433
256	9490	4530	0.015000	381	7764	0.118469	0.227814	0.118469	40.426919
256	9490	4531	0.015000	386	17487	0.266830	0.292923	0.266830	55.371293
256	9490	4532	0.015000	144	48432	0.739014	0.747910	0.000549	3.349959
256	9490	4533	0.015000	412	9010	0.137482	0.166748	0.137482	40.828527
256	9490	4534	0.015000	471	22067	0.336716	0.417038	0.048386	26.287858
256	9490	4535	0.015000	398	13674	0.208649	0.362457	0.208649	49.831308
256	9490	4536	0.015000	354	29444	0.449280	0.473602	0.000870	4.177870
256	9490	4537	0.015000	167	68	0.001038	0.013672	0.001038	6.692308
256	9490	4538	0.015000	235	32709	0.499100	0.515533	0.001114	6.072187
256	9490	4539	0.015000	499	6806	0.103851	0.240814	0.103851	36.058643
256	9490	4540	0.015000	288	12215	0.186386	0.207001	0.186386	47.974924
256	9490	4541	0.015000	394	14730	0.224762	0.249420	0.224762	64.838762
256	9490	4542	0.015000	513	7378	0.112579	0.170395	0.112579	39.771423
256	9490	4543	0.015000	329	18698	0.285309	0.304443	0.285309	58.742153
256	9490	4544	0.015000	436	16684	0.254578	0.287476	0.002518	9.879881
256	9490	4545	0.015000	428	14742	0.224945	0.298996	0.224945	68.126857
256	9490	4546	0.015000	178	2781	0.042435	0.055695	0.042435	25.310148
256	9490	4547	0.015000	188	4119	0.062851	0.075684	0.062851	29.132205
256	9490	4548	0.015000	249	45873	0.699966	0.717133	0.001038	4.158100
256	9490	4549	0.015000	318	28307	0.431931	0.453308	0.000839	4.818353
256	9490	4550	0.015000	297	11282	0.172150	0.195648	0.172150	51.996850
256	9490	4551	0.015000	323	23935	0.365219	0.388840	0.365219	77.090718
256	9490	4552	0.015000	155	50590	0.771942	0.782471	0.000732	3.716517
256	9490	4553	0.015000	455	31579	0.481857	0.513336	0.000702	3.247218
256	9490	4554	0.015000	386	12465	0.190201	0.215988	0.190201	49.218547
256	9490	4555	0.015000	246	36286	0.553680	0.569885	0.000610	3.723406
256	9490	4556	0.015000	458	19400	0.296021	0.364273	0.296021	63.798660
256	9490	4557	0.015000	203	844	0.012878	0.029846	0.012878	15.415442
256	9490	4558	0.015000	343	23042	0.351593	0.374023	0.351593	72.846731
256	9490	4559	0.015000	282	41046	0.626312	0.645706	0.000488	2.775099
256	9490	4560	0.015000	24	10	0.000153	0.001282	0.000153	1.272792
256	9490	4561	0.015000	323	16185	0.246964	0.267960	0.246964	57.819736
256	9490	4562	0.015000	490	18376	0.280396	0.314316	0.001343	6.554671
256	9490	4563	0.015000	301	18482	0.282013	0.305237	0.282013	68.034811
256	9490	4564	0.015000	292	15662	0.238983	0.259094	0.238983	64.495765
256	9490	4565	0.015000	162	3533	0.053909	0.069031	0.053909	27.618481
256	9490	4566	0.015000	435	30032	0.458252	0.491638	0.001984	6.803258
256	9490	4567	0.015000	414	28169	0.429825	0.460922	0.429825	78.595060
256	9490	4568	0.015000	263	36780	0.561218	0.578247	0.000778	4.011997
256	9490	4569	0.015000	349	26555	0.405197	0.429047	0.000946	4.465966
256	9490	4570	0.015000	298	42432	0.647461	0.667038	0.001129	5.249961
256	9490	4571	0.015000	371	19734	0.301117	0.327087	0.301117	79.260270
256	9490	4572	0.015000	451	27013	0.412186	0.441727	0.000610	4.251397
256	9490	4573	0.015000	255	11321	0.172745	0.188950	0.172745	45.614278
256	9490	4574	0.015000	385	35520	0.541992	0.567596	0.001205	6.151065
256	9490	4575	0.015000	540	15182	0.231659	0.337173	0.231659	69.901473
256	9490	4576	0.015000	440	25630	0.391083	0.420441	0.391083	81.155546
256	9490	4577	0.015000	348	29302	0.447113	0.475021	0.001480	5.414679
256	9490	4578	0.015000	305	13404	0.204529	0.225464	0.204529	58.086989
256	9490	4579	0.015000	435	2439	0.037216	0.097839	0.037216	23.060885
256	9490	4580	0.015000	279	37213	0.567825	0.589539	0.001236	5.771549
256	9490	4581	0.015000	570	19601	0.299088	0.405701	0.299088	73.991399
256	9490	4582	0.015000	338	37930	0.578766	0.600723	0.000778	5.079323
256	9490	4583	0.015000	331	33773	0.515335	0.538315	0.001236	6.027044
256	9490	4584	0.015000	380	6754	0.103058	0.131744	0.103058	36.295766
256	9490	4585	0.015000	394	17501	0.267044	0.296158	0.267044	73.118508
256	9490	4586	0.015000	339	16453	0.251053	0.272141	0.251053	59.185476
256	9490	4587	0.015000	376	27708	0.422791	0.448578	0.000992	5.789605
256	9490	4588	0.015000	412	32318	0.493134	0.521530	0.000946	5.965409
256	9490	4589	0.015000	222	37519	0.572495	0.586121	0.000549	3.701330
256	9490	4590	0.015000	346	24058	0.367096	0.390305	0.367096	66.684364
256	9490	4591	0.015000	335	15614	0.238251	0.260361	0.238251	53.918886
256	9490	4592	0.015000	523	4265	0.065079	0.202316	0.065079	30.569806
256	9490	4593	0.015000	291	18953	0.289200	0.309357	0.289200	60.538223
256	9490	4594	0.015000	345	5621	0.085770	0.155411	0.085770	32.750922
256	9490	4595	0.015000	355	8650	0.131989	0.153397	0.131989	41.703922
256	9490	4596	0.015000	205	50236	0.766541	0.779236	0.000580	3.724777
256	9490	4597	0.015000	284	38879	0.593246	0.613510	0.000702	4.190298
256	9490	4598	0.015000	351	17047	0.260117	0.281479	0.260117	69.345449
256	9490	4599	0.015000	211	5125	0.078201	0.093689	0.078201	32.036591
256	9490	4600	0.015000	391	30446	0.464569	0.489075	0.000702	3.394160
256	9490	4601	0.015000	260	14948	0.228088	0.248474	0.228088	59.734761
256	9490	4602	0.015000	326	28506	0.434967	0.461258	0.000839	5.080509
256	9490	4603	0.015000	210	4662	0.071136	0.084625	0.071136	31.071537
256	9490	4604	0.015000	486	3963	0.060471	0.135376	0.060471	29.131331
256	9490	4605	0.015000	270	35114	0.535797	0.553268	0.000610	3.735890
256	9490	4606	0.015000	348	25955	0.396042	0.421173	0.396042	80.614702
256	9490	4607	0.015000	393	3898	0.059479	0.084900	0.059479	28.704007
256	9490	4608	0.015000	326	30170	0.460358	0.481476	0.000504	3.055652
256	9490	4609	0.015000	328	18440	0.281372	0.305450	0.281372	63.758519
256	9490	4610	0.015000	428	25967	0.396225	0.426468	0.000900	4.638002
256	9490	4611	0.015000	403	24256	0.370117	0.401947	0.370117	72.165384
256	9490	4612	0.015000	347	11435	0.174484	0.221130	0.174484	46.120812
256	9490	4613	0.015000	545	18691	0.285202	0.391647	0.285202	61.546759
256	9490	4614	0.015000	363	41080	0.626831	0.650070	0.000671	3.889950
256	9490	4615	0.015000	374	10687	0.163071	0.191025	0.163071	44.372039
256	9490	4616	0.015000	176	42535	0.649033	0.661514	0.000580	3.281042
256	9490	4617	0.015000	543	14315	0.218430	0.301254	0.218430	56.538804
256	9490	4618	0.015000	283	20675	0.315475	0.336533	0.315475	64.359243
256	9490	4619	0.015000	519	19734	0.301117	0.408936	0.301117	64.049675
256	9490	4620	0.015000	371	23344	0.356201	0.380234	0.000748	3.490810
256	9490	4621	0.015000	283	12215	0.186386	0.209747	0.186386	48.079688
256	9490	4622	0.015000	357	29592	0.451538	0.478241	0.000992	4.208754
256	9490	4623	0.015000	306	16205	0.247269	0.268982	0.247269	60.751924
256	9490	4624	0.015000	148	53054	0.809540	0.818726	0.000687	3.898844
256	9490	4625	0.015000	170	50692	0.773499	0.786301	0.000931	4.878466
256	9490	4626	0.015000	489	15418	0.235260	0.428665	0.235260	54.065207
256	9490	4627	0.015000	410	29982	0.457489	0.485077	0.000793	3.832427
256	9490	4628	0.015000	278	14732	0.224792	0.243362	0.224792	55.185301
256	9490	4629	0.015000	662	8623	0.131577	0.239792	0.131577	42.735176
256	9490	4630	0.015000	353	14997	0.228836	0.256088	0.228836	52.958704
256	9490	4631	0.015000	353	6071	0.092636	0.143707	0.092636	34.232553
256	9490	4632	0.015000	351	6271	0.095688	0.179718	0.095688	35.175467
256	9490	4633	0.015000	361	33376	0.509277	0.535507	0.001221	6.229842
256	9490	4634	0.015000	489	23230	0.354462	0.385788	0.000839	3.980863
256	9490	4635	0.015000	150	43424	0.662598	0.673477	0.001038	4.686818
256	9490	4636	0.015000	316	35527	0.542099	0.563370	0.000900	5.791603
256	9490	4637	0.015000	354	10644	0.162415	0.280640	0.162415	51.031916
256	9490	4638	0.015000	332	35277	0.538284	0.563782	0.001297	7.223472
256	9490	4639	0.015000	406	26721	0.407730	0.433899	0.000717	3.501923
256	9490	4640	0.015000	318	10874	0.165924	0.185043	0.165924	45.289265
256	9490	4641	0.015000	546	2912	0.044434	0.116791	0.044434	25.621473
256	9490	4642	0.015000	585	11085	0.169144	0.278656	0.169144	53.668730
256	9490	4643	0.015000	357	24484	0.373596	0.398621	0.001175	5.241414
256	9490	4644	0.015000	260	39183	0.597885	0.617661	0.001221	4.984648
256	9490	4645	0.015000	405	13422	0.204803	0.323166	0.204803	59.464954
256	9490	4646	0.015000	381	26210	0.399933	0.429123	0.000900	4.075487
256	9490	4647	0.015000	322	20799	0.317368	0.341675	0.317368	66.471159
256	9490	4648	0.015000	447	9408	0.143555	0.214859	0.143555	47.253387
256	9490	4649	0.015000	441	12333	0.188187	0.377472	0.188187	47.867626
256	9490	4650	0.015000	479	27301	0.416580	0.450500	0.000839	3.542516
256	9490	4651	0.015000	363	15439	0.235580	0.259811	0.000854	4.754663
256	9490	4652	0.015000	325	25390	0.387421	0.407028	0.000595	3.350449
256	9490	4653	0.015000	439	16884	0.257629	0.285690	0.257629	65.066082
256	9490	4654	0.015000	243	4669	0.071243	0.087418	0.071243	33.614466
256	9490	4655	0.015000	373	19817	0.302383	0.360901	0.030472	21.966747
256	9490	4656	0.015000	446	29547	0.450851	0.486893	0.001099	4.872823
256	9490	4657	0.015000	223	8717	0.133011	0.148071	0.133011	40.581964
256	9490	4658	0.015000	499	3559	0.054306	0.176758	0.054306	29.168573
256	9490	4659	0.015000	468	12229	0.186600	0.221191	0.186600	58.784725
256	9490	4660	0.015000	536	20095	0.306625	0.369247	0.306625	63.665844
256	9490	4661	0.015000	469	15577	0.237686	0.433975	0.237686	56.854249
256	9490	4662	0.015000	405	6041	0.092178	0.142715	0.092178	34.405247
256	9490	4663	0.015000	336	32592	0.497314	0.523117	0.000870	3.988441
256	9490	4664	0.015000	97	17	0.000259	0.005173	0.000259	2.183613
256	9490	4665	0.015000	342	22433	0.342300	0.365417	0.342300	68.357908
256	9490	4666	0.015000	336	28805	0.439529	0.463287	0.001556	6.684937
256	9490	4667	0.015000	346	29003	0.442551	0.467087	0.000854	4.464107
256	9490	4668	0.015000	464	14130	0.215607	0.449020	0.215607	50.991156
256	9490	4669	0.015000	280	32870	0.501556	0.519821	0.000793	3.739235
256	9490	4670	0.015000	315	20733	0.316360	0.339432	0.316360	66.864635
256	9490	4671	0.015000	491	26160	0.399170	0.428818	0.000732	4.065170
256	9490	4672	0.015000	445	32110	0.489960	0.522842	0.001251	5.642692
256	9490	4673	0.015000	232	6027	0.091965	0.108917	0.091965	34.275602
256	9490	4674	0.015000	237	13158	0.200775	0.216354	0.200775	49.786358
256	9490	4675	0.015000	460	18379	0.280441	0.324036	0.280441	64.397742
256	9490	4676	0.015000	342	18489	0.282120	0.307571	0.282120	63.027920
256	9490	4677	0.015000	377	12054	0.183929	0.212433	0.183929	63.091477
256	9490	4678	0.015000	254	14282	0.217926	0.234589	0.217926	51.566750
256	9490	4679	0.015000	336	24725	0.377274	0.404343	0.377274	74.871953
256	9490	4680	0.015000	393	10737	0.163834	0.263321	0.163834	44.964519
256	9490	4681	0.015000	427	33900	0.517273	0.549515	0.000793	4.416174
256	9490	4682	0.015000	205	138	0.002106	0.017883	0.002106	6.158704
256	9490	4683	0.015000	409	7149	0.109085	0.142151	0.109085	38.070706
256	9490	4684	0.015000	361	2445	0.037308	0.081009	0.037308	23.380884
256	9490	4685	0.015000	416	6288	0.095947	0.184525	0.095947	34.910644
256	9490	4686	0.015000	234	46499	0.709518	0.726288	0.001358	6.381389
256	9490	4687	0.015000	316	19023	0.290268	0.311569	0.290268	72.157639
256	9490	4688	0.015000	378	19142	0.292084	0.321655	0.292084	62.872995
256	9490	4689	0.015000	240	12010	0.183258	0.198547	0.183258	48.615100
256	9490	4690	0.015000	404	9354	0.142731	0.265015	0.142731	41.781610
256	9490	4691	0.015000	450	6711	0.102402	0.176315	0.102402	40.089581
256	9490	4692	0.015000	467	3663	0.055893	0.184540	0.055893	27.681758
256	9490	4693	0.015000	306	9893	0.150955	0.172684	0.150955	48.499091
256	9490	4694	0.015000	322	28729	0.438370	0.459732	0.000793	3.963218
256	9490	4695	0.015000	203	46071	0.702988	0.715042	0.000473	3.951580
256	9490	4696	0.015000	308	33197	0.506546	0.527054	0.000793	3.686042
256	9490	4697	0.015000	552	15568	0.237549	0.283096	0.237549	67.198687
256	9490	4698	0.015000	361	8630	0.131683	0.190475	0.131683	42.414809
256	9490	4699	0.015000	281	1139	0.017380	0.039291	0.017380	18.691063
256	9490	4700	0.015000	231	16650	0.254059	0.270538	0.254059	54.783206
256	9490	4701	0.015000	402	9011	0.137497	0.223190	0.137497	46.528228
256	9490	4702	0.015000	327	20129	0.307144	0.327591	0.307144	63.775325
256	9490	4703	0.015000	253	28065	0.428238	0.443802	0.000595	3.461443
256	9490	4704	0.015000	250	21991	0.335556	0.351974	0.000519	3.536390
256	9490	4705	0.015000	539	13392	0.204346	0.242813	0.204346	64.236768
256	9490	4706	0.015000	250	25823	0.394028	0.411072	0.000717	4.352715
256	9490	4707	0.015000	389	35501	0.541702	0.567398	0.000717	3.990369
256	9490	4708	0.015000	411	16562	0.252716	0.297363	0.252716	62.815996
256	9490	4709	0.015000	267	22884	0.349182	0.366623	0.349182	68.289346
256	9490	4710	0.015000	400	23717	0.361893	0.388474	0.000565	3.219054
256	9490	4711	0.015000	286	46286	0.706268	0.725098	0.000488	3.177988
256	9490	4712	0.015000	225	35637	0.543777	0.558090	0.000809	4.199713
256	9490	4713	0.015000	389	22972	0.350525	0.376602	0.350525	85.367367
256	9490	4714	0.015000	333	18778	0.286530	0.309250	0.286530	61.474648
256	9490	4715	0.015000	382	13048	0.199097	0.227524	0.199097	50.525634
256	9490	4716	0.015000	382	31593	0.482071	0.512833	0.001846	6.658634
256	9490	4717	0.015000	178	172	0.002625	0.018219	0.002625	8.113442
256	9490	4718	0.015000	465	29791	0.454575	0.549942	0.062958	31.190172
256	9490	4719	0.015000	142	50804	0.775208	0.782974	0.000381	2.925201
256	9490	4720	0.015000	270	35708	0.544861	0.565567	0.001068	4.412182
256	9490	4721	0.015000	105	19	0.000290	0.006516	0.000290	2.380670
256	9490	4722	0.015000	584	4165	0.063553	0.179337	0.063553	34.350229
256	9490	4723	0.015000	360	18857	0.287735	0.324600	0.287735	60.245264
256	9490	4724	0.015000	418	9215	0.140610	0.262512	0.140610	44.620941
256	9490	4725	0.015000	305	42241	0.644547	0.666855	0.000748	3.819436
256	9490	4726	0.015000	247	19886	0.303436	0.322067	0.303436	76.174541
256	9490	4727	0.015000	463	20367	0.310776	0.347672	0.310776	62.838073
256	9490	4728	0.015000	338	32176	0.490967	0.514633	0.000778	4.068238
256	9490	4729	0.015000	386	28649	0.437149	0.470322	0.002274	7.220092
256	9490	4730	0.015000	254	2697	0.041153	0.061783	0.041153	25.310810
256	9490	4731	0.015000	145	18	0.000275	0.006943	0.000275	2.169514
256	9490	4732	0.015000	430	28228	0.430725	0.459183	0.001938	6.651041
256	9490	4733	0.015000	116	17	0.000259	0.006668	0.000259	2.387974
256	9490	4734	0.015000	302	30551	0.466171	0.488373	0.001297	5.564246
256	9490	4735	0.015000	310	32559	0.496811	0.516098	0.000824	3.758347
256	9490	4736	0.015000	303	14761	0.225235	0.246933	0.225235	71.771606
256	9490	4737	0.015000	523	25717	0.392410	0.431976	0.001236	5.927572
256	9490	4738	0.015000	138	54098	0.825470	0.834930	0.001068	4.035480
256	9490	4739	0.015000	259	41971	0.640427	0.660858	0.000702	3.532525
256	9490	4740	0.015000	476	25721	0.392471	0.424423	0.001190	5.077522
256	9490	4741	0.015000	268	38410	0.586090	0.603119	0.000900	4.141077
256	9490	4742	0.015000	417	22170	0.338287	0.370255	0.338287	69.355863
256	9490	4743	0.015000	362	32511	0.496078	0.520645	0.000549	3.889286
256	9490	4744	0.015000	343	38186	0.582672	0.611511	0.002060	7.230518
256	9490	4745	0.015000	267	14943	0.228012	0.246674	0.228012	52.807522
256	9490	4746	0.015000	436	13453	0.205276	0.412537	0.205276	50.894690
256	9490	4747	0.015000	422	27878	0.425385	0.455399	0.000824	4.065985
256	9490	4748	0.015000	215	66	0.001007	0.015274	0.001007	4.488149
256	9490	4749	0.015000	314	36813	0.561722	0.581635	0.000732	3.744904
256	9490	4750	0.015000	329	36269	0.553421	0.577988	0.002075	5.832486
256	9490	4751	0.015000	366	28507	0.434982	0.461334	0.001038	4.071751
256	9490	4752	0.015000	563	9351	0.142685	0.271469	0.142685	49.721484
256	9490	4753	0.015000	296	15165	0.231400	0.252670	0.231400	53.055479
256	9490	4754	0.015000	341	16622	0.253632	0.276489	0.253632	69.923166
256	9490	4755	0.015000	256	3225	0.049210	0.063751	0.049210	27.190904
256	9490	4756	0.015000	205	9732	0.148499	0.162445	0.148499	44.113212
256	9490	4757	0.015000	241	22370	0.341339	0.354645	0.000732	5.157754
256	9490	4758	0.015000	597	13832	0.211060	0.281219	0.211060	54.003783
256	9490	4759	0.015000	335	21747	0.331833	0.353653	0.331833	66.361381
256	9490	4760	0.015000	382	28076	0.428406	0.456711	0.000671	4.549260
256	9490	4761	0.015000	427	11266	0.171906	0.216843	0.171906	45.934565
256	9490	4762	0.015000	405	2751	0.041977	0.094757	0.041977	24.380630
256	9490	4763	0.015000	331	24477	0.373489	0.396454	0.373489	69.071848
256	9490	4764	0.015000	432	13076	0.199524	0.318558	0.199524	55.089404
256	9490	4765	0.015000	312	15482	0.236237	0.258072	0.236237	53.134445
256	9490	4766	0.015000	294	1717	0.026199	0.047958	0.026199	22.692882
256	9490	4767	0.015000	330	18280	0.278931	0.300201	0.278931	64.491512
256	9490	4768	0.015000	311	16972	0.258972	0.280731	0.258972	59.597799
