256	9500	1001	0.015000	376	37018	0.564850	0.589737	0.000534	2.704192
256	9500	1002	0.015000	286	37050	0.565338	0.585678	0.000839	3.877291
256	9500	1003	0.015000	346	26301	0.401321	0.425339	0.001129	5.314729
256	9500	1004	0.015000	439	7979	0.121750	0.203461	0.121750	38.892898
256	9500	1005	0.015000	198	46112	0.703613	0.720016	0.000885	3.784237
256	9500	1006	0.015000	231	34037	0.519363	0.535950	0.000748	4.452348
256	9500	1007	0.015000	426	10031	0.153061	0.250916	0.153061	46.149271
256	9500	1008	0.015000	300	13765	0.210037	0.233444	0.210037	54.907477
256	9500	1009	0.015000	249	2895	0.044174	0.060577	0.044174	25.826777
256	9500	1010	0.015000	182	41653	0.635574	0.646622	0.000397	2.555016
256	9500	1011	0.015000	349	22455	0.342636	0.366745	0.342636	68.740237
256	9500	1012	0.015000	182	8034	0.122589	0.134430	0.122589	38.956568
256	9500	1013	0.015000	452	17006	0.259491	0.288971	0.259491	67.132112
256	9500	1014	0.015000	334	2776	0.042358	0.063553	0.042358	25.403012
256	9500	1015	0.015000	386	19620	0.299377	0.325745	0.001297	5.417414
256	9500	1016	0.015000	321	36155	0.551682	0.574066	0.551682	82.286177
256	9500	1017	0.015000	366	8026	0.122467	0.183212	0.122467	39.509652
256	9500	1018	0.015000	211	52113	0.795181	0.809250	0.000687	4.535185
256	9500	1019	0.015000	261	34390	0.524750	0.540695	0.000717	4.459465
256	9500	1020	0.015000	354	24904	0.380005	0.406662	0.001556	5.696720
256	9500	1021	0.015000	275	17795	0.271530	0.292404	0.271530	70.029759
256	9500	1022	0.015000	262	15564	0.237488	0.253784	0.237488	54.457297
256	9500	1023	0.015000	138	52676	0.803772	0.811981	0.000687	3.684066
256	9500	1024	0.015000	391	16423	0.250595	0.287552	0.250595	55.095716
256	9500	1025	0.015000	441	6978	0.106476	0.230576	0.106476	37.072591
256	9500	1026	0.015000	351	28012	0.427429	0.453796	0.001358	4.798134
256	9500	1027	0.015000	254	37092	0.565979	0.582260	0.000824	4.487332
256	9500	1028	0.015000	370	13210	0.201569	0.232178	0.201569	55.892308
256	9500	1029	0.015000	481	15787	0.240891	0.281952	0.240891	53.989315
256	9500	1030	0.015000	509	24367	0.371811	0.404327	0.371811	67.896232
256	9500	1031	0.015000	290	27093	0.413406	0.434372	0.001038	5.161534
256	9500	1032	0.015000	358	18621	0.284134	0.310257	0.284134	62.678657
256	9500	1033	0.015000	382	36103	0.550888	0.574921	0.000778	4.241462
256	9500	1034	0.015000	358	13867	0.211594	0.257950	0.211594	49.885910
256	9500	1035	0.015000	419	2199	0.033554	0.076401	0.033554	23.282895
256	9500	1036	0.015000	292	16145	0.246353	0.265198	0.246353	55.285992
256	9500	1037	0.015000	290	22764	0.347351	0.368927	0.001190	6.134157
256	9500	1038	0.015000	325	41318	0.630463	0.652298	0.000732	4.037046
256	9500	1039	0.015000	328	39031	0.595566	0.615433	0.000732	4.822455
256	9500	1040	0.015000	417	21324	0.325378	0.353867	0.325378	74.690466
256	9500	1041	0.015000	298	26731	0.407883	0.430756	0.000854	3.809519
256	9500	1042	0.015000	219	47470	0.724335	0.739807	0.000793	4.071613
256	9500	1043	0.015000	446	24651	0.376144	0.412033	0.376144	74.932952
256	9500	1044	0.015000	319	25471	0.388657	0.411835	0.388657	69.792877
256	9500	1045	0.015000	389	17473	0.266617	0.333725	0.266617	58.525551
256	9500	1046	0.015000	227	33532	0.511658	0.526901	0.000839	4.065090
256	9500	1047	0.015000	352	15001	0.228897	0.250702	0.228897	63.218509
256	9500	1048	0.015000	398	25012	0.381653	0.460007	0.381653	68.453766
256	9500	1049	0.015000	414	32800	0.500488	0.547729	0.013275	16.584518
256	9500	1050	0.015000	50	60702	0.926239	0.928406	0.000183	2.368778
256	9500	1051	0.015000	271	33963	0.518234	0.535904	0.000992	4.216507
256	9500	1052	0.015000	327	27284	0.416321	0.438431	0.416321	73.700804
256	9500	1053	0.015000	258	13632	0.208008	0.226761	0.208008	53.285003
256	9500	1054	0.015000	250	30152	0.460083	0.474716	0.000580	3.328089
256	9500	1055	0.015000	157	51939	0.792526	0.804138	0.000809	4.037295
256	9500	1056	0.015000	468	17693	0.269974	0.370605	0.269974	61.702546
256	9500	1057	0.015000	267	11942	0.182220	0.202408	0.182220	54.598740
256	9500	1058	0.015000	568	32786	0.500275	0.544846	0.001511	6.878602
256	9500	1059	0.015000	304	43425	0.662613	0.683609	0.000763	4.813730
256	9500	1060	0.015000	234	1704	0.026001	0.040405	0.026001	21.029797
256	9500	1061	0.015000	350	26692	0.407288	0.431396	0.407288	4.073822
256	9500	1062	0.015000	308	48845	0.745316	0.764359	0.000702	3.698975
256	9500	1063	0.015000	321	42633	0.650528	0.690369	0.017609	19.399211
256	9500	1064	0.015000	402	22671	0.345932	0.376312	0.001251	5.958624
256	9500	1065	0.015000	194	48012	0.732605	0.743423	0.000519	2.898663
256	9500	1066	0.015000	414	18095	0.276108	0.377274	0.276108	64.522807
256	9500	1067	0.015000	444	9673	0.147598	0.220764	0.147598	43.256437
256	9500	1068	0.015000	369	26061	0.397659	0.424438	0.001266	5.448581
256	9500	1069	0.015000	203	14664	0.223755	0.238098	0.223755	52.288541
256	9500	1070	0.015000	321	33172	0.506165	0.529938	0.001083	4.972928
256	9500	1071	0.015000	385	14456	0.220581	0.268250	0.220581	52.741819
256	9500	1072	0.015000	428	6344	0.096802	0.182831	0.096802	37.478562
256	9500	1073	0.015000	256	8494	0.129608	0.145279	0.129608	40.097153
256	9500	1074	0.015000	34	61800	0.942993	0.944412	0.000214	1.892520
256	9500	1075	0.015000	132	54545	0.832291	0.840225	0.000854	4.966180
256	9500	1076	0.015000	346	34869	0.532059	0.553909	0.001297	6.513216
256	9500	1077	0.015000	391	31494	0.480560	0.506989	0.000732	3.878527
256	9500	1078	0.015000	381	26941	0.411087	0.436508	0.000854	4.435407
256	9500	1079	0.015000	443	10454	0.159515	0.269287	0.159515	43.477694
256	9500	1080	0.015000	381	17650	0.269318	0.298065	0.269318	67.203167
256	9500	1081	0.015000	46	60527	0.923569	0.925720	0.000244	1.870829
256	9500	1082	0.015000	351	7984	0.121826	0.173431	0.121826	42.330560
256	9500	1083	0.015000	318	31303	0.477646	0.499481	0.000977	4.620669
256	9500	1084	0.015000	194	11461	0.174881	0.188034	0.174881	46.415991
256	9500	1085	0.015000	517	13118	0.200165	0.373749	0.200165	48.368170
256	9500	1086	0.015000	212	45490	0.694122	0.709595	0.001480	5.454417
256	9500	1087	0.015000	189	44117	0.673172	0.686493	0.000854	4.449260
256	9500	1088	0.015000	230	39653	0.605057	0.622375	0.000702	3.461167
256	9500	1089	0.015000	338	8001	0.122086	0.198212	0.122086	39.429636
256	9500	1090	0.015000	350	34167	0.521347	0.544754	0.001160	6.010768
256	9500	1091	0.015000	367	23522	0.358917	0.385010	0.001221	5.174804
256	9500	1092	0.015000	350	30256	0.461670	0.482651	0.001160	6.088666
256	9500	1093	0.015000	428	25855	0.394516	0.423676	0.394516	81.350099
256	9500	1094	0.015000	372	9610	0.146637	0.224426	0.146637	48.809748
256	9500	1095	0.015000	311	35761	0.545670	0.567032	0.000885	4.048630
256	9500	1096	0.015000	341	17885	0.272903	0.302185	0.272903	72.404963
256	9500	1097	0.015000	217	43604	0.665344	0.679504	0.000748	3.934279
256	9500	1098	0.015000	399	32094	0.489716	0.520813	0.001297	6.201981
256	9500	1099	0.015000	305	38047	0.580551	0.601669	0.000916	4.148628
256	9500	1100	0.015000	301	22331	0.340744	0.361969	0.340744	72.473538
256	9500	1101	0.015000	218	35129	0.536026	0.552277	0.001007	4.305324
256	9500	1102	0.015000	264	44867	0.684616	0.700470	0.000748	4.095893
256	9500	1103	0.015000	304	32012	0.488464	0.507645	0.000809	5.246505
256	9500	1104	0.015000	381	28102	0.428802	0.453949	0.000824	4.083071
256	9500	1105	0.015000	324	30849	0.470718	0.491959	0.000580	3.526021
256	9500	1106	0.015000	358	38022	0.580170	0.608597	0.000702	3.982051
256	9500	1107	0.015000	141	54504	0.831665	0.841385	0.000534	2.712029
256	9500	1108	0.015000	282	36689	0.559830	0.576614	0.000504	3.172425
256	9500	1109	0.015000	202	44190	0.674286	0.688950	0.001343	5.306745
256	9500	1110	0.015000	375	27491	0.419479	0.450638	0.001709	5.526685
256	9500	1111	0.015000	288	19709	0.300735	0.323456	0.000717	4.570657
256	9500	1112	0.015000	363	40001	0.610367	0.636185	0.002304	7.246462
256	9500	1113	0.015000	563	4844	0.073914	0.149673	0.073914	49.987652
256	9500	1114	0.015000	172	51661	0.788284	0.796890	0.000473	2.763671
256	9500	1115	0.015000	415	22037	0.336258	0.366196	0.000977	4.782552
256	9500	1116	0.015000	395	21547	0.328781	0.357819	0.328781	72.900887
256	9500	1117	0.015000	385	9374	0.143036	0.167419	0.143036	49.881629
256	9500	1118	0.015000	454	5837	0.089066	0.121719	0.089066	35.082098
256	9500	1119	0.015000	368	20907	0.319016	0.344406	0.319016	62.853761
256	9500	1120	0.015000	185	42734	0.652069	0.663208	0.000702	4.405380
256	9500	1121	0.015000	344	39323	0.600021	0.622940	0.000717	5.426658
256	9500	1122	0.015000	453	13540	0.206604	0.243454	0.206604	56.993927
256	9500	1123	0.015000	266	24761	0.377823	0.395050	0.001343	5.987224
256	9500	1124	0.015000	167	43875	0.669479	0.680618	0.000626	3.492151
256	9500	1125	0.015000	297	321	0.004898	0.032043	0.004898	10.163429
256	9500	1126	0.015000	288	15234	0.232452	0.251816	0.232452	64.143754
256	9500	1127	0.015000	339	29808	0.454834	0.476028	0.000870	3.859809
256	9500	1128	0.015000	269	91	0.001389	0.017639	0.001389	7.422050
256	9500	1129	0.015000	401	21133	0.322464	0.349899	0.322464	75.205379
256	9500	1130	0.015000	225	38568	0.588501	0.604736	0.000732	3.802183
256	9500	1131	0.015000	516	25681	0.391861	0.432922	0.001663	5.751716
256	9500	1132	0.015000	426	18825	0.287247	0.317825	0.287247	78.710689
256	9500	1133	0.015000	186	5003	0.076340	0.088074	0.076340	31.881320
256	9500	1134	0.015000	286	14279	0.217880	0.237320	0.217880	50.889731
256	9500	1135	0.015000	369	20302	0.309784	0.335678	0.309784	74.437963
256	9500	1136	0.015000	358	39437	0.601761	0.627228	0.000504	4.892039
256	9500	1137	0.015000	346	19896	0.303589	0.331970	0.001144	5.276329
256	9500	1138	0.015000	423	16084	0.245422	0.327072	0.245422	55.477249
256	9500	1139	0.015000	582	9970	0.152130	0.282806	0.152130	42.785740
256	9500	1140	0.015000	307	40030	0.610809	0.631454	0.000595	3.604366
256	9500	1141	0.015000	176	1393	0.021255	0.031616	0.021255	20.098069
256	9500	1142	0.015000	597	8561	0.130630	0.272186	0.130630	41.252030
256	9500	1143	0.015000	366	33096	0.505005	0.553909	0.024216	20.978935
256	9500	1144	0.015000	242	31585	0.481949	0.497879	0.000763	3.722687
256	9500	1145	0.015000	288	31110	0.474701	0.492584	0.000610	3.057266
256	9500	1146	0.015000	294	14628	0.223206	0.243240	0.223206	67.137368
256	9500	1147	0.015000	352	15120	0.230713	0.254761	0.230713	67.085641
256	9500	1148	0.015000	361	41498	0.633209	0.662292	0.001266	4.937702
256	9500	1149	0.015000	269	953	0.014542	0.030869	0.014542	16.029434
256	9500	1150	0.015000	377	33690	0.514069	0.538193	0.001129	5.243121
256	9500	1151	0.015000	383	26626	0.406281	0.435577	0.406281	78.119249
256	9500	1152	0.015000	257	16182	0.246918	0.265656	0.246918	54.230386
256	9500	1153	0.015000	378	11617	0.177261	0.204590	0.177261	57.580793
256	9500	1154	0.015000	304	18487	0.282089	0.301483	0.282089	61.837242
256	9500	1155	0.015000	218	46548	0.710266	0.724655	0.000595	2.909324
256	9500	1156	0.015000	392	29727	0.453598	0.515594	0.034821	23.406177
256	9500	1157	0.015000	362	3894	0.059418	0.082901	0.059418	28.843260
256	9500	1158	0.015000	264	40189	0.613235	0.629868	0.000580	3.303339
256	9500	1159	0.015000	283	22851	0.348679	0.369461	0.000824	4.119694
256	9500	1160	0.015000	310	40206	0.613495	0.632217	0.000778	4.937129
256	9500	1161	0.015000	312	22627	0.345261	0.370178	0.345261	68.439042
256	9500	1162	0.015000	415	13564	0.206970	0.348846	0.206970	54.909320
256	9500	1163	0.015000	306	36512	0.557129	0.577866	0.001495	5.870922
256	9500	1164	0.015000	255	26502	0.404388	0.423401	0.000916	3.917730
256	9500	1165	0.015000	384	30082	0.459015	0.483948	0.000946	4.619806
256	9500	1166	0.015000	483	19365	0.295486	0.326538	0.295486	77.710224
256	9500	1167	0.015000	444	20666	0.315338	0.345642	0.000977	5.125643
256	9500	1168	0.015000	251	40331	0.615402	0.631714	0.000732	4.384612
256	9500	1169	0.015000	444	38806	0.592133	0.622543	0.000732	3.712194
256	9500	1170	0.015000	201	89	0.001358	0.014969	0.001358	6.263921
256	9500	1171	0.015000	192	50612	0.772278	0.784393	0.000732	3.955372
256	9500	1172	0.015000	202	7118	0.108612	0.121033	0.108612	36.755208
256	9500	1173	0.015000	620	7867	0.120041	0.256180	0.120041	43.347159
256	9500	1174	0.015000	230	41280	0.629883	0.646500	0.000656	4.156745
256	9500	1175	0.015000	354	32964	0.502991	0.525223	0.000656	3.456130
256	9500	1176	0.015000	301	28793	0.439346	0.456726	0.000641	3.857731
256	9500	1177	0.015000	314	27445	0.418777	0.442123	0.418777	77.266733
256	9500	1178	0.015000	354	31484	0.480408	0.505081	0.480408	75.505558
256	9500	1179	0.015000	359	31410	0.479279	0.504990	0.001038	4.915352
256	9500	1180	0.015000	225	4975	0.075912	0.089737	0.075912	33.302289
256	9500	1181	0.015000	456	13201	0.201431	0.249573	0.201431	63.801075
256	9500	1182	0.015000	587	3446	0.052582	0.160187	0.052582	27.148058
256	9500	1183	0.015000	322	21599	0.329575	0.351761	0.329575	62.635757
256	9500	1184	0.015000	396	27535	0.420151	0.443558	0.000641	3.393839
256	9500	1185	0.015000	291	23356	0.356384	0.378876	0.356384	77.395767
256	9500	1186	0.015000	370	25854	0.394501	0.425476	0.394501	73.367100
256	9500	1187	0.015000	390	6091	0.092941	0.207794	0.092941	34.260900
256	9500	1188	0.015000	284	37417	0.570938	0.586533	0.000473	2.682273
256	9500	1189	0.015000	545	9059	0.138229	0.200882	0.138229	41.922604
256	9500	1190	0.015000	394	13630	0.207977	0.236740	0.207977	52.124054
256	9500	1191	0.015000	216	13866	0.211578	0.224503	0.211578	51.187132
256	9500	1192	0.015000	366	33841	0.516373	0.543961	0.000610	3.501696
256	9500	1193	0.015000	445	18924	0.288757	0.321503	0.288757	64.271861
256	9500	1194	0.015000	252	36256	0.553223	0.570450	0.000656	5.072114
256	9500	1195	0.015000	271	39119	0.596909	0.614258	0.000549	3.417231
256	9500	1196	0.015000	378	7511	0.114609	0.165619	0.114609	38.001420
256	9500	1197	0.015000	331	9339	0.142502	0.168259	0.142502	44.635819
256	9500	1198	0.015000	322	11409	0.174088	0.195557	0.174088	55.969886
256	9500	1199	0.015000	234	33090	0.504913	0.521713	0.000900	3.994394
256	9500	1200	0.015000	446	6686	0.102020	0.205566	0.102020	35.787672
256	9500	1201	0.015000	352	31460	0.480042	0.502899	0.000977	4.862715
256	9500	1202	0.015000	260	8461	0.129105	0.143372	0.129105	39.428054
256	9500	1203	0.015000	238	13625	0.207901	0.225250	0.207901	49.649308
256	9500	1204	0.015000	389	10350	0.157928	0.186951	0.157928	48.718106
256	9500	1205	0.015000	376	13842	0.211212	0.238419	0.211212	54.909077
256	9500	1206	0.015000	403	14546	0.221954	0.315063	0.221954	59.597435
256	9500	1207	0.015000	236	29739	0.453781	0.470718	0.001053	4.617210
256	9500	1208	0.015000	522	20709	0.315994	0.387161	0.315994	68.772228
256	9500	1209	0.015000	188	40785	0.622330	0.633301	0.000458	2.723152
256	9500	1210	0.015000	322	30434	0.464386	0.488556	0.001007	4.615347
256	9500	1211	0.015000	392	23231	0.354477	0.383301	0.000839	4.317330
256	9500	1212	0.015000	597	18680	0.285034	0.338150	0.285034	65.900709
256	9500	1213	0.015000	215	40559	0.618881	0.631470	0.000366	3.122025
256	9500	1214	0.015000	337	7710	0.117645	0.138916	0.117645	40.392792
256	9500	1215	0.015000	445	22639	0.345444	0.372833	0.000900	3.886201
256	9500	1216	0.015000	456	16091	0.245529	0.349594	0.070831	30.930207
256	9500	1217	0.015000	588	8669	0.132278	0.265686	0.132278	54.169505
256	9500	1218	0.015000	374	10325	0.157547	0.197067	0.157547	47.996260
256	9500	1219	0.015000	344	26044	0.397400	0.418549	0.000580	3.339203
256	9500	1220	0.015000	287	33795	0.515671	0.536728	0.001007	4.889974
256	9500	1221	0.015000	314	27868	0.425232	0.448166	0.001144	4.804294
256	9500	1222	0.015000	329	3652	0.055725	0.083679	0.055725	27.719042
256	9500	1223	0.015000	292	42669	0.651077	0.668488	0.000824	3.815219
256	9500	1224	0.015000	211	5333	0.081375	0.097290	0.081375	33.112646
256	9500	1225	0.015000	286	13967	0.213120	0.231369	0.213120	52.004911
256	9500	1226	0.015000	286	45565	0.695267	0.712494	0.000626	3.795486
256	9500	1227	0.015000	213	47046	0.717865	0.730652	0.000626	3.711166
256	9500	1228	0.015000	316	32805	0.500565	0.526154	0.001373	5.934873
256	9500	1229	0.015000	384	13338	0.203522	0.229141	0.203522	58.595919
256	9500	1230	0.015000	516	18148	0.276917	0.370987	0.276917	58.655074
256	9500	1231	0.015000	300	37700	0.575256	0.597580	0.001068	4.744965
256	9500	1232	0.015000	415	25493	0.388992	0.419052	0.001358	5.573373
256	9500	1233	0.015000	278	34777	0.530655	0.553314	0.000809	4.316757
256	9500	1234	0.015000	317	5473	0.083511	0.108398	0.083511	36.090849
256	9500	1235	0.015000	323	22807	0.348007	0.369934	0.348007	73.630630
256	9500	1236	0.015000	503	20644	0.315002	0.349213	0.315002	81.214994
256	9500	1237	0.015000	294	17043	0.260056	0.281082	0.260056	61.358247
256	9500	1238	0.015000	328	6329	0.096573	0.124695	0.096573	35.066261
256	9500	1239	0.015000	445	24683	0.376633	0.408661	0.376633	84.467150
256	9500	1240	0.015000	313	15124	0.230774	0.251572	0.230774	60.700640
256	9500	1241	0.015000	516	15625	0.238419	0.361710	0.238419	67.787145
256	9500	1242	0.015000	383	32068	0.489319	0.515472	0.000717	3.938067
256	9500	1243	0.015000	496	6941	0.105911	0.174835	0.105911	37.414600
256	9500	1244	0.015000	268	30887	0.471298	0.489792	0.000702	3.831888
256	9500	1245	0.015000	472	21390	0.326385	0.377853	0.326385	68.101939
256	9500	1246	0.015000	293	44900	0.685120	0.704895	0.000656	4.128022
256	9500	1247	0.015000	451	31700	0.483704	0.523743	0.003372	10.399814
256	9500	1248	0.015000	400	23955	0.365524	0.393234	0.000626	3.617000
256	9500	1249	0.015000	317	40827	0.622971	0.642578	0.000473	2.878388
256	9500	1250	0.015000	279	21382	0.326263	0.347946	0.326263	66.591757
256	9500	1251	0.015000	522	12640	0.192871	0.316818	0.192871	48.451670
256	9500	1252	0.015000	419	26263	0.400742	0.426605	0.400742	72.643528
256	9500	1253	0.015000	348	36918	0.563324	0.586121	0.000610	3.318038
256	9500	1254	0.015000	240	12152	0.185425	0.203506	0.185425	50.159297
256	9500	1255	0.015000	397	29630	0.452118	0.481796	0.452118	73.704359
256	9500	1256	0.015000	277	26206	0.399872	0.418091	0.000687	3.838338
256	9500	1257	0.015000	626	3627	0.055344	0.127213	0.055344	27.604197
256	9500	1258	0.015000	379	18335	0.279770	0.351761	0.279770	58.181940
256	9500	1259	0.015000	182	50	0.000763	0.011795	0.000763	4.089254
256	9500	1260	0.015000	343	32290	0.492706	0.520386	0.000931	4.803195
256	9500	1261	0.015000	136	53946	0.823151	0.832840	0.000610	3.186495
256	9500	1262	0.015000	396	13518	0.206268	0.286942	0.206268	49.555271
256	9500	1263	0.015000	343	35136	0.536133	0.559311	0.001099	5.028545
256	9500	1264	0.015000	447	10154	0.154938	0.180649	0.154938	46.318867
256	9500	1265	0.015000	272	45664	0.696777	0.714966	0.000961	4.837131
256	9500	1266	0.015000	526	14640	0.223389	0.294479	0.223389	59.271502
256	9500	1267	0.015000	451	23221	0.354324	0.477081	0.088776	38.519082
256	9500	1268	0.015000	165	24	0.000366	0.011032	0.000366	3.324728
256	9500	1269	0.015000	302	6689	0.102066	0.121796	0.102066	35.587620
256	9500	1270	0.015000	357	16026	0.244537	0.266846	0.244537	58.022684
256	9500	1271	0.015000	369	22934	0.349945	0.376938	0.349945	67.795672
256	9500	1272	0.015000	394	26611	0.406052	0.430527	0.000626	3.616178
256	9500	1273	0.015000	500	27630	0.421600	0.468445	0.002609	6.968567
256	9500	1274	0.015000	378	26801	0.408951	0.453781	0.016785	16.946171
256	9500	1275	0.015000	264	39234	0.598663	0.614807	0.000412	2.885563
256	9500	1276	0.015000	147	51282	0.782501	0.794098	0.001190	5.758466
256	9500	1277	0.015000	390	29145	0.444717	0.473175	0.000870	4.759465
256	9500	1278	0.015000	336	32328	0.493286	0.514633	0.000595	3.809224
256	9500	1279	0.015000	343	25312	0.386230	0.408768	0.386230	76.597246
256	9500	1280	0.015000	553	20836	0.317932	0.379959	0.317932	69.991929
256	9500	1281	0.015000	287	42174	0.643524	0.664291	0.000763	3.896101
256	9500	1282	0.015000	346	22759	0.347275	0.373047	0.347275	77.636397
256	9500	1283	0.015000	263	46949	0.716385	0.733215	0.000580	4.060143
256	9500	1284	0.015000	275	17922	0.273468	0.292404	0.273468	61.268210
256	9500	1285	0.015000	447	32208	0.491455	0.521988	0.000885	4.959467
256	9500	1286	0.015000	352	20797	0.317337	0.341568	0.317337	79.040364
256	9500	1287	0.015000	427	27619	0.421432	0.450165	0.000641	3.185497
256	9500	1288	0.015000	349	5677	0.086624	0.177963	0.086624	34.078312
256	9500	1289	0.015000	324	23129	0.352921	0.373779	0.352921	68.621957
256	9500	1290	0.015000	372	11300	0.172424	0.198792	0.172424	45.934074
256	9500	1291	0.015000	412	30972	0.472595	0.502686	0.001114	4.892233
256	9500	1292	0.015000	627	18731	0.285812	0.336700	0.285812	59.928335
256	9500	1293	0.015000	317	22254	0.339569	0.363724	0.339569	72.847739
256	9500	1294	0.015000	424	15551	0.237289	0.263931	0.001022	6.391476
256	9500	1295	0.015000	411	26939	0.411057	0.441284	0.000916	4.561266
256	9500	1296	0.015000	289	31656	0.483032	0.502014	0.000931	4.821400
256	9500	1297	0.015000	299	16056	0.244995	0.264099	0.244995	62.804126
256	9500	1298	0.015000	370	23491	0.358444	0.387802	0.001297	7.134341
256	9500	1299	0.015000	257	15541	0.237137	0.255463	0.237137	60.881278
256	9500	1300	0.015000	325	32469	0.495438	0.517029	0.495438	78.544459
256	9500	1301	0.015000	146	46049	0.702652	0.712646	0.000641	4.379011
256	9500	1302	0.015000	220	47071	0.718246	0.732666	0.000687	3.162434
256	9500	1303	0.015000	130	55461	0.846268	0.854507	0.000656	3.626118
256	9500	1304	0.015000	243	25788	0.393494	0.410706	0.000931	4.078312
256	9500	1305	0.015000	342	22537	0.343887	0.365555	0.000885	4.605805
256	9500	1306	0.015000	298	15104	0.230469	0.253525	0.230469	53.906292
256	9500	1307	0.015000	244	24081	0.367447	0.385590	0.000870	4.541725
256	9500	1308	0.015000	235	40071	0.611435	0.626160	0.001083	4.606258
256	9500	1309	0.015000	471	9715	0.148239	0.253387	0.148239	56.240393
256	9500	1310	0.015000	253	42498	0.648468	0.665543	0.000656	3.692332
256	9500	1311	0.015000	272	46291	0.706345	0.727341	0.000732	4.786002
256	9500	1312	0.015000	422	21422	0.326874	0.354233	0.326874	65.334978
256	9500	1313	0.015000	333	13307	0.203049	0.223740	0.203049	50.763562
256	9500	1314	0.015000	337	5222	0.079681	0.103729	0.079681	36.941978
256	9500	1315	0.015000	404	32520	0.496216	0.521988	0.000641	3.837841
256	9500	1316	0.015000	254	42036	0.641418	0.659409	0.000717	3.994111
256	9500	1317	0.015000	667	12014	0.183319	0.250870	0.183319	49.304877
256	9500	1318	0.015000	438	15753	0.240372	0.267014	0.240372	60.423821
256	9500	1319	0.015000	201	46385	0.707779	0.719910	0.000626	3.613709
256	9500	1320	0.015000	255	39580	0.603943	0.619675	0.000641	3.214727
256	9500	1321	0.015000	343	24252	0.370056	0.394119	0.000748	4.987114
256	9500	1322	0.015000	273	30072	0.458862	0.479385	0.000839	5.245825
256	9500	1323	0.015000	454	8526	0.130096	0.168533	0.130096	42.762330
256	9500	1324	0.015000	293	38943	0.594223	0.613785	0.000702	4.021739
256	9500	1325	0.015000	525	19160	0.292358	0.413940	0.292358	64.087290
256	9500	1326	0.015000	411	20209	0.308365	0.339066	0.308365	72.469244
256	9500	1327	0.015000	240	40001	0.610367	0.626770	0.001160	5.019750
256	9500	1328	0.015000	389	32132	0.490295	0.514175	0.000641	3.973053
256	9500	1329	0.015000	266	8388	0.127991	0.146103	0.127991	40.262482
256	9500	1330	0.015000	422	26814	0.409149	0.437195	0.000916	4.678556
256	9500	1331	0.015000	326	18211	0.277878	0.303070	0.277878	64.208566
256	9500	1332	0.015000	503	25824	0.394043	0.450928	0.021317	18.138050
256	9500	1333	0.015000	382	31784	0.484985	0.511551	0.000854	3.805457
256	9500	1334	0.015000	407	21438	0.327118	0.388504	0.327118	63.646192
256	9500	1335	0.015000	452	26231	0.400253	0.448898	0.017899	18.156121
256	9500	1336	0.015000	327	6423	0.098007	0.183014	0.098007	34.974858
256	9500	1337	0.015000	320	31267	0.477097	0.496918	0.001038	6.267812
256	9500	1338	0.015000	289	13032	0.198853	0.216812	0.198853	56.754702
256	9500	1339	0.015000	515	13739	0.209641	0.376678	0.209641	50.201123
256	9500	1340	0.015000	309	9172	0.139954	0.195831	0.139954	42.583539
256	9500	1341	0.015000	423	19222	0.293304	0.416611	0.091202	34.925159
256	9500	1342	0.015000	395	22869	0.348953	0.437363	0.060593	28.463134
256	9500	1343	0.015000	331	17291	0.263840	0.287949	0.263840	58.000781
256	9500	1344	0.015000	346	15989	0.243973	0.268936	0.001022	4.888373
256	9500	1345	0.015000	365	38607	0.589096	0.614517	0.000580	3.940784
256	9500	1346	0.015000	404	20802	0.317413	0.395630	0.317413	62.317767
256	9500	1347	0.015000	159	19	0.000290	0.009094	0.000290	2.135968
256	9500	1348	0.015000	352	34160	0.521240	0.545547	0.002090	7.022247
256	9500	1349	0.015000	391	26882	0.410187	0.439102	0.001068	4.134721
256	9500	1350	0.015000	279	32254	0.492157	0.510513	0.000854	4.208342
256	9500	1351	0.015000	252	38652	0.589783	0.606079	0.001160	5.922207
256	9500	1352	0.015000	334	28415	0.433578	0.457947	0.000778	4.181393
256	9500	1353	0.015000	257	36624	0.558838	0.574341	0.000748	4.514404
256	9500	1354	0.015000	457	17918	0.273407	0.445526	0.273407	57.663854
256	9500	1355	0.015000	377	16032	0.244629	0.271133	0.244629	69.106892
256	9500	1356	0.015000	310	25436	0.388123	0.410416	0.388123	73.542385
256	9500	1357	0.015000	397	24629	0.375809	0.405701	0.000977	4.791502
256	9500	1358	0.015000	456	32214	0.491547	0.524338	0.001190	5.229198
256	9500	1359	0.015000	333	27952	0.426514	0.447906	0.000641	3.443173
256	9500	1360	0.015000	214	47725	0.728226	0.743591	0.001465	4.433882
256	9500	1361	0.015000	367	17961	0.274063	0.298477	0.274063	64.196282
256	9500	1362	0.015000	227	25068	0.382507	0.400299	0.002197	8.286323
256	9500	1363	0.015000	369	36987	0.564377	0.591553	0.001083	5.034300
256	9500	1364	0.015000	176	41643	0.635422	0.648148	0.001099	4.544342
256	9500	1365	0.015000	292	30578	0.466583	0.487350	0.000748	3.956342
256	9500	1366	0.015000	441	21732	0.331604	0.443344	0.080322	32.658885
256	9500	1367	0.015000	244	70	0.001068	0.017792	0.001068	4.393432
256	9500	1368	0.015000	624	9214	0.140594	0.222351	0.140594	41.790714
256	9500	1369	0.015000	409	10971	0.167404	0.242584	0.167404	46.819704
256	9500	1370	0.015000	323	19928	0.304077	0.327744	0.304077	67.932411
256	9500	1371	0.015000	319	3372	0.051453	0.107925	0.051453	27.322250
256	9500	1372	0.015000	182	51248	0.781982	0.793060	0.001053	4.313049
256	9500	1373	0.015000	371	9575	0.146103	0.201431	0.146103	42.403270
256	9500	1374	0.015000	264	15345	0.234146	0.255692	0.234146	53.029398
256	9500	1375	0.015000	255	34152	0.521118	0.537491	0.000977	5.353130
256	9500	1376	0.015000	348	28066	0.428253	0.449448	0.000549	3.274952
256	9500	1377	0.015000	368	30672	0.468018	0.492813	0.000870	4.222716
256	9500	1378	0.015000	380	10789	0.164627	0.190231	0.164627	59.352112
256	9500	1379	0.015000	556	17435	0.266037	0.372162	0.266037	63.078936
256	9500	1380	0.015000	260	25846	0.394379	0.411255	0.000519	3.797104
256	9500	1381	0.015000	375	9621	0.146805	0.220917	0.146805	42.171547
256	9500	1382	0.015000	395	17295	0.263901	0.290619	0.263901	57.271148
256	9500	1383	0.015000	398	40356	0.615784	0.643784	0.000656	3.946642
256	9500	1384	0.015000	332	28422	0.433685	0.456314	0.001465	6.113155
256	9500	1385	0.015000	443	12417	0.189468	0.361725	0.189468	54.820581
256	9500	1386	0.015000	400	30185	0.460587	0.487411	0.000641	3.941465
256	9500	1387	0.015000	349	41443	0.632370	0.655945	0.000992	4.845739
256	9500	1388	0.015000	455	23586	0.359894	0.392639	0.001205	4.971413
256	9500	1389	0.015000	312	29496	0.450073	0.472748	0.450073	73.097425
256	9500	1390	0.015000	277	29007	0.442612	0.459625	0.000443	2.574918
256	9500	1391	0.015000	328	33887	0.517075	0.537262	0.000732	4.066077
256	9500	1392	0.015000	377	7821	0.119339	0.149536	0.119339	46.120622
256	9500	1393	0.015000	339	25446	0.388275	0.411331	0.388275	83.496858
256	9500	1394	0.015000	337	25040	0.382080	0.407776	0.001266	6.017297
256	9500	1395	0.015000	378	22385	0.341568	0.368607	0.341568	67.591427
256	9500	1396	0.015000	455	19793	0.302017	0.345032	0.302017	62.231784
256	9500	1397	0.015000	416	27234	0.415558	0.442169	0.415558	81.827080
256	9500	1398	0.015000	293	14902	0.227386	0.248489	0.227386	60.620768
256	9500	1399	0.015000	332	44282	0.675690	0.698105	0.000702	3.589854
256	9500	1400	0.015000	332	10542	0.160858	0.184204	0.160858	48.802603
256	9500	1401	0.015000	417	35621	0.543533	0.573730	0.000961	4.037117
256	9500	1402	0.015000	293	39466	0.602203	0.625793	0.001526	6.236465
256	9500	1403	0.015000	389	19781	0.301834	0.325714	0.000732	3.377828
256	9500	1404	0.015000	184	2491	0.038010	0.051193	0.038010	24.103948
256	9500	1405	0.015000	355	39093	0.596512	0.622177	0.000717	3.906791
256	9500	1406	0.015000	288	3533	0.053909	0.073090	0.053909	27.211947
256	9500	1407	0.015000	326	21729	0.331558	0.353043	0.331558	68.191605
256	9500	1408	0.015000	394	22937	0.349991	0.374054	0.000702	3.667733
256	9500	1409	0.015000	427	19237	0.293533	0.324478	0.293533	59.121344
256	9500	1410	0.015000	293	32910	0.502167	0.522110	0.000793	4.159496
256	9500	1411	0.015000	156	50391	0.768906	0.781021	0.001053	6.242122
256	9500	1412	0.015000	148	54416	0.830322	0.840698	0.000854	3.975330
256	9500	1413	0.015000	475	21713	0.331314	0.372391	0.003510	9.559799
256	9500	1414	0.015000	251	37005	0.564651	0.578644	0.000549	3.808697
256	9500	1415	0.015000	335	17374	0.265106	0.286514	0.265106	72.457455
256	9500	1416	0.015000	329	13592	0.207397	0.228989	0.207397	51.083259
256	9500	1417	0.015000	239	9925	0.151443	0.166718	0.151443	42.869116
256	9500	1418	0.015000	318	22466	0.342804	0.364914	0.000854	4.478228
256	9500	1419	0.015000	634	10544	0.160889	0.281342	0.160889	46.292507
256	9500	1420	0.015000	521	7396	0.112854	0.227829	0.112854	41.979159
256	9500	1421	0.015000	259	40854	0.623383	0.638275	0.000549	3.421970
256	9500	1422	0.015000	160	44688	0.681885	0.691147	0.000549	3.033506
256	9500	1423	0.015000	302	12867	0.196335	0.215134	0.196335	62.334950
256	9500	1424	0.015000	280	24840	0.379028	0.401138	0.001144	4.369795
256	9500	1425	0.015000	431	30993	0.472916	0.501068	0.000885	4.487796
256	9500	1426	0.015000	298	19062	0.290863	0.312271	0.290863	67.504274
256	9500	1427	0.015000	456	11494	0.175385	0.250000	0.175385	54.706372
256	9500	1428	0.015000	418	4637	0.070755	0.136185	0.070755	30.075666
256	9500	1429	0.015000	199	47124	0.719055	0.731339	0.000473	3.709818
256	9500	1430	0.015000	273	36976	0.564209	0.581848	0.000870	4.226942
256	9500	1431	0.015000	270	34955	0.533371	0.553589	0.000885	3.990364
256	9500	1432	0.015000	210	45918	0.700653	0.713379	0.000671	3.469986
256	9500	1433	0.015000	408	18156	0.277039	0.304260	0.000824	4.002271
256	9500	1434	0.015000	272	12709	0.193924	0.210159	0.193924	49.314844
256	9500	1435	0.015000	356	30762	0.469391	0.506912	0.011627	15.304275
256	9500	1436	0.015000	226	38369	0.585464	0.599045	0.000854	4.313415
256	9500	1437	0.015000	258	44286	0.675751	0.692047	0.000504	3.102178
256	9500	1438	0.015000	364	31075	0.474167	0.498932	0.474167	80.287879
256	9500	1439	0.015000	325	16311	0.248886	0.268967	0.248886	56.608326
256	9500	1440	0.015000	49	12	0.000183	0.002701	0.000183	1.793120
256	9500	1441	0.015000	331	35289	0.538467	0.558151	0.000519	3.640411
256	9500	1442	0.015000	328	9639	0.147079	0.186111	0.147079	43.197856
256	9500	1443	0.015000	500	10360	0.158081	0.240799	0.158081	50.056268
256	9500	1444	0.015000	348	28260	0.431213	0.453506	0.000610	3.633868
256	9500	1445	0.015000	470	10015	0.152817	0.251236	0.152817	51.061417
256	9500	1446	0.015000	284	42710	0.651703	0.672623	0.001129	6.382528
256	9500	1447	0.015000	181	48212	0.735657	0.748169	0.000641	3.567140
256	9500	1448	0.015000	432	15064	0.229858	0.333252	0.229858	53.409887
256	9500	1449	0.015000	495	24359	0.371689	0.498306	0.371689	68.627896
256	9500	1450	0.015000	285	35070	0.535126	0.552933	0.000900	4.963180
256	9500	1451	0.015000	375	8833	0.134781	0.233368	0.134781	40.740738
256	9500	1452	0.015000	253	29308	0.447205	0.465179	0.000931	4.583543
256	9500	1453	0.015000	287	42605	0.650101	0.669189	0.001312	5.241878
256	9500	1454	0.015000	360	10760	0.164185	0.227066	0.164185	44.952929
256	9500	1455	0.015000	291	20253	0.309036	0.329010	0.309036	72.810096
256	9500	1456	0.015000	326	31678	0.483368	0.506744	0.000626	4.403368
256	9500	1457	0.015000	459	21741	0.331741	0.364334	0.331741	65.698295
256	9500	1458	0.015000	152	52454	0.800385	0.809692	0.000504	2.978651
256	9500	1459	0.015000	333	27202	0.415070	0.436752	0.000961	4.683696
256	9500	1460	0.015000	614	3550	0.054169	0.170258	0.054169	27.176117
256	9500	1461	0.015000	376	32838	0.501068	0.526901	0.000641	3.977972
256	9500	1462	0.015000	373	29522	0.450470	0.476257	0.001144	5.710871
256	9500	1463	0.015000	371	3760	0.057373	0.085953	0.057373	27.888594
256	9500	1464	0.015000	8	63569	0.969986	0.970245	0.000076	1.095445
256	9500	1465	0.015000	314	13101	0.199905	0.221649	0.199905	53.357304
256	9500	1466	0.015000	183	41070	0.626678	0.637604	0.000366	2.385576
256	9500	1467	0.015000	239	28121	0.429092	0.443268	0.000351	2.463342
256	9500	1468	0.015000	329	20529	0.313248	0.334854	0.313248	67.544679
256	9500	1469	0.015000	330	34902	0.532562	0.555283	0.000900	5.692493
256	9500	1470	0.015000	330	31351	0.478378	0.499771	0.001007	4.756152
256	9500	1471	0.015000	350	15447	0.235703	0.259262	0.235703	66.695519
256	9500	1472	0.015000	174	52945	0.807877	0.819016	0.000656	4.037949
256	9500	1473	0.015000	332	27763	0.423630	0.447449	0.001053	6.745968
256	9500	1474	0.015000	355	27775	0.423813	0.449097	0.001129	5.683392
256	9500	1475	0.015000	278	30300	0.462341	0.480621	0.000839	3.854288
256	9500	1476	0.015000	393	25471	0.388657	0.413956	0.002380	8.198522
256	9500	1477	0.015000	361	27786	0.423981	0.450073	0.000595	3.100550
256	9500	1478	0.015000	314	26226	0.400177	0.420609	0.400177	69.608470
256	9500	1479	0.015000	324	23530	0.359039	0.381363	0.000839	4.618683
256	9500	1480	0.015000	254	37432	0.571167	0.588791	0.000870	4.393677
256	9500	1481	0.015000	349	21389	0.326370	0.350769	0.326370	64.265584
256	9500	1482	0.015000	372	14920	0.227661	0.253769	0.227661	67.008245
256	9500	1483	0.015000	432	10273	0.156754	0.209290	0.156754	47.701816
256	9500	1484	0.015000	274	7068	0.107849	0.125000	0.107849	38.484352
256	9500	1485	0.015000	456	34640	0.528564	0.559006	0.001266	5.491148
256	9500	1486	0.015000	254	3878	0.059174	0.075348	0.059174	28.603075
256	9500	1487	0.015000	391	30268	0.461853	0.488647	0.001099	5.524601
256	9500	1488	0.015000	244	27077	0.413162	0.429367	0.000580	3.050476
256	9500	1489	0.015000	347	3174	0.048431	0.094681	0.048431	25.907023
256	9500	1490	0.015000	325	15684	0.239319	0.260651	0.239319	58.621747
256	9500	1491	0.015000	263	41394	0.631622	0.649643	0.000687	4.303085
256	9500	1492	0.015000	82	15	0.000229	0.003845	0.000229	1.885618
256	9500	1493	0.015000	378	21891	0.334030	0.361786	0.334030	65.612581
256	9500	1494	0.015000	211	28025	0.427628	0.444901	0.001129	5.619900
256	9500	1495	0.015000	287	41779	0.637497	0.657639	0.000946	4.793580
256	9500	1496	0.015000	253	34899	0.532516	0.549103	0.000488	3.066324
256	9500	1497	0.015000	291	38514	0.587677	0.610779	0.002258	8.945839
256	9500	1498	0.015000	422	8281	0.126358	0.156998	0.126358	41.767780
256	9500	1499	0.015000	280	40590	0.619354	0.636963	0.000549	3.616021
256	9500	1500	0.015000	342	35711	0.544907	0.566910	0.000870	4.530190
256	9500	1501	0.015000	312	33836	0.516296	0.539215	0.000870	3.664526
256	9500	1502	0.015000	290	29501	0.450150	0.470825	0.000793	4.090869
256	9500	1503	0.015000	360	35897	0.547745	0.569229	0.000519	3.347002
256	9500	1504	0.015000	376	29298	0.447052	0.471527	0.000778	4.545807
256	9500	1505	0.015000	262	43620	0.665588	0.681015	0.000717	3.362510
256	9500	1506	0.015000	209	47002	0.717194	0.731140	0.000992	4.240576
256	9500	1507	0.015000	386	24548	0.374573	0.398788	0.000610	4.960784
256	9500	1508	0.015000	282	59	0.000900	0.015884	0.000900	4.932582
256	9500	1509	0.015000	264	40340	0.615540	0.633774	0.001144	4.456007
256	9500	1510	0.015000	445	14521	0.221573	0.287598	0.221573	54.567118
