512	9490	4201	0.015000	1575	36228	0.138199	0.302734	0.138199	93.091271
512	9490	4202	0.015000	1008	66550	0.253868	0.310741	0.253868	134.765598
512	9490	4203	0.015000	1784	43005	0.164051	0.312222	0.164051	122.600078
512	9490	4204	0.015000	1011	112136	0.427765	0.480900	0.427765	163.282562
512	9490	4205	0.015000	1297	78337	0.298832	0.402470	0.041779	45.995804
512	9490	4206	0.015000	1557	33672	0.128448	0.344727	0.128448	102.235126
512	9490	4207	0.015000	1167	114464	0.436646	0.456364	0.000244	4.946170
512	9490	4208	0.015000	1654	104644	0.399185	0.456528	0.025593	37.093813
512	9490	4209	0.015000	1342	82528	0.314819	0.434441	0.071880	62.292891
512	9490	4210	0.015000	1289	62062	0.236748	0.376694	0.236748	120.985102
512	9490	4211	0.015000	1416	49630	0.189323	0.317669	0.189323	115.960303
512	9490	4212	0.015000	1255	135572	0.517166	0.538403	0.000801	9.113676
512	9490	4213	0.015000	1334	33793	0.128910	0.305115	0.128910	110.529463
512	9490	4214	0.015000	978	149574	0.570580	0.587303	0.000393	6.026523
512	9490	4215	0.015000	1383	52335	0.199642	0.294556	0.199642	114.898684
512	9490	4216	0.015000	1634	65573	0.250141	0.437061	0.250141	137.226938
512	9490	4217	0.015000	1837	53798	0.205223	0.407204	0.205223	131.135980
512	9490	4218	0.015000	1227	58251	0.222210	0.276566	0.222210	147.606505
512	9490	4219	0.015000	1334	57882	0.220802	0.323418	0.220802	129.890441
512	9490	4220	0.015000	1219	91244	0.348068	0.454300	0.348068	140.156741
512	9490	4221	0.015000	1302	58515	0.223217	0.278664	0.223217	114.143239
512	9490	4222	0.015000	1180	90032	0.343445	0.446995	0.063400	54.434767
512	9490	4223	0.015000	1389	110739	0.422436	0.497177	0.051369	56.336759
512	9490	4224	0.015000	1204	108619	0.414349	0.442890	0.008438	22.440188
512	9490	4225	0.015000	1578	73143	0.279018	0.379852	0.048706	50.668519
512	9490	4226	0.015000	1343	128540	0.490341	0.513477	0.000458	6.008790
512	9490	4227	0.015000	1376	34051	0.129894	0.377502	0.129894	94.935650
512	9490	4228	0.015000	1539	41408	0.157959	0.337677	0.157959	92.293741
512	9490	4229	0.015000	1244	82145	0.313358	0.385338	0.313358	136.102437
512	9490	4230	0.015000	1218	77003	0.293743	0.395641	0.078281	65.746540
512	9490	4231	0.015000	1375	49509	0.188862	0.321445	0.188862	122.367483
512	9490	4232	0.015000	1065	116387	0.443981	0.462029	0.000240	4.254146
512	9490	4233	0.015000	1524	72806	0.277733	0.441795	0.104195	73.974852
512	9490	4234	0.015000	1327	100514	0.383430	0.468151	0.035805	41.369257
512	9490	4235	0.015000	1085	115346	0.440010	0.459064	0.000332	5.485180
512	9490	4236	0.015000	1695	20733	0.079090	0.234859	0.079090	69.326348
512	9490	4237	0.015000	1224	132817	0.506657	0.530136	0.000530	7.463050
512	9490	4238	0.015000	1658	30187	0.115154	0.293453	0.115154	95.683961
512	9490	4239	0.015000	1317	62023	0.236599	0.463768	0.236599	133.831443
512	9490	4240	0.015000	994	28321	0.108036	0.201206	0.108036	73.033615
512	9490	4241	0.015000	1487	51819	0.197674	0.339272	0.197674	125.892957
512	9490	4242	0.015000	1552	58438	0.222923	0.399628	0.222923	126.473308
512	9490	4243	0.015000	1602	19943	0.076077	0.276627	0.076077	62.781491
512	9490	4244	0.015000	961	125331	0.478100	0.495907	0.000332	4.922842
512	9490	4245	0.015000	1545	45183	0.172359	0.363880	0.172359	137.606645
512	9490	4246	0.015000	1460	99565	0.379810	0.411709	0.005314	20.611773
512	9490	4247	0.015000	1242	26284	0.100266	0.230675	0.100266	96.954781
512	9490	4248	0.015000	1337	61601	0.234989	0.323105	0.234989	141.127267
512	9490	4249	0.015000	1294	121961	0.465244	0.489002	0.000359	5.899615
512	9490	4250	0.015000	1376	62397	0.238026	0.299667	0.238026	126.853416
512	9490	4251	0.015000	1191	89608	0.341827	0.418423	0.055172	55.166190
512	9490	4252	0.015000	1259	95195	0.363140	0.463978	0.363140	157.427516
512	9490	4253	0.015000	1370	115947	0.442303	0.469959	0.002457	16.342591
512	9490	4254	0.015000	1089	86684	0.330673	0.392815	0.330673	161.078606
512	9490	4255	0.015000	1464	46931	0.179028	0.363838	0.179028	133.574502
512	9490	4256	0.015000	1119	133885	0.510731	0.530418	0.000385	6.754130
512	9490	4257	0.015000	1239	94804	0.361649	0.471977	0.057289	53.214731
512	9490	4258	0.015000	1479	119607	0.456264	0.504673	0.020325	32.385187
512	9490	4259	0.015000	1293	60446	0.230583	0.367901	0.230583	130.330228
512	9490	4260	0.015000	1496	148596	0.566849	0.592167	0.000305	5.396961
512	9490	4261	0.015000	1153	88477	0.337513	0.378590	0.011898	25.725500
512	9490	4262	0.015000	1384	96891	0.369610	0.445900	0.041134	71.208207
512	9490	4263	0.015000	1472	35668	0.136063	0.316841	0.136063	89.514890
512	9490	4264	0.015000	1270	123959	0.472866	0.494804	0.000546	6.538488
512	9490	4265	0.015000	1801	20960	0.079956	0.264664	0.079956	62.007282
512	9490	4266	0.015000	1426	30109	0.114857	0.283199	0.114857	85.572236
512	9490	4267	0.015000	1444	41695	0.159054	0.323723	0.159054	114.299935
512	9490	4268	0.015000	1187	78963	0.301220	0.417137	0.095203	69.567515
512	9490	4269	0.015000	1392	34180	0.130386	0.338558	0.130386	114.511912
512	9490	4270	0.015000	1259	102333	0.390369	0.472660	0.059681	61.357432
512	9490	4271	0.015000	1343	89586	0.341743	0.372437	0.005035	18.425982
512	9490	4272	0.015000	1300	107828	0.411331	0.435070	0.001362	11.980735
512	9490	4273	0.015000	1258	75570	0.288277	0.343727	0.288277	161.042333
512	9490	4274	0.015000	1356	59882	0.228432	0.297409	0.228432	125.069124
512	9490	4275	0.015000	1361	28370	0.108223	0.321243	0.108223	80.541877
512	9490	4276	0.015000	1575	55612	0.212143	0.387566	0.118412	87.184047
512	9490	4277	0.015000	1178	92004	0.350967	0.405205	0.033520	49.048395
512	9490	4278	0.015000	1474	40354	0.153938	0.286148	0.153938	103.796494
512	9490	4279	0.015000	1223	73923	0.281994	0.396561	0.281994	144.366588
512	9490	4280	0.015000	1328	121639	0.464016	0.489841	0.000477	7.389489
512	9490	4281	0.015000	1775	55670	0.212364	0.392891	0.212364	130.770881
512	9490	4282	0.015000	1277	107922	0.411690	0.481621	0.028645	38.087423
512	9490	4283	0.015000	1318	103088	0.393250	0.445347	0.393250	163.257048
512	9490	4284	0.015000	1320	28159	0.107418	0.280865	0.107418	70.116196
512	9490	4285	0.015000	1295	75831	0.289272	0.376625	0.289272	143.536988
512	9490	4286	0.015000	1246	101079	0.385586	0.420292	0.013020	26.704597
512	9490	4287	0.015000	1310	37890	0.144539	0.322906	0.144539	99.796233
512	9490	4288	0.015000	1303	66476	0.253586	0.308636	0.253586	133.861823
512	9490	4289	0.015000	1417	91891	0.350536	0.422916	0.350536	161.725376
512	9490	4290	0.015000	1505	103004	0.392929	0.473778	0.054142	53.844920
512	9490	4291	0.015000	1310	66346	0.253090	0.369240	0.060753	53.963128
512	9490	4292	0.015000	1615	75498	0.288002	0.397324	0.035156	50.893360
512	9490	4293	0.015000	1228	75306	0.287270	0.355999	0.287270	142.214049
512	9490	4294	0.015000	796	68758	0.262291	0.285545	0.009010	23.908359
512	9490	4295	0.015000	1228	82070	0.313072	0.395821	0.048302	47.480086
512	9490	4296	0.015000	1390	56796	0.216660	0.368816	0.216660	114.554589
512	9490	4297	0.015000	1536	89517	0.341480	0.398327	0.014317	27.460086
512	9490	4298	0.015000	1405	56513	0.215580	0.452221	0.215580	131.311354
512	9490	4299	0.015000	1408	61413	0.234272	0.272179	0.234272	127.799213
512	9490	4300	0.015000	1318	51064	0.194794	0.257248	0.194794	119.710202
512	9490	4301	0.015000	1217	100592	0.383728	0.421162	0.014194	27.485621
512	9490	4302	0.015000	1254	111157	0.424030	0.502151	0.056412	54.902153
512	9490	4303	0.015000	1162	79927	0.304897	0.374004	0.024822	35.672531
512	9490	4304	0.015000	1200	35031	0.133633	0.259743	0.133633	86.265295
512	9490	4305	0.015000	1393	81905	0.312443	0.420471	0.073071	60.000004
512	9490	4306	0.015000	1602	56959	0.217281	0.324612	0.217281	148.432620
512	9490	4307	0.015000	1404	58541	0.223316	0.321762	0.223316	151.102491
512	9490	4308	0.015000	1477	39229	0.149647	0.368961	0.149647	89.864427
512	9490	4309	0.015000	1122	128704	0.490967	0.511169	0.000427	5.988603
512	9490	4310	0.015000	1130	84990	0.324211	0.394123	0.051025	51.639887
512	9490	4311	0.015000	1221	75841	0.289310	0.358387	0.047466	49.729192
512	9490	4312	0.015000	1344	139535	0.532284	0.557178	0.000290	4.652093
512	9490	4313	0.015000	1181	35976	0.137238	0.273178	0.137238	98.651060
512	9490	4314	0.015000	1609	58939	0.224834	0.341450	0.224834	120.660797
512	9490	4315	0.015000	1224	55218	0.210640	0.302765	0.210640	120.067125
512	9490	4316	0.015000	980	140391	0.535549	0.552197	0.000389	6.504819
512	9490	4317	0.015000	1837	34934	0.133263	0.301567	0.133263	104.887966
512	9490	4318	0.015000	1019	147426	0.562386	0.580215	0.000233	4.908734
512	9490	4319	0.015000	1325	118822	0.453270	0.519829	0.042328	46.106424
512	9490	4320	0.015000	1200	44810	0.170937	0.276459	0.170937	103.606675
512	9490	4321	0.015000	1490	105152	0.401123	0.458191	0.011459	35.054231
512	9490	4322	0.015000	1463	35597	0.135792	0.368362	0.135792	91.361723
512	9490	4323	0.015000	1325	97435	0.371685	0.427570	0.371685	160.662120
512	9490	4324	0.015000	1023	131905	0.503178	0.520107	0.000217	3.733917
512	9490	4325	0.015000	1727	26195	0.099926	0.321430	0.099926	91.748876
512	9490	4326	0.015000	1444	119362	0.455330	0.483154	0.000980	8.754744
512	9490	4327	0.015000	1135	57989	0.221210	0.377171	0.221210	127.221404
512	9490	4328	0.015000	1492	66746	0.254616	0.339573	0.254616	142.764470
512	9490	4329	0.015000	1361	55764	0.212723	0.369919	0.212723	123.217532
512	9490	4330	0.015000	2023	37908	0.144608	0.330280	0.144608	120.451515
512	9490	4331	0.015000	1224	58467	0.223034	0.324673	0.223034	129.202630
512	9490	4332	0.015000	1035	147112	0.561188	0.578175	0.000168	3.948925
512	9490	4333	0.015000	1266	131569	0.501896	0.526867	0.003487	15.860153
512	9490	4334	0.015000	1260	114427	0.436504	0.457630	0.000267	4.953519
512	9490	4335	0.015000	1267	93810	0.357857	0.443748	0.357857	153.676498
512	9490	4336	0.015000	1388	54810	0.209084	0.336369	0.209084	126.360587
