512	9515	1	0.015000	1497	122292	0.466507	0.498753	0.006577	21.143466
512	9515	2	0.015000	1498	134927	0.514706	0.544239	0.003635	16.931900
512	9515	3	0.015000	1379	22056	0.084137	0.315159	0.084137	66.190331
512	9515	4	0.015000	1174	131645	0.502186	0.585632	0.060310	60.186481
512	9515	5	0.015000	1047	157374	0.600334	0.617916	0.000214	4.189850
512	9515	6	0.015000	1069	151761	0.578922	0.595268	0.000191	5.290747
512	9515	7	0.015000	1382	111301	0.424580	0.451405	0.000389	6.131297
512	9515	8	0.015000	1024	170749	0.651356	0.669357	0.000217	4.967236
512	9515	9	0.015000	1062	128272	0.489319	0.567379	0.058144	53.114706
512	9515	10	0.015000	1385	54086	0.206322	0.339581	0.206322	119.147197
512	9515	11	0.015000	1427	115767	0.441616	0.480137	0.014019	27.963195
512	9515	12	0.015000	991	132866	0.506844	0.523716	0.000423	5.818174
512	9515	13	0.015000	1320	92640	0.353394	0.450634	0.064781	64.986994
512	9515	14	0.015000	1052	122275	0.466442	0.483532	0.000225	4.732730
512	9515	15	0.015000	1250	77215	0.294552	0.456356	0.139400	93.062724
512	9515	16	0.015000	1572	85467	0.326031	0.403759	0.326031	152.694839
512	9515	17	0.015000	1497	58353	0.222599	0.396980	0.222599	169.149205
512	9515	18	0.015000	1474	87214	0.332695	0.362301	0.003185	15.199636
512	9515	19	0.015000	1507	79759	0.304256	0.437023	0.304256	160.134022
512	9515	20	0.015000	1299	148613	0.566914	0.591328	0.001274	11.051608
512	9515	21	0.015000	967	158315	0.603924	0.620041	0.000195	4.494432
512	9515	22	0.015000	1232	151014	0.576073	0.602997	0.003555	16.634527
512	9515	23	0.015000	1541	126956	0.484299	0.537525	0.023788	34.919167
512	9515	24	0.015000	1174	151473	0.577824	0.598526	0.000389	8.196788
512	9515	25	0.015000	1177	108208	0.412781	0.435341	0.000324	6.458449
512	9515	26	0.015000	1259	75995	0.289898	0.385040	0.046310	47.662051
512	9515	27	0.015000	1156	170775	0.651455	0.671223	0.000248	5.214953
512	9515	28	0.015000	628	202471	0.772366	0.784451	0.000374	5.359290
512	9515	29	0.015000	1249	130248	0.496857	0.519337	0.000298	5.756410
512	9515	30	0.015000	1333	151669	0.578571	0.602180	0.000404	5.756279
512	9515	31	0.015000	1132	122360	0.466766	0.485683	0.000431	6.285479
512	9515	32	0.015000	1274	137818	0.525734	0.550610	0.000404	6.235164
512	9515	33	0.015000	1400	134897	0.514591	0.538765	0.000340	5.950603
512	9515	34	0.015000	1041	165584	0.631653	0.651276	0.000690	8.200991
512	9515	35	0.015000	1360	127952	0.488098	0.540707	0.024490	36.286496
512	9515	36	0.015000	1206	151222	0.576866	0.596844	0.000381	5.986510
512	9515	37	0.015000	963	103316	0.394119	0.507027	0.095333	76.792895
512	9515	38	0.015000	1491	127894	0.487877	0.517597	0.003429	16.819330
512	9515	39	0.015000	1218	47498	0.181190	0.314503	0.181190	106.819222
512	9515	40	0.015000	1105	119615	0.456295	0.540257	0.065392	73.532590
512	9515	41	0.015000	926	159472	0.608337	0.623825	0.000328	4.843425
512	9515	42	0.015000	1430	108476	0.413803	0.437786	0.000504	6.690367
512	9515	43	0.015000	1279	119750	0.456810	0.478024	0.000320	6.456805
512	9515	44	0.015000	1124	152779	0.582806	0.623356	0.020306	32.647002
512	9515	45	0.015000	1657	65333	0.249226	0.407574	0.249226	153.082683
512	9515	46	0.015000	1264	109722	0.418556	0.547276	0.107048	75.520427
512	9515	47	0.015000	1221	110403	0.421154	0.506420	0.034237	41.436115
512	9515	48	0.015000	1144	127165	0.485096	0.533653	0.029537	38.560400
512	9515	49	0.015000	1270	129325	0.493336	0.522709	0.008614	22.819712
512	9515	50	0.015000	1503	134306	0.512337	0.539345	0.001057	10.237127
512	9515	51	0.015000	1374	91132	0.347641	0.459709	0.083210	62.192348
512	9515	52	0.015000	1297	130112	0.496338	0.603188	0.082672	86.501990
512	9515	53	0.015000	1248	124948	0.476639	0.497677	0.000263	4.982178
512	9515	54	0.015000	1608	79077	0.301655	0.492962	0.301655	147.980562
512	9515	55	0.015000	1412	125438	0.478508	0.520905	0.011322	25.186161
512	9515	56	0.015000	1139	162054	0.618187	0.637085	0.000267	5.144940
512	9515	57	0.015000	1054	164870	0.628929	0.646706	0.000320	5.354007
512	9515	58	0.015000	859	179753	0.685703	0.701118	0.000278	4.357241
512	9515	59	0.015000	1154	140769	0.536991	0.557850	0.000443	6.967768
512	9515	60	0.015000	1212	119089	0.454288	0.476177	0.000290	5.301374
512	9515	61	0.015000	1255	95444	0.364090	0.444229	0.059483	62.986846
512	9515	62	0.015000	1045	175409	0.669132	0.693512	0.004234	17.574826
512	9515	63	0.015000	1376	55421	0.211414	0.429688	0.211414	136.803676
512	9515	64	0.015000	1087	103451	0.394634	0.439953	0.025040	35.898900
512	9515	65	0.015000	1226	129174	0.492760	0.520390	0.006649	21.037952
512	9515	66	0.015000	1711	41831	0.159573	0.377342	0.159573	131.264585
512	9515	67	0.015000	963	151376	0.577454	0.592628	0.000217	3.390643
512	9515	68	0.015000	1225	91248	0.348083	0.403683	0.348083	170.616954
512	9515	69	0.015000	1294	112221	0.428089	0.459164	0.008633	23.426122
512	9515	70	0.015000	1660	49303	0.188076	0.416492	0.188076	140.110046
512	9515	71	0.015000	1175	131066	0.499977	0.552288	0.032455	40.135441
512	9515	72	0.015000	1185	147216	0.561584	0.606236	0.024330	36.998263
512	9515	73	0.015000	1239	74021	0.282368	0.392780	0.282368	143.783131
512	9515	74	0.015000	1288	144639	0.551754	0.574997	0.000385	6.324927
512	9515	75	0.015000	1365	110144	0.420166	0.522354	0.072506	59.970441
512	9515	76	0.015000	1076	157762	0.601814	0.618961	0.000225	4.464035
512	9515	77	0.015000	1101	160920	0.613861	0.632904	0.000317	5.195272
512	9515	78	0.015000	1208	72802	0.277718	0.564655	0.267368	128.708460
512	9515	79	0.015000	1298	140876	0.537399	0.560917	0.000645	8.731338
512	9515	80	0.015000	1359	111951	0.427059	0.451149	0.000267	4.432072
512	9515	81	0.015000	725	178215	0.679836	0.691513	0.000214	4.525368
512	9515	82	0.015000	966	140065	0.534306	0.550846	0.000210	4.451539
512	9515	83	0.015000	1269	58443	0.222942	0.472370	0.222942	123.298078
512	9515	84	0.015000	1085	153857	0.586918	0.605461	0.000286	5.179344
512	9515	4001	0.015000	1108	137957	0.526264	0.545033	0.000256	4.601277
512	9515	4002	0.015000	1157	144233	0.550205	0.605206	0.034248	48.192534
512	9515	4003	0.015000	891	163064	0.622040	0.636719	0.000267	6.269280
512	9515	4004	0.015000	810	175846	0.670799	0.682949	0.000164	3.299376
512	9515	4005	0.015000	1431	134756	0.514053	0.539848	0.000267	6.819555
512	9515	4006	0.015000	1331	113531	0.433086	0.453705	0.000290	5.405253
512	9515	4007	0.015000	1174	127814	0.487572	0.508476	0.000309	4.962687
512	9515	4008	0.015000	1078	177755	0.678082	0.701714	0.005737	19.629203
512	9515	4009	0.015000	1165	125355	0.478191	0.518574	0.020531	33.864070
512	9515	4010	0.015000	1166	135246	0.515923	0.547432	0.010441	26.038508
512	9515	4011	0.015000	1516	73189	0.279194	0.488808	0.279194	126.738380
512	9515	4012	0.015000	1341	117942	0.449913	0.482979	0.008259	22.588534
512	9515	4013	0.015000	673	200627	0.765331	0.776100	0.000233	4.380394
512	9515	4014	0.015000	1232	144669	0.551868	0.584579	0.010330	25.644661
512	9515	4015	0.015000	1240	143717	0.548237	0.570957	0.000359	6.948209
512	9515	4016	0.015000	1481	124210	0.473824	0.512558	0.011639	25.770121
512	9515	4017	0.015000	1285	139969	0.533939	0.555202	0.000282	4.584766
512	9515	4018	0.015000	1020	128676	0.490860	0.513859	0.006325	20.653963
512	9515	4019	0.015000	970	177798	0.678246	0.696369	0.000668	8.636352
512	9515	4020	0.015000	875	159150	0.607109	0.621105	0.000267	5.583248
512	9515	4021	0.015000	1735	70819	0.270153	0.468838	0.270153	157.050490
512	9515	4022	0.015000	1011	154802	0.590523	0.607628	0.000275	5.401742
512	9515	4023	0.015000	1332	105673	0.403111	0.482227	0.055340	56.140906
512	9515	4024	0.015000	1363	90695	0.345974	0.372749	0.345974	155.902479
512	9515	4025	0.015000	948	171462	0.654076	0.669685	0.000214	4.355642
512	9515	4026	0.015000	1026	163577	0.623997	0.642273	0.000416	6.319909
512	9515	4027	0.015000	1079	149384	0.569855	0.588135	0.000263	5.203565
512	9515	4028	0.015000	1348	67060	0.255814	0.473660	0.255814	115.062103
512	9515	4029	0.015000	884	173701	0.662617	0.677952	0.000355	5.395407
512	9515	4030	0.015000	1255	156541	0.597157	0.617252	0.000298	5.719989
512	9515	4031	0.015000	1264	58867	0.224560	0.496132	0.224560	111.528946
512	9515	4032	0.015000	1428	45130	0.172157	0.290257	0.172157	108.216920
512	9515	4033	0.015000	1346	53812	0.205276	0.451099	0.205276	138.914282
512	9515	4034	0.015000	1142	157866	0.602211	0.621090	0.000423	6.026764
512	9515	4035	0.015000	1481	57446	0.219139	0.417854	0.219139	125.173645
512	9515	4036	0.015000	1428	125213	0.477650	0.506424	0.001644	12.632142
512	9515	4037	0.015000	936	151095	0.576382	0.597630	0.005623	19.397334
512	9515	4038	0.015000	1102	137072	0.522888	0.545345	0.002098	14.209142
512	9515	4039	0.015000	1442	60549	0.230976	0.512447	0.230976	133.561938
512	9515	4040	0.015000	1081	150482	0.574043	0.592545	0.000290	6.570402
512	9515	4041	0.015000	1088	123733	0.472004	0.488914	0.000195	4.218923
512	9515	4042	0.015000	1191	144886	0.552696	0.572334	0.000359	5.580028
512	9515	4043	0.015000	1107	141202	0.538643	0.557091	0.000225	4.046058
512	9515	4044	0.015000	1238	146103	0.557339	0.579208	0.000256	4.606745
512	9515	4045	0.015000	1565	103082	0.393227	0.448990	0.019733	32.085932
512	9515	4046	0.015000	1032	149411	0.569958	0.587212	0.000195	3.712464
512	9515	4047	0.015000	1205	124387	0.474499	0.542980	0.047527	56.674641
512	9515	4048	0.015000	1058	165853	0.632679	0.650280	0.000202	4.056999
512	9515	4049	0.015000	801	173353	0.661289	0.674915	0.000462	6.277130
512	9515	4050	0.015000	1209	120938	0.461342	0.485836	0.003593	15.795945
512	9515	4051	0.015000	1231	130747	0.498760	0.520813	0.000393	6.137305
512	9515	4052	0.015000	1349	158947	0.606335	0.629837	0.000626	8.449563
512	9515	4053	0.015000	992	172767	0.659054	0.690144	0.015137	28.506618
512	9515	4054	0.015000	1261	136456	0.520538	0.565647	0.023556	35.718386
512	9515	4055	0.015000	1184	145074	0.553413	0.574760	0.000332	5.615998
512	9515	4056	0.015000	1237	107537	0.410221	0.443314	0.004711	19.908662
512	9515	4057	0.015000	1090	137556	0.524734	0.542767	0.000263	4.508388
512	9515	4058	0.015000	1206	120585	0.459995	0.480526	0.000298	6.003286
512	9515	4059	0.015000	817	182978	0.698006	0.712452	0.000282	6.323371
512	9515	4060	0.015000	1114	104320	0.397949	0.518780	0.101425	77.391061
512	9515	4061	0.015000	1197	80816	0.308289	0.493168	0.164448	106.879905
512	9515	4062	0.015000	1215	124290	0.474129	0.495834	0.000286	5.397119
512	9515	4063	0.015000	1250	124508	0.474960	0.495754	0.000271	5.755137
512	9515	4064	0.015000	1011	163819	0.624920	0.641075	0.000309	6.485419
512	9515	4201	0.015000	1260	152176	0.580505	0.608013	0.003227	16.660581
512	9515	4202	0.015000	1451	34748	0.132553	0.466442	0.132553	79.340010
512	9515	4203	0.015000	1119	153464	0.585419	0.603035	0.000217	5.305734
512	9515	4204	0.015000	1678	61455	0.234432	0.477554	0.234432	134.243247
512	9515	4205	0.015000	1042	131853	0.502979	0.558670	0.037868	42.954947
512	9515	4206	0.015000	1185	143963	0.549175	0.572762	0.002285	13.166157
512	9515	4207	0.015000	1134	144483	0.551159	0.570568	0.000248	6.024958
512	9515	4208	0.015000	1199	134860	0.514450	0.535904	0.000275	4.749736
512	9515	4209	0.015000	1045	161554	0.616280	0.633099	0.000343	5.809146
512	9515	4210	0.015000	1120	154797	0.590504	0.610813	0.000351	6.258746
512	9515	4211	0.015000	1176	128852	0.491531	0.510880	0.000282	4.847152
512	9515	4212	0.015000	1444	120303	0.458920	0.484158	0.000645	7.501502
512	9515	4213	0.015000	1238	165372	0.630844	0.650562	0.000271	5.656328
512	9515	4214	0.015000	1504	97936	0.373596	0.442646	0.036030	42.340350
512	9515	4215	0.015000	1493	93114	0.355202	0.434586	0.034679	41.046534
512	9515	4216	0.015000	1317	157755	0.601788	0.633541	0.006760	20.642866
512	9515	4217	0.015000	1176	154589	0.589710	0.610683	0.000240	4.446258
512	9515	4218	0.015000	1315	132982	0.507286	0.532063	0.000271	4.056680
512	9515	4219	0.015000	1014	169112	0.645111	0.663692	0.000610	7.408723
512	9515	4220	0.015000	1245	157696	0.601562	0.623501	0.000324	5.148991
512	9515	4221	0.015000	1337	128693	0.490925	0.558804	0.044460	46.717309
512	9515	4222	0.015000	1258	116519	0.444485	0.512157	0.026005	37.371223
512	9515	4223	0.015000	1020	147918	0.564262	0.581944	0.000248	4.056640
512	9515	4224	0.015000	1211	159902	0.609978	0.629200	0.000237	4.446965
512	9515	4225	0.015000	1416	73694	0.281120	0.326878	0.281120	164.173432
512	9515	4226	0.015000	1483	30026	0.114540	0.378895	0.114540	105.862142
512	9515	4227	0.015000	1632	82059	0.313030	0.447079	0.101295	75.743381
512	9515	4228	0.015000	1303	120516	0.459732	0.482723	0.000359	5.249825
512	9515	4229	0.015000	1284	67130	0.256081	0.395149	0.256081	130.344409
512	9515	4230	0.015000	1211	107403	0.409710	0.459332	0.029144	40.136811
512	9515	4231	0.015000	1386	124904	0.476471	0.522003	0.019444	32.457133
512	9515	4232	0.015000	1346	108928	0.415527	0.529621	0.040287	47.589725
512	9515	4233	0.015000	1318	157051	0.599102	0.629509	0.008133	22.714232
512	9515	4234	0.015000	960	128988	0.492050	0.507938	0.000198	4.185598
512	9515	4235	0.015000	1173	123745	0.472050	0.493534	0.002010	13.906298
512	9515	4236	0.015000	1161	141639	0.540310	0.560665	0.000229	4.767657
512	9515	4237	0.015000	1428	124574	0.475212	0.512386	0.010872	25.616710
512	9515	4238	0.015000	1282	147623	0.563137	0.585033	0.000294	5.922932
512	9515	4239	0.015000	1363	95994	0.366188	0.426933	0.032848	40.674156
512	9515	4240	0.015000	1254	121269	0.462605	0.504971	0.018223	31.715549
512	9515	4241	0.015000	1034	148399	0.566097	0.583363	0.000347	5.171471
512	9515	4242	0.015000	1490	131679	0.502316	0.533478	0.003521	16.098846
512	9515	4243	0.015000	1100	149827	0.571545	0.590248	0.000362	5.013069
512	9515	4244	0.015000	1061	162031	0.618099	0.647919	0.011848	26.608933
512	9515	4245	0.015000	1129	167569	0.639225	0.657856	0.000252	4.308309
512	9515	4246	0.015000	747	195726	0.746635	0.758991	0.000252	5.638664
512	9515	4247	0.015000	1031	139535	0.532284	0.552601	0.000736	8.767929
512	9515	4248	0.015000	1285	82010	0.312843	0.491291	0.312843	153.120482
512	9515	4249	0.015000	1111	136004	0.518814	0.538925	0.000267	4.343656
512	9515	4250	0.015000	1115	143793	0.548527	0.568783	0.000282	5.520994
512	9515	4251	0.015000	948	137031	0.522732	0.539425	0.000332	5.519276
512	9515	4252	0.015000	749	183991	0.701870	0.715534	0.000248	4.779740
512	9515	4253	0.015000	845	168078	0.641167	0.655365	0.000416	6.497032
512	9515	4254	0.015000	1362	123645	0.471668	0.552185	0.056015	62.156230
512	9515	4255	0.015000	1169	130951	0.499538	0.534264	0.015118	29.195868
512	9515	4256	0.015000	866	137451	0.524334	0.540283	0.000263	4.578334
512	9515	4257	0.015000	1591	92247	0.351894	0.428513	0.351894	154.066676
512	9515	4258	0.015000	1184	123311	0.470394	0.524998	0.032875	39.804298
512	9515	4259	0.015000	1381	133158	0.507957	0.532021	0.000412	6.115480
512	9515	4260	0.015000	1219	76573	0.292103	0.418476	0.292103	132.306690
512	9515	4261	0.015000	1184	124962	0.476692	0.497570	0.000370	5.284267
512	9515	4262	0.015000	1577	42915	0.163708	0.441792	0.163708	119.169197
512	9515	4263	0.015000	1234	107220	0.409012	0.443459	0.011147	25.389046
512	9515	4264	0.015000	1590	87599	0.334164	0.459301	0.067390	60.145788
512	9515	4265	0.015000	1242	129199	0.492855	0.597008	0.082829	80.879945
512	9515	4266	0.015000	1005	141534	0.539909	0.558388	0.000526	6.067226
512	9515	4267	0.015000	1357	158008	0.602753	0.626671	0.000320	5.749864
512	9515	4268	0.015000	1519	41715	0.159130	0.372643	0.159130	103.835956
512	9515	4269	0.015000	1342	124789	0.476032	0.501408	0.000446	8.031369
512	9515	4270	0.015000	1669	59774	0.228020	0.394562	0.228020	137.577043
512	9515	4271	0.015000	1091	172084	0.656448	0.673309	0.000298	4.970855
512	9515	4272	0.015000	1326	129827	0.495251	0.529087	0.011898	25.892506
512	9515	4273	0.015000	1275	150894	0.575615	0.596813	0.000355	5.878211
512	9515	4274	0.015000	1283	105374	0.401970	0.528088	0.089161	68.126975
512	9515	4275	0.015000	1384	122761	0.468296	0.526100	0.034298	41.872322
512	9515	4276	0.015000	1250	120588	0.460007	0.501759	0.021034	35.449030
512	9515	4277	0.015000	1199	132351	0.504879	0.556835	0.030388	39.548694
512	9515	4278	0.015000	1305	117429	0.447956	0.475945	0.003784	17.129747
512	9515	4279	0.015000	1593	79245	0.302296	0.445232	0.302296	143.610868
512	9515	4280	0.015000	1147	162763	0.620892	0.639061	0.000256	5.375746
512	9515	4281	0.015000	1278	94881	0.361942	0.460976	0.058899	53.485152
512	9515	4282	0.015000	1387	94084	0.358902	0.557655	0.173130	117.344728
512	9515	4283	0.015000	1113	156601	0.597385	0.619465	0.002457	13.954169
512	9515	4284	0.015000	1769	55160	0.210419	0.447681	0.210419	133.592722
512	9515	4285	0.015000	1329	99320	0.378876	0.400410	0.000301	4.816352
512	9515	4286	0.015000	1422	80222	0.306023	0.476879	0.145103	103.001673
512	9515	4287	0.015000	1535	77070	0.293999	0.435860	0.293999	169.696167
512	9515	4288	0.015000	865	181298	0.691597	0.705959	0.000210	5.412932
512	9515	4289	0.015000	1692	44833	0.171024	0.443535	0.171024	114.877359
512	9515	4290	0.015000	941	147955	0.564404	0.580002	0.000172	3.562909
512	9515	4291	0.015000	1481	119576	0.456146	0.492622	0.006027	19.646231
512	9515	4292	0.015000	1365	125313	0.478031	0.502403	0.000557	7.608405
512	9515	4293	0.015000	1257	132040	0.503693	0.526825	0.000439	7.812326
512	9515	4294	0.015000	1121	153469	0.585438	0.604729	0.000320	5.333094
512	9515	4295	0.015000	1272	98367	0.375240	0.481922	0.052616	51.481128
512	9515	4296	0.015000	1227	89154	0.340096	0.478230	0.117123	79.006911
512	9515	4297	0.015000	1511	87684	0.334488	0.421932	0.033821	41.037447
512	9515	4298	0.015000	1429	91341	0.348438	0.452068	0.048016	54.888743
512	9515	4299	0.015000	960	148911	0.568050	0.584812	0.000244	4.437445
512	9515	4300	0.015000	995	163398	0.623314	0.639503	0.000320	6.521984
512	9515	4301	0.015000	1345	108564	0.414139	0.437313	0.414139	170.319562
512	9515	4302	0.015000	923	161469	0.615955	0.632225	0.000259	4.864958
512	9515	4303	0.015000	881	172224	0.656982	0.672092	0.000198	6.002434
512	9515	4304	0.015000	1506	149507	0.570324	0.599190	0.000843	8.288227
512	9515	4305	0.015000	1005	143497	0.547398	0.564785	0.000256	4.383895
512	9515	4306	0.015000	975	176855	0.674648	0.691334	0.000229	3.899537
512	9515	4307	0.015000	1406	94238	0.359489	0.491627	0.106583	82.409137
512	9515	4308	0.015000	1109	131052	0.499924	0.599285	0.081692	65.918799
512	9515	4309	0.015000	808	175569	0.669743	0.682682	0.000225	5.072075
512	9515	4310	0.015000	1219	152246	0.580772	0.601448	0.000351	5.100537
512	9515	4311	0.015000	1223	130071	0.496181	0.557713	0.040581	44.145645
512	9515	4312	0.015000	862	140039	0.534206	0.548954	0.000454	7.130753
512	9515	4313	0.015000	977	169210	0.645485	0.662704	0.000202	3.725830
512	9515	4314	0.015000	1382	113116	0.431503	0.549046	0.092316	67.576461
512	9515	4315	0.015000	1377	135372	0.516403	0.542007	0.000469	6.363699
512	9515	4316	0.015000	1355	131374	0.501152	0.525509	0.000439	7.661743
512	9515	4317	0.015000	1189	153551	0.585751	0.607029	0.000408	6.133020
512	9515	4318	0.015000	832	158647	0.605190	0.619949	0.000233	4.130367
