256	9650	1001	0.015000	1	64549	0.984940	0.984940	0.000000	0.000000
256	9650	1002	0.015000	1	64549	0.984940	0.984940	0.000000	0.000000
256	9650	1003	0.015000	1	64549	0.984940	0.984940	0.000000	0.000000
256	9650	1004	0.015000	1	64547	0.984909	0.984909	0.000000	0.000000
256	9650	1005	0.015000	47	61501	0.938431	0.941040	0.000275	2.358332
256	9650	1006	0.015000	1	64549	0.984940	0.984940	0.000000	0.000000
256	9650	1007	0.015000	1	64549	0.984940	0.984940	0.000000	0.000000
256	9650	1008	0.015000	1	64544	0.984863	0.984863	0.000000	0.000000
256	9650	1009	0.015000	19	62513	0.953873	0.954330	0.000076	0.894427
256	9650	1010	0.015000	1	64075	0.977707	0.977707	0.000000	0.000000
256	9650	1011	0.015000	1	64412	0.982849	0.982849	0.000000	0.000000
256	9650	1012	0.015000	1	64549	0.984940	0.984940	0.000000	0.000000
256	9650	1013	0.015000	1	64484	0.983948	0.983948	0.000000	0.000000
256	9650	1014	0.015000	1	64549	0.984940	0.984940	0.000000	0.000000
256	9650	1015	0.015000	1	64549	0.984940	0.984940	0.000000	0.000000
256	9650	1016	0.015000	1	64549	0.984940	0.984940	0.000000	0.000000
256	9650	1017	0.015000	1	64549	0.984940	0.984940	0.000000	0.000000
256	9650	1018	0.015000	1	64549	0.984940	0.984940	0.000000	0.000000
256	9650	1019	0.015000	1	64549	0.984940	0.984940	0.000000	0.000000
256	9650	1020	0.015000	48	59910	0.914154	0.917999	0.000595	3.516281
256	9650	1021	0.015000	1	64549	0.984940	0.984940	0.000000	0.000000
256	9650	1022	0.015000	1	64501	0.984207	0.984207	0.000000	0.000000
256	9650	1023	0.015000	41	60894	0.929169	0.931366	0.000397	3.153143
256	9650	1024	0.015000	1	64549	0.984940	0.984940	0.000000	0.000000
256	9650	1025	0.015000	21	62579	0.954880	0.955643	0.000122	1.340476
256	9650	1026	0.015000	1	64549	0.984940	0.984940	0.000000	0.000000
256	9650	1027	0.015000	1	64497	0.984146	0.984146	0.000000	0.000000
256	9650	1028	0.015000	1	64549	0.984940	0.984940	0.000000	0.000000
256	9650	1029	0.015000	100	58306	0.889679	0.896332	0.000488	3.046995
256	9650	1030	0.015000	1	64549	0.984940	0.984940	0.000000	0.000000
256	9650	1031	0.015000	1	64549	0.984940	0.984940	0.000000	0.000000
256	9650	1032	0.015000	1	64549	0.984940	0.984940	0.000000	0.000000
256	9650	1033	0.015000	1	64549	0.984940	0.984940	0.000000	0.000000
256	9650	1034	0.015000	90	57884	0.883240	0.891678	0.000793	4.030232
256	9650	1035	0.015000	29	61585	0.939713	0.940826	0.000168	1.574592
256	9650	1036	0.015000	39	62678	0.956390	0.958710	0.000275	2.078699
256	9650	1037	0.015000	3	63944	0.975708	0.975784	0.000061	0.707107
256	9650	1038	0.015000	1	64549	0.984940	0.984940	0.000000	0.000000
256	9650	1039	0.015000	44	61839	0.943588	0.945541	0.000366	2.915178
256	9650	1040	0.015000	20	62747	0.957443	0.958313	0.000183	1.543355
256	9650	1041	0.015000	1	64549	0.984940	0.984940	0.000000	0.000000
256	9650	1042	0.015000	1	64549	0.984940	0.984940	0.000000	0.000000
256	9650	1043	0.015000	1	64549	0.984940	0.984940	0.000000	0.000000
256	9650	1044	0.015000	1	64549	0.984940	0.984940	0.000000	0.000000
256	9650	1045	0.015000	26	61424	0.937256	0.938538	0.000168	1.521200
256	9650	1046	0.015000	59	59373	0.905960	0.908478	0.000214	2.223483
256	9650	1047	0.015000	1	64549	0.984940	0.984940	0.000000	0.000000
256	9650	1048	0.015000	1	64549	0.984940	0.984940	0.000000	0.000000
256	9650	1049	0.015000	34	61361	0.936295	0.937958	0.000122	1.340476
256	9650	1050	0.015000	1	64549	0.984940	0.984940	0.000000	0.000000
256	9650	1051	0.015000	1	64549	0.984940	0.984940	0.000000	0.000000
256	9650	1052	0.015000	31	62554	0.954498	0.955719	0.000229	2.170509
256	9650	1053	0.015000	1	64549	0.984940	0.984940	0.000000	0.000000
256	9650	1054	0.015000	1	64547	0.984909	0.984909	0.000000	0.000000
256	9650	1055	0.015000	1	64549	0.984940	0.984940	0.000000	0.000000
256	9650	1056	0.015000	1	64544	0.984863	0.984863	0.000000	0.000000
256	9650	1057	0.015000	14	62851	0.959030	0.959778	0.000183	2.118044
256	9650	1058	0.015000	1	64549	0.984940	0.984940	0.000000	0.000000
256	9650	1059	0.015000	1	64549	0.984940	0.984940	0.000000	0.000000
256	9650	1060	0.015000	1	64539	0.984787	0.984787	0.000000	0.000000
256	9650	1061	0.015000	1	64549	0.984940	0.984940	0.000000	0.000000
256	9650	1062	0.015000	1	64549	0.984940	0.984940	0.000000	0.000000
256	9650	1063	0.015000	1	64549	0.984940	0.984940	0.000000	0.000000
256	9650	1064	0.015000	1	64549	0.984940	0.984940	0.000000	0.000000
256	9650	1065	0.015000	1	64549	0.984940	0.984940	0.000000	0.000000
256	9650	1066	0.015000	1	64541	0.984818	0.984818	0.000000	0.000000
256	9650	1067	0.015000	1	64549	0.984940	0.984940	0.000000	0.000000
256	9650	1068	0.015000	1	64549	0.984940	0.984940	0.000000	0.000000
256	9650	1069	0.015000	1	64549	0.984940	0.984940	0.000000	0.000000
256	9650	1070	0.015000	1	64549	0.984940	0.984940	0.000000	0.000000
256	9650	1071	0.015000	1	64546	0.984894	0.984894	0.000000	0.000000
256	9650	1072	0.015000	17	62778	0.957916	0.958801	0.000229	1.988858
256	9650	1073	0.015000	1	64549	0.984940	0.984940	0.000000	0.000000
256	9650	1074	0.015000	1	64549	0.984940	0.984940	0.000000	0.000000
256	9650	1075	0.015000	1	64498	0.984161	0.984161	0.000000	0.000000
256	9650	1076	0.015000	1	64549	0.984940	0.984940	0.000000	0.000000
256	9650	1077	0.015000	42	61355	0.936203	0.937744	0.000107	1.261680
256	9650	1078	0.015000	5	64104	0.978149	0.978302	0.000076	0.894427
256	9650	1079	0.015000	1	64549	0.984940	0.984940	0.000000	0.000000
256	9650	1080	0.015000	1	64427	0.983078	0.983078	0.000000	0.000000
256	9650	1081	0.015000	1	64549	0.984940	0.984940	0.000000	0.000000
256	9650	1082	0.015000	1	64191	0.979477	0.979477	0.000000	0.000000
256	9650	1083	0.015000	11	63224	0.964722	0.965195	0.000107	1.277753
256	9650	1084	0.015000	34	61234	0.934357	0.936417	0.000275	2.155241
256	9650	1085	0.015000	1	64549	0.984940	0.984940	0.000000	0.000000
256	9650	1086	0.015000	1	64549	0.984940	0.984940	0.000000	0.000000
256	9650	1087	0.015000	1	64549	0.984940	0.984940	0.000000	0.000000
256	9650	1088	0.015000	1	64549	0.984940	0.984940	0.000000	0.000000
256	9650	1089	0.015000	1	64529	0.984634	0.984634	0.000000	0.000000
256	9650	1090	0.015000	1	64421	0.982986	0.982986	0.000000	0.000000
256	9650	1091	0.015000	1	64549	0.984940	0.984940	0.000000	0.000000
256	9650	1092	0.015000	1	64549	0.984940	0.984940	0.000000	0.000000
256	9650	1093	0.015000	49	60526	0.923553	0.925735	0.000259	1.904284
256	9650	1094	0.015000	1	64549	0.984940	0.984940	0.000000	0.000000
256	9650	1095	0.015000	1	64459	0.983566	0.983566	0.000000	0.000000
256	9650	1096	0.015000	1	64549	0.984940	0.984940	0.000000	0.000000
256	9650	1097	0.015000	21	62968	0.960815	0.961853	0.000214	1.691817
256	9650	1098	0.015000	1	64549	0.984940	0.984940	0.000000	0.000000
256	9650	1099	0.015000	1	64549	0.984940	0.984940	0.000000	0.000000
256	9650	1100	0.015000	1	64549	0.984940	0.984940	0.000000	0.000000
256	9650	1101	0.015000	32	62540	0.954285	0.955994	0.000305	2.595669
256	9650	1102	0.015000	1	64549	0.984940	0.984940	0.000000	0.000000
256	9650	1103	0.015000	1	64527	0.984604	0.984604	0.000000	0.000000
256	9650	1104	0.015000	1	64549	0.984940	0.984940	0.000000	0.000000
256	9650	1105	0.015000	1	64549	0.984940	0.984940	0.000000	0.000000
256	9650	1106	0.015000	1	64549	0.984940	0.984940	0.000000	0.000000
256	9650	1107	0.015000	1	64549	0.984940	0.984940	0.000000	0.000000
256	9650	1108	0.015000	173	50552	0.771362	0.781998	0.000595	3.344164
256	9650	1109	0.015000	17	63097	0.962784	0.963196	0.000061	0.829156
256	9650	1110	0.015000	1	64549	0.984940	0.984940	0.000000	0.000000
256	9650	1111	0.015000	1	64549	0.984940	0.984940	0.000000	0.000000
256	9650	1112	0.015000	1	64549	0.984940	0.984940	0.000000	0.000000
256	9650	1113	0.015000	1	64316	0.981384	0.981384	0.000000	0.000000
256	9650	1114	0.015000	1	64549	0.984940	0.984940	0.000000	0.000000
256	9650	1115	0.015000	1	64511	0.984360	0.984360	0.000000	0.000000
256	9650	1116	0.015000	65	61201	0.933853	0.938156	0.000534	3.882982
256	9650	1117	0.015000	1	64549	0.984940	0.984940	0.000000	0.000000
256	9650	1118	0.015000	1	64549	0.984940	0.984940	0.000000	0.000000
256	9650	1119	0.015000	49	61901	0.944534	0.946838	0.000381	2.676714
256	9650	1120	0.015000	255	45137	0.688736	0.705994	0.000671	5.213767
256	9650	1121	0.015000	1	64546	0.984894	0.984894	0.000000	0.000000
256	9650	1122	0.015000	58	60827	0.928146	0.931503	0.000336	2.630479
256	9650	1123	0.015000	1	64534	0.984711	0.984711	0.000000	0.000000
256	9650	1124	0.015000	23	62311	0.950790	0.952438	0.000427	3.234066
256	9650	1125	0.015000	1	64445	0.983353	0.983353	0.000000	0.000000
256	9650	1126	0.015000	1	64549	0.984940	0.984940	0.000000	0.000000
256	9650	1127	0.015000	32	62337	0.951187	0.953033	0.000198	1.743967
256	9650	1128	0.015000	1	64549	0.984940	0.984940	0.000000	0.000000
256	9650	1129	0.015000	1	64281	0.980850	0.980850	0.000000	0.000000
256	9650	1130	0.015000	1	64544	0.984863	0.984863	0.000000	0.000000
256	9650	1131	0.015000	75	59487	0.907700	0.912872	0.000458	2.917381
256	9650	1132	0.015000	1	64549	0.984940	0.984940	0.000000	0.000000
256	9650	1133	0.015000	162	53870	0.821991	0.830490	0.000443	2.763788
256	9650	1134	0.015000	1	64549	0.984940	0.984940	0.000000	0.000000
256	9650	1135	0.015000	1	64547	0.984909	0.984909	0.000000	0.000000
256	9650	1136	0.015000	14	63423	0.967758	0.968277	0.000122	1.648863
256	9650	1137	0.015000	1	64549	0.984940	0.984940	0.000000	0.000000
256	9650	1138	0.015000	1	64549	0.984940	0.984940	0.000000	0.000000
256	9650	1139	0.015000	1	64547	0.984909	0.984909	0.000000	0.000000
256	9650	1140	0.015000	1	64549	0.984940	0.984940	0.000000	0.000000
256	9650	1141	0.015000	1	64549	0.984940	0.984940	0.000000	0.000000
256	9650	1142	0.015000	1	64531	0.984665	0.984665	0.000000	0.000000
256	9650	1143	0.015000	1	64549	0.984940	0.984940	0.000000	0.000000
256	9650	1144	0.015000	1	64520	0.984497	0.984497	0.000000	0.000000
256	9650	1145	0.015000	1	64549	0.984940	0.984940	0.000000	0.000000
256	9650	1146	0.015000	1	64549	0.984940	0.984940	0.000000	0.000000
256	9650	1147	0.015000	35	61057	0.931656	0.933151	0.000153	1.612452
256	9650	1148	0.015000	1	64549	0.984940	0.984940	0.000000	0.000000
256	9650	1149	0.015000	1	64549	0.984940	0.984940	0.000000	0.000000
256	9650	1150	0.015000	1	64549	0.984940	0.984940	0.000000	0.000000
256	9650	1151	0.015000	1	64431	0.983139	0.983139	0.000000	0.000000
256	9650	1152	0.015000	2	64219	0.979904	0.979919	0.000015	0.000000
256	9650	1153	0.015000	1	64549	0.984940	0.984940	0.000000	0.000000
256	9650	1154	0.015000	18	63114	0.963043	0.963959	0.000259	2.210388
256	9650	1155	0.015000	10	63684	0.971741	0.972153	0.000122	1.172604
256	9650	1156	0.015000	8	63728	0.972412	0.972610	0.000061	0.829156
256	9650	1157	0.015000	6	63795	0.973434	0.973740	0.000153	1.500000
256	9650	1158	0.015000	1	64545	0.984879	0.984879	0.000000	0.000000
256	9650	1159	0.015000	1	64549	0.984940	0.984940	0.000000	0.000000
256	9650	1160	0.015000	1	64549	0.984940	0.984940	0.000000	0.000000
256	9650	1161	0.015000	1	64547	0.984909	0.984909	0.000000	0.000000
256	9650	1162	0.015000	1	64549	0.984940	0.984940	0.000000	0.000000
256	9650	1163	0.015000	1	64549	0.984940	0.984940	0.000000	0.000000
256	9650	1164	0.015000	76	59044	0.900940	0.906693	0.000534	3.105492
256	9650	1165	0.015000	1	64549	0.984940	0.984940	0.000000	0.000000
256	9650	1166	0.015000	1	64549	0.984940	0.984940	0.000000	0.000000
256	9650	1167	0.015000	1	64549	0.984940	0.984940	0.000000	0.000000
256	9650	1168	0.015000	1	64549	0.984940	0.984940	0.000000	0.000000
256	9650	1169	0.015000	1	64549	0.984940	0.984940	0.000000	0.000000
256	9650	1170	0.015000	1	64549	0.984940	0.984940	0.000000	0.000000
256	9650	1171	0.015000	1	64549	0.984940	0.984940	0.000000	0.000000
256	9650	1172	0.015000	1	64549	0.984940	0.984940	0.000000	0.000000
256	9650	1173	0.015000	1	64548	0.984924	0.984924	0.000000	0.000000
256	9650	1174	0.015000	1	64549	0.984940	0.984940	0.000000	0.000000
256	9650	1175	0.015000	1	64549	0.984940	0.984940	0.000000	0.000000
256	9650	1176	0.015000	1	64536	0.984741	0.984741	0.000000	0.000000
256	9650	1177	0.015000	1	64549	0.984940	0.984940	0.000000	0.000000
256	9650	1178	0.015000	1	64549	0.984940	0.984940	0.000000	0.000000
256	9650	1179	0.015000	1	64549	0.984940	0.984940	0.000000	0.000000
256	9650	1180	0.015000	65	59542	0.908539	0.912857	0.000702	4.372430
256	9650	1181	0.015000	90	58684	0.895447	0.901855	0.000549	2.926834
256	9650	1182	0.015000	1	64515	0.984421	0.984421	0.000000	0.000000
256	9650	1183	0.015000	79	58702	0.895721	0.899612	0.000351	2.212698
256	9650	1184	0.015000	1	64526	0.984589	0.984589	0.000000	0.000000
256	9650	1185	0.015000	1	64503	0.984238	0.984238	0.000000	0.000000
256	9650	1186	0.015000	1	64516	0.984436	0.984436	0.000000	0.000000
256	9650	1187	0.015000	1	64549	0.984940	0.984940	0.000000	0.000000
256	9650	1188	0.015000	1	64549	0.984940	0.984940	0.000000	0.000000
256	9650	1189	0.015000	1	64549	0.984940	0.984940	0.000000	0.000000
256	9650	1190	0.015000	1	64549	0.984940	0.984940	0.000000	0.000000
256	9650	1191	0.015000	31	62448	0.952881	0.954025	0.000122	1.262438
256	9650	1192	0.015000	1	64549	0.984940	0.984940	0.000000	0.000000
256	9650	1193	0.015000	1	64549	0.984940	0.984940	0.000000	0.000000
256	9650	1194	0.015000	1	64549	0.984940	0.984940	0.000000	0.000000
256	9650	1195	0.015000	1	64549	0.984940	0.984940	0.000000	0.000000
256	9650	1196	0.015000	1	64549	0.984940	0.984940	0.000000	0.000000
256	9650	1197	0.015000	1	64549	0.984940	0.984940	0.000000	0.000000
256	9650	1198	0.015000	1	64549	0.984940	0.984940	0.000000	0.000000
256	9650	1199	0.015000	1	64549	0.984940	0.984940	0.000000	0.000000
256	9650	1200	0.015000	1	64549	0.984940	0.984940	0.000000	0.000000
256	9650	1201	0.015000	1	64549	0.984940	0.984940	0.000000	0.000000
256	9650	1202	0.015000	45	61553	0.939224	0.942856	0.000687	3.389599
256	9650	1203	0.015000	1	64460	0.983582	0.983582	0.000000	0.000000
256	9650	1204	0.015000	1	64451	0.983444	0.983444	0.000000	0.000000
256	9650	1205	0.015000	1	64546	0.984894	0.984894	0.000000	0.000000
256	9650	1206	0.015000	105	56250	0.858307	0.866653	0.001053	5.183262
256	9650	1207	0.015000	14	63300	0.965881	0.967010	0.000504	3.228944
256	9650	1208	0.015000	1	64541	0.984818	0.984818	0.000000	0.000000
256	9650	1209	0.015000	1	64436	0.983215	0.983215	0.000000	0.000000
256	9650	1210	0.015000	1	64549	0.984940	0.984940	0.000000	0.000000
256	9650	1211	0.015000	1	64549	0.984940	0.984940	0.000000	0.000000
256	9650	1212	0.015000	1	64549	0.984940	0.984940	0.000000	0.000000
256	9650	1213	0.015000	14	63629	0.970901	0.971329	0.000092	0.971825
256	9650	1214	0.015000	1	64549	0.984940	0.984940	0.000000	0.000000
256	9650	1215	0.015000	1	64549	0.984940	0.984940	0.000000	0.000000
256	9650	1216	0.015000	1	64549	0.984940	0.984940	0.000000	0.000000
256	9650	1217	0.015000	1	64549	0.984940	0.984940	0.000000	0.000000
256	9650	1218	0.015000	1	64549	0.984940	0.984940	0.000000	0.000000
256	9650	1219	0.015000	1	64273	0.980728	0.980728	0.000000	0.000000
256	9650	1220	0.015000	11	63292	0.965759	0.966736	0.000504	2.541483
256	9650	1221	0.015000	1	64549	0.984940	0.984940	0.000000	0.000000
256	9650	1222	0.015000	1	64515	0.984421	0.984421	0.000000	0.000000
256	9650	1223	0.015000	56	60284	0.919861	0.923569	0.000488	3.302165
256	9650	1224	0.015000	1	64522	0.984528	0.984528	0.000000	0.000000
256	9650	1225	0.015000	1	64549	0.984940	0.984940	0.000000	0.000000
256	9650	1226	0.015000	1	64549	0.984940	0.984940	0.000000	0.000000
256	9650	1227	0.015000	1	64549	0.984940	0.984940	0.000000	0.000000
256	9650	1228	0.015000	1	64549	0.984940	0.984940	0.000000	0.000000
256	9650	1229	0.015000	1	64549	0.984940	0.984940	0.000000	0.000000
256	9650	1230	0.015000	1	64549	0.984940	0.984940	0.000000	0.000000
256	9650	1231	0.015000	1	64543	0.984848	0.984848	0.000000	0.000000
256	9650	1232	0.015000	1	64549	0.984940	0.984940	0.000000	0.000000
256	9650	1233	0.015000	1	64549	0.984940	0.984940	0.000000	0.000000
256	9650	1234	0.015000	1	64549	0.984940	0.984940	0.000000	0.000000
256	9650	1235	0.015000	1	64546	0.984894	0.984894	0.000000	0.000000
256	9650	1236	0.015000	88	59000	0.900269	0.905731	0.000534	3.255388
256	9650	1237	0.015000	1	64306	0.981232	0.981232	0.000000	0.000000
256	9650	1238	0.015000	1	64539	0.984787	0.984787	0.000000	0.000000
256	9650	1239	0.015000	1	64548	0.984924	0.984924	0.000000	0.000000
256	9650	1240	0.015000	1	64549	0.984940	0.984940	0.000000	0.000000
256	9650	1241	0.015000	1	64549	0.984940	0.984940	0.000000	0.000000
256	9650	1242	0.015000	1	64535	0.984726	0.984726	0.000000	0.000000
256	9650	1243	0.015000	1	64337	0.981705	0.981705	0.000000	0.000000
256	9650	1244	0.015000	1	64549	0.984940	0.984940	0.000000	0.000000
256	9650	1245	0.015000	1	64549	0.984940	0.984940	0.000000	0.000000
256	9650	1246	0.015000	1	64515	0.984421	0.984421	0.000000	0.000000
256	9650	1247	0.015000	1	64549	0.984940	0.984940	0.000000	0.000000
256	9650	1248	0.015000	45	60638	0.925262	0.927795	0.000641	3.592399
256	9650	1249	0.015000	2	64204	0.979675	0.979691	0.000015	0.000000
256	9650	1250	0.015000	1	64549	0.984940	0.984940	0.000000	0.000000
256	9650	1251	0.015000	1	64549	0.984940	0.984940	0.000000	0.000000
256	9650	1252	0.015000	136	52149	0.795731	0.804031	0.000458	2.763653
256	9650	1253	0.015000	1	64549	0.984940	0.984940	0.000000	0.000000
256	9650	1254	0.015000	15	63197	0.964310	0.965088	0.000183	1.761865
256	9650	1255	0.015000	1	64549	0.984940	0.984940	0.000000	0.000000
256	9650	1256	0.015000	1	64549	0.984940	0.984940	0.000000	0.000000
256	9650	1257	0.015000	1	64549	0.984940	0.984940	0.000000	0.000000
256	9650	1258	0.015000	1	64549	0.984940	0.984940	0.000000	0.000000
256	9650	1259	0.015000	1	64549	0.984940	0.984940	0.000000	0.000000
256	9650	1260	0.015000	1	64549	0.984940	0.984940	0.000000	0.000000
256	9650	1261	0.015000	1	64549	0.984940	0.984940	0.000000	0.000000
256	9650	1262	0.015000	44	60827	0.928146	0.931030	0.000534	3.712747
256	9650	1263	0.015000	1	64546	0.984894	0.984894	0.000000	0.000000
256	9650	1264	0.015000	1	64468	0.983704	0.983704	0.000000	0.000000
256	9650	1265	0.015000	1	64549	0.984940	0.984940	0.000000	0.000000
256	9650	1266	0.015000	1	64549	0.984940	0.984940	0.000000	0.000000
256	9650	1267	0.015000	1	64549	0.984940	0.984940	0.000000	0.000000
256	9650	1268	0.015000	1	64549	0.984940	0.984940	0.000000	0.000000
256	9650	1269	0.015000	1	64549	0.984940	0.984940	0.000000	0.000000
256	9650	1270	0.015000	1	64549	0.984940	0.984940	0.000000	0.000000
256	9650	1271	0.015000	1	64549	0.984940	0.984940	0.000000	0.000000
256	9650	1272	0.015000	1	64549	0.984940	0.984940	0.000000	0.000000
256	9650	1273	0.015000	1	64549	0.984940	0.984940	0.000000	0.000000
256	9650	1274	0.015000	1	64549	0.984940	0.984940	0.000000	0.000000
256	9650	1275	0.015000	1	64549	0.984940	0.984940	0.000000	0.000000
256	9650	1276	0.015000	1	64415	0.982895	0.982895	0.000000	0.000000
256	9650	1277	0.015000	125	57238	0.873383	0.883087	0.000580	3.803792
256	9650	1278	0.015000	1	64549	0.984940	0.984940	0.000000	0.000000
256	9650	1279	0.015000	36	62716	0.956970	0.959427	0.000671	3.709979
256	9650	1280	0.015000	2	63811	0.973679	0.973694	0.000015	0.000000
256	9650	1281	0.015000	1	64549	0.984940	0.984940	0.000000	0.000000
256	9650	1282	0.015000	1	64549	0.984940	0.984940	0.000000	0.000000
256	9650	1283	0.015000	1	64549	0.984940	0.984940	0.000000	0.000000
256	9650	1284	0.015000	65	57586	0.878693	0.882263	0.000458	3.101433
256	9650	1285	0.015000	1	64549	0.984940	0.984940	0.000000	0.000000
256	9650	1286	0.015000	1	64549	0.984940	0.984940	0.000000	0.000000
256	9650	1287	0.015000	1	64533	0.984695	0.984695	0.000000	0.000000
256	9650	1288	0.015000	1	64549	0.984940	0.984940	0.000000	0.000000
256	9650	1289	0.015000	1	64549	0.984940	0.984940	0.000000	0.000000
256	9650	1290	0.015000	1	64549	0.984940	0.984940	0.000000	0.000000
256	9650	1291	0.015000	1	64549	0.984940	0.984940	0.000000	0.000000
256	9650	1292	0.015000	1	64549	0.984940	0.984940	0.000000	0.000000
256	9650	1293	0.015000	1	64549	0.984940	0.984940	0.000000	0.000000
256	9650	1294	0.015000	1	64549	0.984940	0.984940	0.000000	0.000000
256	9650	1295	0.015000	1	64549	0.984940	0.984940	0.000000	0.000000
256	9650	1296	0.015000	1	64549	0.984940	0.984940	0.000000	0.000000
256	9650	1297	0.015000	1	64549	0.984940	0.984940	0.000000	0.000000
256	9650	1298	0.015000	25	62018	0.946320	0.947952	0.000427	3.011034
256	9650	1299	0.015000	16	63469	0.968460	0.969177	0.000183	1.518406
256	9650	1300	0.015000	1	64549	0.984940	0.984940	0.000000	0.000000
256	9650	1301	0.015000	1	64549	0.984940	0.984940	0.000000	0.000000
256	9650	1302	0.015000	1	64549	0.984940	0.984940	0.000000	0.000000
256	9650	1303	0.015000	1	64549	0.984940	0.984940	0.000000	0.000000
256	9650	1304	0.015000	1	64549	0.984940	0.984940	0.000000	0.000000
256	9650	1305	0.015000	61	60269	0.919632	0.923584	0.000504	3.324506
256	9650	1306	0.015000	1	64549	0.984940	0.984940	0.000000	0.000000
256	9650	1307	0.015000	1	64549	0.984940	0.984940	0.000000	0.000000
256	9650	1308	0.015000	1	64549	0.984940	0.984940	0.000000	0.000000
256	9650	1309	0.015000	1	64549	0.984940	0.984940	0.000000	0.000000
256	9650	1310	0.015000	1	64547	0.984909	0.984909	0.000000	0.000000
256	9650	1311	0.015000	7	63938	0.975616	0.975830	0.000076	0.894427
256	9650	1312	0.015000	1	64547	0.984909	0.984909	0.000000	0.000000
256	9650	1313	0.015000	1	64549	0.984940	0.984940	0.000000	0.000000
256	9650	1314	0.015000	1	64547	0.984909	0.984909	0.000000	0.000000
256	9650	1315	0.015000	3	64217	0.979874	0.979904	0.000015	0.000000
256	9650	1316	0.015000	1	64540	0.984802	0.984802	0.000000	0.000000
256	9650	1317	0.015000	1	64549	0.984940	0.984940	0.000000	0.000000
256	9650	1318	0.015000	1	64549	0.984940	0.984940	0.000000	0.000000
256	9650	1319	0.015000	1	64549	0.984940	0.984940	0.000000	0.000000
256	9650	1320	0.015000	1	64549	0.984940	0.984940	0.000000	0.000000
256	9650	1321	0.015000	1	64463	0.983627	0.983627	0.000000	0.000000
256	9650	1322	0.015000	1	64549	0.984940	0.984940	0.000000	0.000000
256	9650	1323	0.015000	1	64549	0.984940	0.984940	0.000000	0.000000
256	9650	1324	0.015000	1	64549	0.984940	0.984940	0.000000	0.000000
256	9650	1325	0.015000	1	64549	0.984940	0.984940	0.000000	0.000000
256	9650	1326	0.015000	85	58744	0.896362	0.901840	0.000488	3.774400
256	9650	1327	0.015000	1	64549	0.984940	0.984940	0.000000	0.000000
256	9650	1328	0.015000	5	63975	0.976181	0.976471	0.000153	1.330413
256	9650	1329	0.015000	1	64549	0.984940	0.984940	0.000000	0.000000
256	9650	1330	0.015000	1	64549	0.984940	0.984940	0.000000	0.000000
256	9650	1331	0.015000	1	64547	0.984909	0.984909	0.000000	0.000000
256	9650	1332	0.015000	1	64541	0.984818	0.984818	0.000000	0.000000
256	9650	1333	0.015000	17	63036	0.961853	0.962570	0.000183	1.576741
256	9650	1334	0.015000	1	64549	0.984940	0.984940	0.000000	0.000000
256	9650	1335	0.015000	1	64549	0.984940	0.984940	0.000000	0.000000
256	9650	1336	0.015000	1	64549	0.984940	0.984940	0.000000	0.000000
256	9650	1337	0.015000	1	64549	0.984940	0.984940	0.000000	0.000000
256	9650	1338	0.015000	66	59900	0.914001	0.917557	0.000626	4.259573
256	9650	1339	0.015000	1	64549	0.984940	0.984940	0.000000	0.000000
256	9650	1340	0.015000	1	64549	0.984940	0.984940	0.000000	0.000000
256	9650	1341	0.015000	1	64549	0.984940	0.984940	0.000000	0.000000
256	9650	1342	0.015000	1	64549	0.984940	0.984940	0.000000	0.000000
256	9650	1343	0.015000	1	64549	0.984940	0.984940	0.000000	0.000000
256	9650	1344	0.015000	1	64549	0.984940	0.984940	0.000000	0.000000
256	9650	1345	0.015000	1	64549	0.984940	0.984940	0.000000	0.000000
256	9650	1346	0.015000	1	64529	0.984634	0.984634	0.000000	0.000000
256	9650	1347	0.015000	24	62310	0.950775	0.951370	0.000183	1.940074
256	9650	1348	0.015000	1	64549	0.984940	0.984940	0.000000	0.000000
256	9650	1349	0.015000	1	64549	0.984940	0.984940	0.000000	0.000000
256	9650	1350	0.015000	90	58392	0.890991	0.895569	0.000351	2.756673
256	9650	1351	0.015000	1	64549	0.984940	0.984940	0.000000	0.000000
256	9650	1352	0.015000	1	64549	0.984940	0.984940	0.000000	0.000000
256	9650	1353	0.015000	16	62904	0.959839	0.960632	0.000183	2.073309
256	9650	1354	0.015000	14	63007	0.961411	0.961884	0.000168	1.616035
256	9650	1355	0.015000	1	64549	0.984940	0.984940	0.000000	0.000000
256	9650	1356	0.015000	1	64386	0.982452	0.982452	0.000000	0.000000
256	9650	1357	0.015000	1	64549	0.984940	0.984940	0.000000	0.000000
256	9650	1358	0.015000	1	64536	0.984741	0.984741	0.000000	0.000000
256	9650	1359	0.015000	1	64549	0.984940	0.984940	0.000000	0.000000
256	9650	1360	0.015000	1	64549	0.984940	0.984940	0.000000	0.000000
256	9650	1361	0.015000	1	64549	0.984940	0.984940	0.000000	0.000000
256	9650	1362	0.015000	1	64549	0.984940	0.984940	0.000000	0.000000
256	9650	1363	0.015000	1	64549	0.984940	0.984940	0.000000	0.000000
256	9650	1364	0.015000	1	64519	0.984482	0.984482	0.000000	0.000000
256	9650	1365	0.015000	1	64549	0.984940	0.984940	0.000000	0.000000
256	9650	1366	0.015000	1	64530	0.984650	0.984650	0.000000	0.000000
256	9650	1367	0.015000	1	64549	0.984940	0.984940	0.000000	0.000000
256	9650	1368	0.015000	1	64548	0.984924	0.984924	0.000000	0.000000
256	9650	1369	0.015000	1	64549	0.984940	0.984940	0.000000	0.000000
256	9650	1370	0.015000	1	64515	0.984421	0.984421	0.000000	0.000000
256	9650	1371	0.015000	1	64549	0.984940	0.984940	0.000000	0.000000
256	9650	1372	0.015000	66	58617	0.894424	0.898438	0.000565	4.312992
256	9650	1373	0.015000	1	64542	0.984833	0.984833	0.000000	0.000000
256	9650	1374	0.015000	5	63442	0.968048	0.968124	0.000031	0.500000
256	9650	1375	0.015000	3	64270	0.980682	0.980713	0.000015	0.000000
256	9650	1376	0.015000	1	64549	0.984940	0.984940	0.000000	0.000000
256	9650	1377	0.015000	1	64549	0.984940	0.984940	0.000000	0.000000
256	9650	1378	0.015000	1	64549	0.984940	0.984940	0.000000	0.000000
256	9650	1379	0.015000	78	59427	0.906784	0.912842	0.000549	2.954255
256	9650	1380	0.015000	1	64549	0.984940	0.984940	0.000000	0.000000
256	9650	1381	0.015000	25	62042	0.946686	0.947617	0.000168	1.748671
256	9650	1382	0.015000	80	57738	0.881012	0.885406	0.000427	2.930313
256	9650	1383	0.015000	1	64549	0.984940	0.984940	0.000000	0.000000
256	9650	1384	0.015000	1	64549	0.984940	0.984940	0.000000	0.000000
256	9650	1385	0.015000	1	64549	0.984940	0.984940	0.000000	0.000000
256	9650	1386	0.015000	1	64549	0.984940	0.984940	0.000000	0.000000
256	9650	1387	0.015000	1	64549	0.984940	0.984940	0.000000	0.000000
256	9650	1388	0.015000	1	64549	0.984940	0.984940	0.000000	0.000000
256	9650	1389	0.015000	1	64549	0.984940	0.984940	0.000000	0.000000
256	9650	1390	0.015000	17	63147	0.963547	0.965271	0.000504	3.207830
256	9650	1391	0.015000	44	61151	0.933090	0.937485	0.001129	4.608445
256	9650	1392	0.015000	1	64363	0.982101	0.982101	0.000000	0.000000
256	9650	1393	0.015000	1	64366	0.982147	0.982147	0.000000	0.000000
256	9650	1394	0.015000	110	56029	0.854935	0.861771	0.000748	4.245585
256	9650	1395	0.015000	1	64549	0.984940	0.984940	0.000000	0.000000
256	9650	1396	0.015000	1	64549	0.984940	0.984940	0.000000	0.000000
256	9650	1397	0.015000	1	64375	0.982285	0.982285	0.000000	0.000000
256	9650	1398	0.015000	38	62011	0.946213	0.948944	0.000549	3.656446
256	9650	1399	0.015000	33	61929	0.944962	0.947342	0.001144	5.188534
256	9650	1400	0.015000	1	64504	0.984253	0.984253	0.000000	0.000000
256	9650	1401	0.015000	1	64549	0.984940	0.984940	0.000000	0.000000
256	9650	1402	0.015000	1	64549	0.984940	0.984940	0.000000	0.000000
256	9650	1403	0.015000	1	64549	0.984940	0.984940	0.000000	0.000000
256	9650	1404	0.015000	1	64549	0.984940	0.984940	0.000000	0.000000
256	9650	1405	0.015000	2	63859	0.974411	0.974442	0.000031	0.500000
256	9650	1406	0.015000	89	58497	0.892593	0.898880	0.000580	2.876618
256	9650	1407	0.015000	1	64401	0.982681	0.982681	0.000000	0.000000
256	9650	1408	0.015000	1	64492	0.984070	0.984070	0.000000	0.000000
256	9650	1409	0.015000	84	57414	0.876068	0.880524	0.000397	3.160874
256	9650	1410	0.015000	1	64549	0.984940	0.984940	0.000000	0.000000
256	9650	1411	0.015000	1	64549	0.984940	0.984940	0.000000	0.000000
256	9650	1412	0.015000	1	64549	0.984940	0.984940	0.000000	0.000000
256	9650	1413	0.015000	1	64549	0.984940	0.984940	0.000000	0.000000
256	9650	1414	0.015000	1	64287	0.980942	0.980942	0.000000	0.000000
256	9650	1415	0.015000	1	64549	0.984940	0.984940	0.000000	0.000000
256	9650	1416	0.015000	1	64549	0.984940	0.984940	0.000000	0.000000
256	9650	1417	0.015000	1	64549	0.984940	0.984940	0.000000	0.000000
256	9650	1418	0.015000	1	64549	0.984940	0.984940	0.000000	0.000000
256	9650	1419	0.015000	1	64549	0.984940	0.984940	0.000000	0.000000
256	9650	1420	0.015000	61	60591	0.924545	0.928772	0.000412	2.524503
256	9650	1421	0.015000	1	64549	0.984940	0.984940	0.000000	0.000000
256	9650	1422	0.015000	1	64549	0.984940	0.984940	0.000000	0.000000
256	9650	1423	0.015000	1	64549	0.984940	0.984940	0.000000	0.000000
256	9650	1424	0.015000	1	64549	0.984940	0.984940	0.000000	0.000000
256	9650	1425	0.015000	1	64547	0.984909	0.984909	0.000000	0.000000
256	9650	1426	0.015000	1	64549	0.984940	0.984940	0.000000	0.000000
256	9650	1427	0.015000	1	64535	0.984726	0.984726	0.000000	0.000000
256	9650	1428	0.015000	1	64549	0.984940	0.984940	0.000000	0.000000
256	9650	1429	0.015000	1	64524	0.984558	0.984558	0.000000	0.000000
256	9650	1430	0.015000	41	61115	0.932541	0.934631	0.000275	2.261459
256	9650	1431	0.015000	9	63718	0.972260	0.973099	0.000656	3.370088
256	9650	1432	0.015000	1	64448	0.983398	0.983398	0.000000	0.000000
256	9650	1433	0.015000	44	61572	0.939514	0.941589	0.000229	1.662662
256	9650	1434	0.015000	1	64549	0.984940	0.984940	0.000000	0.000000
256	9650	1435	0.015000	1	64549	0.984940	0.984940	0.000000	0.000000
256	9650	1436	0.015000	1	64549	0.984940	0.984940	0.000000	0.000000
256	9650	1437	0.015000	50	60806	0.927826	0.930618	0.000412	3.026178
256	9650	1438	0.015000	1	64549	0.984940	0.984940	0.000000	0.000000
256	9650	1439	0.015000	1	64549	0.984940	0.984940	0.000000	0.000000
256	9650	1440	0.015000	1	64549	0.984940	0.984940	0.000000	0.000000
256	9650	1441	0.015000	81	58129	0.886978	0.892197	0.000488	2.618668
256	9650	1442	0.015000	1	64549	0.984940	0.984940	0.000000	0.000000
256	9650	1443	0.015000	1	64549	0.984940	0.984940	0.000000	0.000000
256	9650	1444	0.015000	1	64549	0.984940	0.984940	0.000000	0.000000
256	9650	1445	0.015000	1	64544	0.984863	0.984863	0.000000	0.000000
256	9650	1446	0.015000	1	64549	0.984940	0.984940	0.000000	0.000000
256	9650	1447	0.015000	1	64522	0.984528	0.984528	0.000000	0.000000
256	9650	1448	0.015000	1	64549	0.984940	0.984940	0.000000	0.000000
256	9650	1449	0.015000	1	64549	0.984940	0.984940	0.000000	0.000000
256	9650	1450	0.015000	1	64549	0.984940	0.984940	0.000000	0.000000
256	9650	1451	0.015000	1	64547	0.984909	0.984909	0.000000	0.000000
256	9650	1452	0.015000	1	64549	0.984940	0.984940	0.000000	0.000000
256	9650	1453	0.015000	1	64542	0.984833	0.984833	0.000000	0.000000
256	9650	1454	0.015000	1	64549	0.984940	0.984940	0.000000	0.000000
256	9650	1455	0.015000	33	61442	0.937531	0.939896	0.000519	2.955992
256	9650	1456	0.015000	1	64549	0.984940	0.984940	0.000000	0.000000
256	9650	1457	0.015000	1	64549	0.984940	0.984940	0.000000	0.000000
256	9650	1458	0.015000	1	64549	0.984940	0.984940	0.000000	0.000000
256	9650	1459	0.015000	1	64549	0.984940	0.984940	0.000000	0.000000
256	9650	1460	0.015000	1	64543	0.984848	0.984848	0.000000	0.000000
256	9650	1461	0.015000	37	60760	0.927124	0.928787	0.000244	2.164161
256	9650	1462	0.015000	1	64534	0.984711	0.984711	0.000000	0.000000
256	9650	1463	0.015000	1	64476	0.983826	0.983826	0.000000	0.000000
256	9650	1464	0.015000	1	64546	0.984894	0.984894	0.000000	0.000000
256	9650	1465	0.015000	1	64549	0.984940	0.984940	0.000000	0.000000
256	9650	1466	0.015000	78	56993	0.869644	0.874588	0.000473	3.281455
256	9650	1467	0.015000	104	58407	0.891220	0.897400	0.000305	2.488976
256	9650	1468	0.015000	3	63625	0.970840	0.970932	0.000076	1.019804
256	9650	1469	0.015000	1	64549	0.984940	0.984940	0.000000	0.000000
256	9650	1470	0.015000	26	62897	0.959732	0.960922	0.000198	2.017673
256	9650	1471	0.015000	46	61790	0.942841	0.945602	0.000412	2.575073
256	9650	1472	0.015000	1	64549	0.984940	0.984940	0.000000	0.000000
256	9650	1473	0.015000	1	64549	0.984940	0.984940	0.000000	0.000000
256	9650	1474	0.015000	1	64549	0.984940	0.984940	0.000000	0.000000
256	9650	1475	0.015000	21	62929	0.960220	0.960983	0.000122	1.311011
256	9650	1476	0.015000	1	64549	0.984940	0.984940	0.000000	0.000000
256	9650	1477	0.015000	1	64547	0.984909	0.984909	0.000000	0.000000
256	9650	1478	0.015000	1	64549	0.984940	0.984940	0.000000	0.000000
256	9650	1479	0.015000	10	63849	0.974258	0.974411	0.000031	0.500000
256	9650	1480	0.015000	1	64549	0.984940	0.984940	0.000000	0.000000
256	9650	1481	0.015000	1	64549	0.984940	0.984940	0.000000	0.000000
256	9650	1482	0.015000	1	64549	0.984940	0.984940	0.000000	0.000000
256	9650	1483	0.015000	1	64549	0.984940	0.984940	0.000000	0.000000
256	9650	1484	0.015000	27	62488	0.953491	0.954926	0.000412	2.385944
256	9650	1485	0.015000	1	64549	0.984940	0.984940	0.000000	0.000000
256	9650	1486	0.015000	1	64548	0.984924	0.984924	0.000000	0.000000
256	9650	1487	0.015000	1	64549	0.984940	0.984940	0.000000	0.000000
256	9650	1488	0.015000	33	62136	0.948120	0.949219	0.000168	1.818182
256	9650	1489	0.015000	1	64549	0.984940	0.984940	0.000000	0.000000
256	9650	1490	0.015000	1	64549	0.984940	0.984940	0.000000	0.000000
256	9650	1491	0.015000	45	61381	0.936600	0.938705	0.000366	2.440258
256	9650	1492	0.015000	1	64549	0.984940	0.984940	0.000000	0.000000
256	9650	1493	0.015000	1	64549	0.984940	0.984940	0.000000	0.000000
256	9650	1494	0.015000	1	64519	0.984482	0.984482	0.000000	0.000000
256	9650	1495	0.015000	1	64549	0.984940	0.984940	0.000000	0.000000
256	9650	1496	0.015000	1	64549	0.984940	0.984940	0.000000	0.000000
256	9650	1497	0.015000	1	64532	0.984680	0.984680	0.000000	0.000000
256	9650	1498	0.015000	1	64549	0.984940	0.984940	0.000000	0.000000
256	9650	1499	0.015000	42	61460	0.937805	0.940079	0.000336	2.660159
256	9650	1500	0.015000	7	63705	0.972061	0.972321	0.000092	1.178511
256	9650	1501	0.015000	1	64549	0.984940	0.984940	0.000000	0.000000
256	9650	1502	0.015000	1	64549	0.984940	0.984940	0.000000	0.000000
256	9650	1503	0.015000	31	62533	0.954178	0.955917	0.000259	1.898825
256	9650	1504	0.015000	1	64549	0.984940	0.984940	0.000000	0.000000
256	9650	1505	0.015000	1	64549	0.984940	0.984940	0.000000	0.000000
256	9650	1506	0.015000	1	64549	0.984940	0.984940	0.000000	0.000000
256	9650	1507	0.015000	1	64549	0.984940	0.984940	0.000000	0.000000
256	9650	1508	0.015000	1	64549	0.984940	0.984940	0.000000	0.000000
256	9650	1509	0.015000	1	64549	0.984940	0.984940	0.000000	0.000000
256	9650	1510	0.015000	1	64549	0.984940	0.984940	0.000000	0.000000
256	9650	1511	0.015000	1	64549	0.984940	0.984940	0.000000	0.000000
256	9650	1512	0.015000	1	64549	0.984940	0.984940	0.000000	0.000000
256	9650	1513	0.015000	1	64546	0.984894	0.984894	0.000000	0.000000
256	9650	1514	0.015000	1	64549	0.984940	0.984940	0.000000	0.000000
256	9650	1515	0.015000	1	64483	0.983932	0.983932	0.000000	0.000000
256	9650	1516	0.015000	1	64544	0.984863	0.984863	0.000000	0.000000
256	9650	1517	0.015000	1	64549	0.984940	0.984940	0.000000	0.000000
256	9650	1518	0.015000	1	64549	0.984940	0.984940	0.000000	0.000000
256	9650	1519	0.015000	42	61465	0.937881	0.939514	0.000305	2.331309
256	9650	1520	0.015000	1	64172	0.979187	0.979187	0.000000	0.000000
256	9650	1521	0.015000	1	64549	0.984940	0.984940	0.000000	0.000000
256	9650	1522	0.015000	1	64451	0.983444	0.983444	0.000000	0.000000
256	9650	1523	0.015000	1	64515	0.984421	0.984421	0.000000	0.000000
256	9650	1524	0.015000	1	64549	0.984940	0.984940	0.000000	0.000000
256	9650	1525	0.015000	1	64514	0.984406	0.984406	0.000000	0.000000
256	9650	1526	0.015000	1	64549	0.984940	0.984940	0.000000	0.000000
256	9650	1527	0.015000	224	50291	0.767380	0.781265	0.000961	6.215010
256	9650	1528	0.015000	14	63326	0.966278	0.966904	0.000168	1.515757
256	9650	1529	0.015000	1	64549	0.984940	0.984940	0.000000	0.000000
256	9650	1530	0.015000	18	63128	0.963257	0.964050	0.000137	1.196703
256	9650	1531	0.015000	1	64549	0.984940	0.984940	0.000000	0.000000
256	9650	1532	0.015000	1	64549	0.984940	0.984940	0.000000	0.000000
256	9650	1533	0.015000	1	64549	0.984940	0.984940	0.000000	0.000000
256	9650	1534	0.015000	1	64549	0.984940	0.984940	0.000000	0.000000
256	9650	1535	0.015000	1	64549	0.984940	0.984940	0.000000	0.000000
256	9650	1536	0.015000	21	62876	0.959412	0.960876	0.000763	3.719032
256	9650	1537	0.015000	1	64549	0.984940	0.984940	0.000000	0.000000
256	9650	1538	0.015000	1	64549	0.984940	0.984940	0.000000	0.000000
256	9650	1539	0.015000	22	63111	0.962997	0.964600	0.000381	2.604611
256	9650	1540	0.015000	1	64549	0.984940	0.984940	0.000000	0.000000
256	9650	1541	0.015000	1	64549	0.984940	0.984940	0.000000	0.000000
256	9650	1542	0.015000	1	64549	0.984940	0.984940	0.000000	0.000000
256	9650	1543	0.015000	27	62538	0.954254	0.955917	0.000412	2.442199
256	9650	1544	0.015000	1	64549	0.984940	0.984940	0.000000	0.000000
256	9650	1545	0.015000	1	64549	0.984940	0.984940	0.000000	0.000000
256	9650	1546	0.015000	1	64549	0.984940	0.984940	0.000000	0.000000
256	9650	1547	0.015000	1	64549	0.984940	0.984940	0.000000	0.000000
256	9650	1548	0.015000	1	64549	0.984940	0.984940	0.000000	0.000000
256	9650	1549	0.015000	1	64548	0.984924	0.984924	0.000000	0.000000
256	9650	1550	0.015000	4	63840	0.974121	0.974243	0.000092	1.213352
256	9650	1551	0.015000	1	64549	0.984940	0.984940	0.000000	0.000000
256	9650	1552	0.015000	4	63803	0.973557	0.973602	0.000015	0.000000
256	9650	1553	0.015000	1	64549	0.984940	0.984940	0.000000	0.000000
256	9650	1554	0.015000	3	64020	0.976868	0.976898	0.000015	0.000000
256	9650	1555	0.015000	28	62203	0.949142	0.951126	0.000305	2.481431
256	9650	1556	0.015000	1	64520	0.984497	0.984497	0.000000	0.000000
256	9650	1557	0.015000	1	64410	0.982819	0.982819	0.000000	0.000000
256	9650	1558	0.015000	1	64539	0.984787	0.984787	0.000000	0.000000
256	9650	1559	0.015000	1	64474	0.983795	0.983795	0.000000	0.000000
256	9650	1560	0.015000	1	64545	0.984879	0.984879	0.000000	0.000000
256	9650	1561	0.015000	1	64549	0.984940	0.984940	0.000000	0.000000
256	9650	1562	0.015000	1	64549	0.984940	0.984940	0.000000	0.000000
256	9650	1563	0.015000	2	64199	0.979599	0.979614	0.000015	0.000000
256	9650	1564	0.015000	1	64549	0.984940	0.984940	0.000000	0.000000
256	9650	1565	0.015000	28	62255	0.949936	0.951019	0.000214	1.829464
256	9650	1566	0.015000	1	64543	0.984848	0.984848	0.000000	0.000000
256	9650	1567	0.015000	1	64548	0.984924	0.984924	0.000000	0.000000
256	9650	1568	0.015000	1	64549	0.984940	0.984940	0.000000	0.000000
