256	9450	1001	0.015000	207	4280	0.065308	0.077957	0.065308	30.383952
256	9450	1002	0.015000	300	9310	0.142059	0.162048	0.142059	41.741589
256	9450	1003	0.015000	337	6946	0.105988	0.175018	0.105988	36.964253
256	9450	1004	0.015000	386	12947	0.197556	0.224182	0.197556	48.149472
256	9450	1005	0.015000	334	146	0.002228	0.025803	0.002228	7.206928
256	9450	1006	0.015000	270	1296	0.019775	0.038605	0.019775	17.715283
256	9450	1007	0.015000	174	1786	0.027252	0.041458	0.027252	20.784832
256	9450	1008	0.015000	190	341	0.005203	0.021164	0.005203	9.382406
256	9450	1009	0.015000	395	11241	0.171524	0.205307	0.171524	60.956407
256	9450	1010	0.015000	284	13086	0.199677	0.219513	0.199677	55.838025
256	9450	1011	0.015000	325	35787	0.546066	0.567307	0.001190	5.393643
256	9450	1012	0.015000	330	3463	0.052841	0.075607	0.052841	30.191224
256	9450	1013	0.015000	54	11	0.000168	0.002457	0.000168	1.408358
256	9450	1014	0.015000	335	19313	0.294693	0.315308	0.294693	62.450729
256	9450	1015	0.015000	452	9588	0.146301	0.177826	0.146301	47.278791
256	9450	1016	0.015000	374	13193	0.201309	0.235291	0.201309	49.686891
256	9450	1017	0.015000	229	66	0.001007	0.016373	0.001007	4.651022
256	9450	1018	0.015000	188	1323	0.020187	0.034302	0.020187	17.905265
256	9450	1019	0.015000	331	11343	0.173080	0.195511	0.173080	46.722200
256	9450	1020	0.015000	468	13690	0.208893	0.290375	0.208893	62.531888
256	9450	1021	0.015000	93	16	0.000244	0.004669	0.000244	2.113942
256	9450	1022	0.015000	332	24246	0.369965	0.392914	0.369965	75.033658
256	9450	1023	0.015000	221	4045	0.061722	0.075897	0.061722	29.737762
256	9450	1024	0.015000	295	17151	0.261703	0.281631	0.261703	59.237016
256	9450	1025	0.015000	416	14469	0.220779	0.380463	0.220779	52.094040
256	9450	1026	0.015000	238	12436	0.189758	0.207260	0.189758	50.679788
256	9450	1027	0.015000	247	24712	0.377075	0.395370	0.000748	3.711481
256	9450	1028	0.015000	250	1497	0.022842	0.039749	0.022842	22.223891
256	9450	1029	0.015000	206	5824	0.088867	0.105148	0.088867	33.680108
256	9450	1030	0.015000	271	3259	0.049728	0.089172	0.049728	27.368944
256	9450	1031	0.015000	334	15681	0.239273	0.261200	0.239273	59.501860
256	9450	1032	0.015000	359	25966	0.396210	0.417664	0.396210	75.735686
256	9450	1033	0.015000	184	11975	0.182724	0.195435	0.182724	46.492202
256	9450	1034	0.015000	266	424	0.006470	0.024017	0.006470	11.348083
256	9450	1035	0.015000	411	11041	0.168472	0.287766	0.168472	48.322365
256	9450	1036	0.015000	379	22098	0.337189	0.362305	0.337189	70.577292
256	9450	1037	0.015000	374	31859	0.486130	0.513641	0.000839	3.679831
256	9450	1038	0.015000	262	13385	0.204239	0.220245	0.204239	53.167934
256	9450	1039	0.015000	274	10022	0.152924	0.171158	0.152924	43.289773
256	9450	1040	0.015000	493	6886	0.105072	0.181519	0.105072	36.718193
256	9450	1041	0.015000	364	20021	0.305496	0.330536	0.305496	64.431551
256	9450	1042	0.015000	160	79	0.001205	0.014664	0.001205	5.429922
256	9450	1043	0.015000	468	16085	0.245438	0.300293	0.245438	59.579604
256	9450	1044	0.015000	211	9040	0.137939	0.152161	0.137939	42.379251
256	9450	1045	0.015000	152	37	0.000565	0.009918	0.000565	3.248419
256	9450	1046	0.015000	371	4839	0.073837	0.114868	0.073837	31.357013
256	9450	1047	0.015000	316	12333	0.188187	0.207153	0.188187	60.610722
256	9450	1048	0.015000	305	17839	0.272202	0.292847	0.272202	62.266414
256	9450	1049	0.015000	296	2537	0.038712	0.056732	0.038712	23.979233
256	9450	1050	0.015000	206	4828	0.073669	0.087936	0.073669	31.493811
256	9450	1051	0.015000	257	3208	0.048950	0.066071	0.048950	32.545351
256	9450	1052	0.015000	307	13283	0.202682	0.224518	0.202682	58.231832
256	9450	1053	0.015000	396	20576	0.313965	0.341812	0.313965	85.752217
256	9450	1054	0.015000	493	9884	0.150818	0.237946	0.150818	44.178276
256	9450	1055	0.015000	347	27190	0.414886	0.443619	0.001221	6.322467
256	9450	1056	0.015000	408	3864	0.058960	0.108322	0.058960	28.779743
256	9450	1057	0.015000	314	90	0.001373	0.022766	0.001373	6.011820
256	9450	1058	0.015000	198	7174	0.109467	0.124268	0.109467	38.258163
256	9450	1059	0.015000	181	1681	0.025650	0.038910	0.025650	20.778841
256	9450	1060	0.015000	117	50	0.000763	0.008514	0.000763	4.271019
256	9450	1061	0.015000	191	5277	0.080521	0.094574	0.080521	33.340476
256	9450	1062	0.015000	450	10092	0.153992	0.260605	0.153992	45.794056
256	9450	1063	0.015000	202	11651	0.177780	0.193832	0.177780	53.967436
256	9450	1064	0.015000	308	2100	0.032043	0.079391	0.032043	22.812283
256	9450	1065	0.015000	356	7525	0.114822	0.138748	0.114822	37.994958
256	9450	1066	0.015000	101	21	0.000320	0.005920	0.000320	2.417810
256	9450	1067	0.015000	390	9906	0.151154	0.176483	0.151154	48.308809
256	9450	1068	0.015000	381	7402	0.112946	0.215332	0.112946	38.523176
256	9450	1069	0.015000	262	14014	0.213837	0.233734	0.213837	52.935217
256	9450	1070	0.015000	394	7716	0.117737	0.151505	0.117737	37.724897
256	9450	1071	0.015000	25	13	0.000198	0.001221	0.000198	2.305127
256	9450	1072	0.015000	85	16	0.000244	0.004364	0.000244	2.089782
256	9450	1073	0.015000	395	18060	0.275574	0.304474	0.275574	60.167880
256	9450	1074	0.015000	432	15052	0.229675	0.324692	0.229675	57.384512
256	9450	1075	0.015000	315	25664	0.391602	0.415298	0.001541	6.198652
256	9450	1076	0.015000	152	3101	0.047318	0.056610	0.047318	26.440939
256	9450	1077	0.015000	259	15209	0.232071	0.251419	0.232071	59.081972
256	9450	1078	0.015000	86	19	0.000290	0.004791	0.000290	1.981913
256	9450	1079	0.015000	270	13062	0.199310	0.220673	0.199310	50.297338
256	9450	1080	0.015000	333	29908	0.456360	0.477371	0.001160	4.677183
256	9450	1081	0.015000	436	19241	0.293594	0.321594	0.293594	64.265659
256	9450	1082	0.015000	361	21352	0.325806	0.348450	0.325806	70.536401
256	9450	1083	0.015000	348	31341	0.478226	0.501282	0.000839	3.978870
256	9450	1084	0.015000	222	8472	0.129272	0.144012	0.129272	40.519627
256	9450	1085	0.015000	398	2616	0.039917	0.069153	0.039917	24.413685
256	9450	1086	0.015000	418	15611	0.238205	0.265472	0.238205	57.728508
256	9450	1087	0.015000	375	11123	0.169724	0.221268	0.169724	45.560759
256	9450	1088	0.015000	374	10288	0.156982	0.182541	0.156982	63.438102
256	9450	1089	0.015000	258	13552	0.206787	0.225204	0.206787	58.636268
256	9450	1090	0.015000	270	9931	0.151535	0.170990	0.151535	47.079727
256	9450	1091	0.015000	259	6668	0.101746	0.120804	0.101746	38.654223
256	9450	1092	0.015000	366	11421	0.174271	0.201599	0.174271	46.717328
256	9450	1093	0.015000	250	22772	0.347473	0.362564	0.000519	3.148021
256	9450	1094	0.015000	175	23	0.000351	0.008942	0.000351	2.320289
256	9450	1095	0.015000	474	9699	0.147995	0.239044	0.147995	50.544264
256	9450	1096	0.015000	221	59	0.000900	0.017853	0.000900	3.924361
256	9450	1097	0.015000	258	223	0.003403	0.025009	0.003403	8.382918
256	9450	1098	0.015000	338	8438	0.128754	0.180832	0.128754	40.940815
256	9450	1099	0.015000	469	8618	0.131500	0.267670	0.131500	43.574859
256	9450	1100	0.015000	356	19432	0.296509	0.321899	0.001373	5.355786
256	9450	1101	0.015000	333	5020	0.076599	0.149170	0.076599	31.286824
256	9450	1102	0.015000	330	4569	0.069717	0.128723	0.069717	30.475096
256	9450	1103	0.015000	345	8260	0.126038	0.236496	0.126038	41.237033
256	9450	1104	0.015000	283	9699	0.147995	0.166672	0.147995	46.716076
256	9450	1105	0.015000	378	15884	0.242371	0.266998	0.000870	4.802918
256	9450	1106	0.015000	205	5087	0.077621	0.090881	0.077621	32.900670
256	9450	1107	0.015000	171	3153	0.048111	0.061081	0.048111	25.950274
256	9450	1108	0.015000	244	4559	0.069565	0.085129	0.069565	31.506956
256	9450	1109	0.015000	318	30599	0.466904	0.488617	0.466904	76.014033
256	9450	1110	0.015000	281	8303	0.126694	0.145309	0.126694	40.007752
256	9450	1111	0.015000	315	10186	0.155426	0.210220	0.155426	43.985003
256	9450	1112	0.015000	299	24636	0.375916	0.397736	0.375916	66.339535
256	9450	1113	0.015000	13	10	0.000153	0.000671	0.000153	1.910497
256	9450	1114	0.015000	236	192	0.002930	0.020020	0.002930	7.971653
256	9450	1115	0.015000	335	4131	0.063034	0.135208	0.063034	29.329776
256	9450	1116	0.015000	297	21057	0.321304	0.341797	0.321304	71.075842
256	9450	1117	0.015000	196	71	0.001083	0.015305	0.001083	5.156238
256	9450	1118	0.015000	364	21763	0.332077	0.361069	0.001755	6.945742
256	9450	1119	0.015000	175	21	0.000320	0.009583	0.000320	2.993568
256	9450	1120	0.015000	40	17	0.000259	0.002563	0.000259	2.034308
256	9450	1121	0.015000	292	550	0.008392	0.029083	0.008392	12.624203
256	9450	1122	0.015000	173	1897	0.028946	0.044220	0.028946	21.531468
256	9450	1123	0.015000	409	8358	0.127533	0.247711	0.127533	42.914819
256	9450	1124	0.015000	274	28947	0.441696	0.460739	0.000977	4.422814
256	9450	1125	0.015000	208	2026	0.030914	0.045486	0.030914	21.790595
256	9450	1126	0.015000	326	4587	0.069992	0.093399	0.069992	33.166655
256	9450	1127	0.015000	514	19478	0.297211	0.390610	0.297211	64.706800
256	9450	1128	0.015000	373	13540	0.206604	0.244171	0.206604	49.997539
256	9450	1129	0.015000	382	8361	0.127579	0.174377	0.127579	45.646056
256	9450	1130	0.015000	178	6003	0.091599	0.104645	0.091599	34.083629
256	9450	1131	0.015000	413	10475	0.159836	0.276627	0.159836	46.278442
256	9450	1132	0.015000	330	1865	0.028458	0.052292	0.028458	20.313319
256	9450	1133	0.015000	286	22970	0.350494	0.367767	0.350494	68.986403
256	9450	1134	0.015000	293	14801	0.225845	0.244003	0.225845	53.560020
256	9450	1135	0.015000	355	2405	0.036697	0.063644	0.036697	23.054178
256	9450	1136	0.015000	456	12714	0.194000	0.328201	0.194000	59.388280
256	9450	1137	0.015000	283	11997	0.183060	0.202255	0.183060	46.537992
256	9450	1138	0.015000	38	11	0.000168	0.001923	0.000168	2.112536
256	9450	1139	0.015000	349	4763	0.072678	0.100754	0.072678	31.336727
256	9450	1140	0.015000	191	49	0.000748	0.013168	0.000748	5.538927
256	9450	1141	0.015000	229	3986	0.060822	0.074982	0.060822	28.988031
256	9450	1142	0.015000	281	36636	0.559021	0.579010	0.000549	3.244059
256	9450	1143	0.015000	236	8308	0.126770	0.143906	0.126770	40.293076
256	9450	1144	0.015000	313	3349	0.051102	0.078186	0.051102	29.552166
256	9450	1145	0.015000	610	8154	0.124420	0.278564	0.124420	40.957952
256	9450	1146	0.015000	334	8567	0.130722	0.151108	0.130722	39.995352
256	9450	1147	0.015000	108	18	0.000275	0.005951	0.000275	2.320733
256	9450	1148	0.015000	29	7	0.000107	0.001236	0.000107	1.293626
256	9450	1149	0.015000	87	31	0.000473	0.005554	0.000473	2.528094
256	9450	1150	0.015000	192	1579	0.024094	0.038940	0.024094	21.540692
256	9450	1151	0.015000	360	2605	0.039749	0.067276	0.039749	24.077975
256	9450	1152	0.015000	429	9224	0.140747	0.216766	0.140747	43.042011
256	9450	1153	0.015000	180	27	0.000412	0.009171	0.000412	2.898370
256	9450	1154	0.015000	162	3614	0.055145	0.068756	0.055145	27.150431
256	9450	1155	0.015000	483	16599	0.253281	0.327545	0.253281	63.419956
256	9450	1156	0.015000	417	9247	0.141098	0.171585	0.141098	48.012781
256	9450	1157	0.015000	310	36308	0.554016	0.577316	0.554016	82.458941
256	9450	1158	0.015000	216	7990	0.121918	0.137207	0.121918	38.699357
256	9450	1159	0.015000	351	28812	0.439636	0.463791	0.439636	72.478371
256	9450	1160	0.015000	195	2513	0.038345	0.051224	0.038345	24.187363
256	9450	1161	0.015000	335	1413	0.021561	0.056793	0.021561	18.686811
256	9450	1162	0.015000	360	6613	0.100906	0.175339	0.100906	35.376528
256	9450	1163	0.015000	406	15872	0.242188	0.269302	0.242188	70.135396
256	9450	1164	0.015000	181	4002	0.061066	0.073944	0.061066	29.045179
256	9450	1165	0.015000	291	32929	0.502457	0.520187	0.000504	3.455874
256	9450	1166	0.015000	502	12632	0.192749	0.297455	0.192749	49.639933
256	9450	1167	0.015000	424	8130	0.124054	0.160339	0.124054	59.295547
256	9450	1168	0.015000	486	29725	0.453568	0.487381	0.000839	4.378611
256	9450	1169	0.015000	63	22	0.000336	0.003113	0.000336	3.060344
256	9450	1170	0.015000	351	3615	0.055161	0.108734	0.055161	27.827919
256	9450	1171	0.015000	83	13	0.000198	0.004471	0.000198	1.631785
256	9450	1172	0.015000	191	7861	0.119949	0.132050	0.119949	40.337120
256	9450	1173	0.015000	69	52	0.000793	0.004440	0.000793	4.804460
256	9450	1174	0.015000	313	17273	0.263565	0.287003	0.263565	60.813861
256	9450	1175	0.015000	211	3404	0.051941	0.065094	0.051941	27.015509
256	9450	1176	0.015000	152	3466	0.052887	0.067062	0.052887	26.383994
256	9450	1177	0.015000	339	1891	0.028854	0.082397	0.028854	22.395801
256	9450	1178	0.015000	289	16294	0.248627	0.272827	0.248627	58.998426
256	9450	1179	0.015000	272	12570	0.191803	0.209000	0.191803	48.800778
256	9450	1180	0.015000	282	6765	0.103226	0.121262	0.103226	35.922615
256	9450	1181	0.015000	273	13626	0.207916	0.224808	0.207916	57.320599
256	9450	1182	0.015000	407	15726	0.239960	0.268555	0.239960	70.633832
256	9450	1183	0.015000	379	10676	0.162903	0.195923	0.162903	44.260288
256	9450	1184	0.015000	110	13	0.000198	0.005005	0.000198	1.810554
256	9450	1185	0.015000	379	10207	0.155746	0.217133	0.155746	43.693350
256	9450	1186	0.015000	158	36	0.000549	0.008667	0.000549	3.722533
256	9450	1187	0.015000	243	10472	0.159790	0.175842	0.159790	45.577428
256	9450	1188	0.015000	321	4327	0.066025	0.087387	0.066025	29.445805
256	9450	1189	0.015000	438	11365	0.173416	0.282516	0.173416	49.248096
256	9450	1190	0.015000	43	7	0.000107	0.001892	0.000107	1.087968
256	9450	1191	0.015000	375	35315	0.538864	0.565445	0.000717	4.011648
256	9450	1192	0.015000	411	8815	0.134506	0.164307	0.134506	41.587044
256	9450	1193	0.015000	50	22	0.000336	0.003342	0.000336	2.623794
256	9450	1194	0.015000	218	798	0.012177	0.028442	0.012177	18.210817
256	9450	1195	0.015000	430	18933	0.288895	0.322723	0.288895	64.351929
256	9450	1196	0.015000	249	25717	0.392410	0.409958	0.000916	4.635072
256	9450	1197	0.015000	348	13820	0.210876	0.235931	0.210876	71.248155
256	9450	1198	0.015000	153	1219	0.018600	0.029907	0.018600	17.819574
256	9450	1199	0.015000	291	7977	0.121719	0.141708	0.121719	40.444190
256	9450	1200	0.015000	269	13791	0.210434	0.228439	0.210434	56.435313
256	9450	1201	0.015000	170	33	0.000504	0.010452	0.000504	3.669295
256	9450	1202	0.015000	140	27	0.000412	0.008041	0.000412	2.664608
256	9450	1203	0.015000	378	1194	0.018219	0.051239	0.018219	20.703433
256	9450	1204	0.015000	395	9759	0.148911	0.178284	0.148911	48.463874
256	9450	1205	0.015000	382	9170	0.139923	0.166153	0.139923	41.936891
256	9450	1206	0.015000	230	9623	0.146835	0.161072	0.146835	43.115155
256	9450	1207	0.015000	78	17	0.000259	0.004089	0.000259	2.380718
256	9450	1208	0.015000	383	30436	0.464417	0.492004	0.001602	6.041279
256	9450	1209	0.015000	139	21	0.000320	0.007706	0.000320	2.559939
256	9450	1210	0.015000	256	10626	0.162140	0.180161	0.162140	47.675150
256	9450	1211	0.015000	337	19476	0.297180	0.320999	0.297180	66.749483
256	9450	1212	0.015000	266	35303	0.538681	0.556671	0.001083	4.587313
256	9450	1213	0.015000	409	10214	0.155853	0.204590	0.155853	45.940210
256	9450	1214	0.015000	348	33354	0.508942	0.529968	0.000458	3.116266
256	9450	1215	0.015000	222	5177	0.078995	0.093460	0.078995	32.545321
256	9450	1216	0.015000	371	12950	0.197601	0.223328	0.197601	48.598281
256	9450	1217	0.015000	290	20218	0.308502	0.328690	0.308502	64.003232
256	9450	1218	0.015000	366	61	0.000931	0.023071	0.000931	5.418523
256	9450	1219	0.015000	366	25285	0.385818	0.410202	0.001648	5.667015
256	9450	1220	0.015000	319	14038	0.214203	0.241608	0.214203	62.195172
256	9450	1221	0.015000	287	19991	0.305038	0.326920	0.305038	61.675862
256	9450	1222	0.015000	544	6849	0.104507	0.218765	0.104507	36.256835
256	9450	1223	0.015000	161	397	0.006058	0.019989	0.006058	10.772351
256	9450	1224	0.015000	201	7094	0.108246	0.121353	0.108246	37.106686
256	9450	1225	0.015000	268	8758	0.133636	0.150925	0.133636	41.629715
256	9450	1226	0.015000	220	224	0.003418	0.019165	0.003418	9.212326
256	9450	1227	0.015000	282	15690	0.239410	0.258636	0.239410	53.317281
256	9450	1228	0.015000	394	14100	0.215149	0.242035	0.215149	56.879305
256	9450	1229	0.015000	51	20	0.000305	0.002548	0.000305	2.436699
256	9450	1230	0.015000	248	2689	0.041031	0.056137	0.041031	24.589153
256	9450	1231	0.015000	168	1938	0.029572	0.041458	0.029572	21.689212
256	9450	1232	0.015000	401	16558	0.252655	0.282120	0.252655	71.421779
256	9450	1233	0.015000	173	68	0.001038	0.012756	0.001038	4.993053
256	9450	1234	0.015000	303	16567	0.252792	0.270996	0.252792	66.536279
256	9450	1235	0.015000	197	9847	0.150253	0.164642	0.150253	42.578841
256	9450	1236	0.015000	333	1438	0.021942	0.043152	0.021942	20.087163
256	9450	1237	0.015000	493	8311	0.126816	0.202301	0.126816	39.610343
256	9450	1238	0.015000	280	24	0.000366	0.017807	0.000366	2.943625
256	9450	1239	0.015000	228	2047	0.031235	0.046494	0.031235	22.843202
256	9450	1240	0.015000	32	25	0.000381	0.001724	0.000381	2.774167
256	9450	1241	0.015000	419	8973	0.136917	0.199112	0.136917	42.409455
256	9450	1242	0.015000	172	53	0.000809	0.010635	0.000809	5.113242
256	9450	1243	0.015000	215	995	0.015182	0.029419	0.015182	15.149508
256	9450	1244	0.015000	349	7404	0.112976	0.166000	0.112976	37.799797
256	9450	1245	0.015000	44	13	0.000198	0.002029	0.000198	1.770902
256	9450	1246	0.015000	291	17274	0.263580	0.284698	0.263580	62.925937
256	9450	1247	0.015000	362	12384	0.188965	0.214920	0.188965	47.490177
256	9450	1248	0.015000	435	5792	0.088379	0.154526	0.088379	34.927698
256	9450	1249	0.015000	330	2246	0.034271	0.090225	0.034271	23.621135
256	9450	1250	0.015000	437	9159	0.139755	0.182709	0.139755	47.273379
256	9450	1251	0.015000	546	3960	0.060425	0.149841	0.060425	41.129502
256	9450	1252	0.015000	52	27	0.000412	0.003601	0.000412	2.743242
256	9450	1253	0.015000	388	21273	0.324600	0.347992	0.324600	74.932357
256	9450	1254	0.015000	312	18416	0.281006	0.301605	0.281006	64.679907
256	9450	1255	0.015000	268	14939	0.227951	0.247116	0.227951	60.571446
256	9450	1256	0.015000	416	22150	0.337982	0.362946	0.337982	65.911317
256	9450	1257	0.015000	220	6116	0.093323	0.106262	0.093323	34.497066
256	9450	1258	0.015000	339	26132	0.398743	0.421524	0.000809	4.051555
256	9450	1259	0.015000	290	3465	0.052872	0.072174	0.052872	29.256309
256	9450	1260	0.015000	403	32385	0.494156	0.518661	0.000748	3.570670
256	9450	1261	0.015000	99	17	0.000259	0.005844	0.000259	2.150078
256	9450	1262	0.015000	194	3605	0.055008	0.069305	0.055008	27.772552
256	9450	1263	0.015000	377	19696	0.300537	0.328003	0.300537	87.355866
256	9450	1264	0.015000	446	3008	0.045898	0.119812	0.045898	26.159782
256	9450	1265	0.015000	325	19701	0.300613	0.322098	0.300613	60.942796
256	9450	1266	0.015000	297	5723	0.087326	0.108765	0.087326	43.094134
256	9450	1267	0.015000	390	6412	0.097839	0.140137	0.097839	38.494850
256	9450	1268	0.015000	164	4320	0.065918	0.078491	0.065918	29.795433
256	9450	1269	0.015000	186	3399	0.051865	0.064606	0.051865	26.551945
256	9450	1270	0.015000	332	1496	0.022827	0.065109	0.022827	20.430884
256	9450	1271	0.015000	665	9317	0.142166	0.224457	0.142166	43.062448
256	9450	1272	0.015000	155	41	0.000626	0.010895	0.000626	3.808316
256	9450	1273	0.015000	280	14470	0.220795	0.238190	0.220795	57.607924
256	9450	1274	0.015000	294	6177	0.094254	0.112411	0.094254	35.735101
256	9450	1275	0.015000	209	5053	0.077103	0.089813	0.077103	32.320313
256	9450	1276	0.015000	187	845	0.012894	0.026642	0.012894	15.766206
256	9450	1277	0.015000	135	26	0.000397	0.009415	0.000397	2.387715
256	9450	1278	0.015000	67	29	0.000443	0.003799	0.000443	3.097696
256	9450	1279	0.015000	408	7736	0.118042	0.240860	0.118042	38.430192
256	9450	1280	0.015000	368	12424	0.189575	0.239792	0.189575	49.157897
256	9450	1281	0.015000	28	8	0.000122	0.001175	0.000122	1.610512
256	9450	1282	0.015000	213	9765	0.149002	0.165115	0.149002	47.434729
256	9450	1283	0.015000	132	148	0.002258	0.011917	0.002258	7.403346
256	9450	1284	0.015000	360	25457	0.388443	0.413147	0.000916	3.852669
256	9450	1285	0.015000	203	3159	0.048203	0.062164	0.048203	26.311617
256	9450	1286	0.015000	321	12288	0.187500	0.210464	0.187500	57.644643
256	9450	1287	0.015000	459	17702	0.270111	0.320496	0.270111	65.994807
256	9450	1288	0.015000	354	5140	0.078430	0.110336	0.078430	32.587901
256	9450	1289	0.015000	321	3047	0.046494	0.082489	0.046494	26.728056
256	9450	1290	0.015000	110	20	0.000305	0.006485	0.000305	2.789265
256	9450	1291	0.015000	416	5162	0.078766	0.133835	0.078766	34.504129
256	9450	1292	0.015000	317	1350	0.020599	0.051849	0.020599	18.869466
256	9450	1293	0.015000	359	9876	0.150696	0.217743	0.150696	42.637498
256	9450	1294	0.015000	423	14237	0.217239	0.295547	0.217239	56.613361
256	9450	1295	0.015000	331	21997	0.335648	0.359985	0.000900	4.194633
256	9450	1296	0.015000	313	6063	0.092514	0.141541	0.092514	34.254256
256	9450	1297	0.015000	209	100	0.001526	0.018768	0.001526	7.268934
256	9450	1298	0.015000	288	17832	0.272095	0.293289	0.001221	5.159866
256	9450	1299	0.015000	368	29563	0.451096	0.476288	0.000854	4.358277
256	9450	1300	0.015000	332	6297	0.096085	0.137634	0.096085	35.508893
256	9450	1301	0.015000	403	12598	0.192230	0.318817	0.192230	48.666292
256	9450	1302	0.015000	316	21236	0.324036	0.343689	0.324036	70.928366
256	9450	1303	0.015000	145	20	0.000305	0.007980	0.000305	2.077258
256	9450	1304	0.015000	71	22	0.000336	0.003296	0.000336	2.527534
256	9450	1305	0.015000	254	8715	0.132980	0.151154	0.132980	46.506563
256	9450	1306	0.015000	170	50	0.000763	0.013062	0.000763	4.595389
256	9450	1307	0.015000	129	112	0.001709	0.014725	0.001709	8.398113
256	9450	1308	0.015000	443	10186	0.155426	0.321014	0.155426	44.229619
256	9450	1309	0.015000	62	25	0.000381	0.003067	0.000381	2.601538
256	9450	1310	0.015000	258	11593	0.176895	0.195938	0.176895	54.281064
256	9450	1311	0.015000	307	17933	0.273636	0.294205	0.273636	66.965771
256	9450	1312	0.015000	236	3967	0.060532	0.078140	0.060532	28.922580
256	9450	1313	0.015000	234	5708	0.087097	0.105164	0.087097	34.410469
256	9450	1314	0.015000	574	7837	0.119583	0.222580	0.119583	42.147689
256	9450	1315	0.015000	192	5580	0.085144	0.097076	0.085144	32.753542
256	9450	1316	0.015000	243	1580	0.024109	0.042160	0.024109	19.285250
256	9450	1317	0.015000	67	13	0.000198	0.003311	0.000198	1.921538
256	9450	1318	0.015000	353	4864	0.074219	0.129654	0.074219	32.364722
256	9450	1319	0.015000	230	7175	0.109482	0.125580	0.109482	41.162081
256	9450	1320	0.015000	274	1274	0.019440	0.047180	0.019440	17.956634
256	9450	1321	0.015000	337	245	0.003738	0.034424	0.003738	9.406181
256	9450	1322	0.015000	227	6001	0.091568	0.106003	0.091568	34.405968
256	9450	1323	0.015000	294	7031	0.107285	0.130310	0.107285	37.370942
256	9450	1324	0.015000	299	7604	0.116028	0.138809	0.116028	38.087354
256	9450	1325	0.015000	367	3803	0.058029	0.082916	0.058029	27.976859
256	9450	1326	0.015000	551	3803	0.058029	0.192764	0.058029	28.470657
256	9450	1327	0.015000	177	5846	0.089203	0.101517	0.089203	33.925392
256	9450	1328	0.015000	196	7684	0.117249	0.131668	0.117249	38.448225
256	9450	1329	0.015000	320	11068	0.168884	0.192032	0.168884	46.129737
256	9450	1330	0.015000	292	522	0.007965	0.027954	0.007965	12.557583
256	9450	1331	0.015000	342	25629	0.391068	0.414413	0.391068	73.000367
256	9450	1332	0.015000	111	28	0.000427	0.006561	0.000427	2.694950
256	9450	1333	0.015000	332	3491	0.053268	0.088974	0.053268	28.764156
256	9450	1334	0.015000	277	12673	0.193375	0.211441	0.193375	48.964116
256	9450	1335	0.015000	155	38	0.000580	0.009567	0.000580	4.094453
256	9450	1336	0.015000	179	141	0.002151	0.019653	0.002151	9.518037
256	9450	1337	0.015000	504	11811	0.180222	0.295303	0.180222	57.195972
256	9450	1338	0.015000	419	9793	0.149429	0.260193	0.149429	46.759481
256	9450	1339	0.015000	194	32	0.000488	0.012344	0.000488	2.870581
256	9450	1340	0.015000	270	13135	0.200424	0.216629	0.200424	51.242702
256	9450	1341	0.015000	260	17582	0.268280	0.289215	0.268280	58.198262
256	9450	1342	0.015000	213	8107	0.123703	0.137955	0.123703	38.874018
256	9450	1343	0.015000	304	8840	0.134888	0.155579	0.134888	40.938813
256	9450	1344	0.015000	232	17775	0.271225	0.289505	0.271225	56.431366
256	9450	1345	0.015000	376	9031	0.137802	0.176620	0.137802	40.743018
256	9450	1346	0.015000	45	21	0.000320	0.002625	0.000320	2.388559
256	9450	1347	0.015000	280	20375	0.310898	0.329681	0.310898	65.321027
256	9450	1348	0.015000	505	20851	0.318161	0.349609	0.000870	3.948577
256	9450	1349	0.015000	147	41	0.000626	0.010788	0.000626	3.627511
256	9450	1350	0.015000	147	344	0.005249	0.020386	0.005249	11.351653
256	9450	1351	0.015000	292	12853	0.196121	0.216934	0.196121	56.775486
256	9450	1352	0.015000	449	9865	0.150528	0.194595	0.150528	53.972335
256	9450	1353	0.015000	191	3062	0.046722	0.062119	0.046722	26.619783
256	9450	1354	0.015000	216	7590	0.115814	0.130234	0.115814	37.604975
256	9450	1355	0.015000	317	11176	0.170532	0.194061	0.170532	48.072770
256	9450	1356	0.015000	196	3147	0.048019	0.062180	0.048019	25.678282
256	9450	1357	0.015000	204	343	0.005234	0.023407	0.005234	10.360457
256	9450	1358	0.015000	277	5149	0.078568	0.097809	0.078568	32.387467
256	9450	1359	0.015000	206	71	0.001083	0.014145	0.001083	5.121178
256	9450	1360	0.015000	306	27199	0.415024	0.438080	0.000931	4.684625
256	9450	1361	0.015000	330	5742	0.087616	0.119431	0.087616	33.307430
256	9450	1362	0.015000	199	226	0.003448	0.020554	0.003448	9.908961
256	9450	1363	0.015000	143	222	0.003387	0.012833	0.003387	9.593374
256	9450	1364	0.015000	27	11	0.000168	0.001587	0.000168	2.147457
256	9450	1365	0.015000	72	15	0.000229	0.003906	0.000229	1.970899
256	9450	1366	0.015000	488	10547	0.160934	0.267487	0.160934	46.663582
256	9450	1367	0.015000	251	11793	0.179947	0.195770	0.179947	47.130158
256	9450	1368	0.015000	204	2960	0.045166	0.060104	0.045166	25.834833
256	9450	1369	0.015000	163	23	0.000351	0.010696	0.000351	2.473298
256	9450	1370	0.015000	252	6643	0.101364	0.119598	0.101364	35.455877
256	9450	1371	0.015000	269	2322	0.035431	0.051239	0.035431	23.324273
256	9450	1372	0.015000	207	3656	0.055786	0.069199	0.055786	27.672974
256	9450	1373	0.015000	178	4059	0.061935	0.076096	0.061935	30.553798
256	9450	1374	0.015000	390	25500	0.389099	0.416855	0.000656	3.860560
256	9450	1375	0.015000	274	14025	0.214005	0.235291	0.214005	53.016647
256	9450	1376	0.015000	224	2874	0.043854	0.057373	0.043854	24.995222
256	9450	1377	0.015000	311	11477	0.175125	0.199219	0.175125	53.288275
256	9450	1378	0.015000	242	10131	0.154587	0.172089	0.154587	43.131464
256	9450	1379	0.015000	164	3992	0.060913	0.073486	0.060913	28.619149
256	9450	1380	0.015000	41	13	0.000198	0.002197	0.000198	1.933816
256	9450	1381	0.015000	367	3829	0.058426	0.115768	0.058426	28.457065
256	9450	1382	0.015000	116	16	0.000244	0.006516	0.000244	2.406859
256	9450	1383	0.015000	403	2443	0.037277	0.063065	0.037277	24.844828
256	9450	1384	0.015000	328	23967	0.365707	0.387604	0.365707	72.856781
256	9450	1385	0.015000	179	5157	0.078690	0.095078	0.078690	32.460514
256	9450	1386	0.015000	281	4043	0.061691	0.079971	0.061691	28.701186
256	9450	1387	0.015000	169	401	0.006119	0.018311	0.006119	12.782210
256	9450	1388	0.015000	347	7451	0.113693	0.155136	0.113693	39.529567
256	9450	1389	0.015000	353	18023	0.275009	0.300003	0.275009	79.859438
256	9450	1390	0.015000	204	4304	0.065674	0.082260	0.065674	32.019383
256	9450	1391	0.015000	37	9	0.000137	0.001556	0.000137	1.839216
256	9450	1392	0.015000	356	24316	0.371033	0.396927	0.001114	4.123811
256	9450	1393	0.015000	313	6477	0.098831	0.137024	0.098831	35.665531
256	9450	1394	0.015000	452	13024	0.198730	0.228455	0.198730	54.898283
256	9450	1395	0.015000	206	5413	0.082596	0.097183	0.082596	32.934065
256	9450	1396	0.015000	236	12206	0.186249	0.200668	0.186249	50.135303
256	9450	1397	0.015000	414	15197	0.231888	0.261337	0.231888	61.263820
256	9450	1398	0.015000	233	2298	0.035065	0.048264	0.035065	22.588753
256	9450	1399	0.015000	313	13662	0.208466	0.230133	0.208466	50.386707
256	9450	1400	0.015000	372	32855	0.501328	0.527710	0.001740	6.220504
256	9450	1401	0.015000	229	2580	0.039368	0.053818	0.039368	24.498840
256	9450	1402	0.015000	361	4105	0.062637	0.113098	0.062637	29.060399
256	9450	1403	0.015000	364	27183	0.414780	0.440002	0.001038	4.419748
256	9450	1404	0.015000	653	13112	0.200073	0.260529	0.200073	51.952849
256	9450	1405	0.015000	192	2613	0.039871	0.052643	0.039871	24.093766
256	9450	1406	0.015000	67	16	0.000244	0.002853	0.000244	2.177656
256	9450	1407	0.015000	214	11762	0.179474	0.195755	0.179474	52.394578
256	9450	1408	0.015000	392	17872	0.272705	0.303741	0.272705	55.929131
256	9450	1409	0.015000	198	4809	0.073380	0.085587	0.073380	31.465749
256	9450	1410	0.015000	314	20831	0.317856	0.341171	0.317856	63.627437
256	9450	1411	0.015000	125	30	0.000458	0.006470	0.000458	2.778689
256	9450	1412	0.015000	225	9604	0.146545	0.161865	0.146545	42.416978
256	9450	1413	0.015000	241	12851	0.196091	0.215439	0.196091	50.568648
256	9450	1414	0.015000	178	1601	0.024429	0.038040	0.024429	19.791011
256	9450	1415	0.015000	244	3490	0.053253	0.069382	0.053253	27.440271
256	9450	1416	0.015000	368	17062	0.260345	0.286514	0.000748	3.714846
256	9450	1417	0.015000	338	17576	0.268188	0.291870	0.268188	59.195449
256	9450	1418	0.015000	428	19825	0.302505	0.354507	0.020920	19.059370
256	9450	1419	0.015000	72	24	0.000366	0.004578	0.000366	2.640168
256	9450	1420	0.015000	390	26263	0.400742	0.427078	0.000687	3.443512
256	9450	1421	0.015000	221	13274	0.202545	0.215897	0.202545	50.489549
256	9450	1422	0.015000	416	9522	0.145294	0.274475	0.145294	43.381059
256	9450	1423	0.015000	223	10306	0.157257	0.173065	0.157257	43.757649
256	9450	1424	0.015000	280	11939	0.182175	0.202393	0.182175	47.534505
256	9450	1425	0.015000	340	4496	0.068604	0.121735	0.068604	30.444032
256	9450	1426	0.015000	311	3229	0.049271	0.099472	0.049271	27.577174
256	9450	1427	0.015000	512	5198	0.079315	0.134995	0.079315	32.300861
256	9450	1428	0.015000	263	4064	0.062012	0.082245	0.062012	29.443742
256	9450	1429	0.015000	62	12	0.000183	0.002762	0.000183	1.821934
256	9450	1430	0.015000	292	7686	0.117279	0.139404	0.117279	38.041437
256	9450	1431	0.015000	162	1124	0.017151	0.029419	0.017151	16.972712
256	9450	1432	0.015000	322	5429	0.082840	0.112137	0.082840	35.203066
256	9450	1433	0.015000	250	4998	0.076263	0.095047	0.076263	38.793613
256	9450	1434	0.015000	241	8771	0.133835	0.149109	0.133835	45.096897
256	9450	1435	0.015000	331	17824	0.271973	0.297287	0.271973	58.314861
256	9450	1436	0.015000	310	1854	0.028290	0.078186	0.028290	21.602528
256	9450	1437	0.015000	150	2774	0.042328	0.051620	0.042328	25.003048
256	9450	1438	0.015000	51	8	0.000122	0.002289	0.000122	1.452369
256	9450	1439	0.015000	310	13429	0.204910	0.227661	0.204910	56.464473
256	9450	1440	0.015000	447	14720	0.224609	0.263580	0.224609	65.467044
256	9450	1441	0.015000	15	10	0.000153	0.000870	0.000153	2.174856
256	9450	1442	0.015000	270	176	0.002686	0.023117	0.002686	8.942359
256	9450	1443	0.015000	309	4251	0.064865	0.125580	0.064865	30.116851
256	9450	1444	0.015000	72	15	0.000229	0.003235	0.000229	2.039608
256	9450	1445	0.015000	383	17937	0.273697	0.387512	0.273697	57.718418
256	9450	1446	0.015000	351	7790	0.118866	0.207642	0.118866	38.308370
256	9450	1447	0.015000	265	7577	0.115616	0.135132	0.115616	39.459224
256	9450	1448	0.015000	192	5369	0.081924	0.096558	0.081924	33.031693
256	9450	1449	0.015000	202	12248	0.186890	0.200653	0.186890	47.372089
256	9450	1450	0.015000	416	16072	0.245239	0.272446	0.245239	78.479297
256	9450	1451	0.015000	68	18	0.000275	0.003601	0.000275	2.040485
256	9450	1452	0.015000	370	25889	0.395035	0.422012	0.000839	3.556579
256	9450	1453	0.015000	224	4478	0.068329	0.082672	0.068329	33.716978
256	9450	1454	0.015000	367	5108	0.077942	0.148743	0.077942	32.901581
256	9450	1455	0.015000	278	6489	0.099014	0.119858	0.099014	48.070178
256	9450	1456	0.015000	193	1698	0.025909	0.039825	0.025909	20.631488
256	9450	1457	0.015000	391	11872	0.181152	0.208984	0.181152	50.755562
256	9450	1458	0.015000	207	5838	0.089081	0.106369	0.089081	34.169623
256	9450	1459	0.015000	451	3145	0.047989	0.131393	0.047989	26.966356
256	9450	1460	0.015000	337	6867	0.104782	0.173721	0.104782	35.810012
