256	9350	1001	0.015000	10	6	0.000092	0.000412	0.000092	1.213352
256	9350	1002	0.015000	23	14	0.000214	0.001450	0.000214	1.751093
256	9350	1003	0.015000	20	11	0.000168	0.000824	0.000168	1.715269
256	9350	1004	0.015000	225	3098	0.047272	0.059814	0.047272	26.100496
256	9350	1005	0.015000	5	6	0.000092	0.000214	0.000092	1.166667
256	9350	1006	0.015000	20	6	0.000092	0.000717	0.000092	1.343710
256	9350	1007	0.015000	9	9	0.000137	0.000397	0.000137	1.571348
256	9350	1008	0.015000	149	1882	0.028717	0.042023	0.028717	21.432022
256	9350	1009	0.015000	154	1198	0.018280	0.028748	0.018280	17.918734
256	9350	1010	0.015000	1	10	0.000153	0.000153	0.000153	1.615549
256	9350	1011	0.015000	15	5	0.000076	0.000549	0.000076	1.095445
256	9350	1012	0.015000	341	9161	0.139786	0.221268	0.139786	45.506511
256	9350	1013	0.015000	288	1719	0.026230	0.061890	0.026230	21.117099
256	9350	1014	0.015000	61	17	0.000259	0.003418	0.000259	2.142017
256	9350	1015	0.015000	70	14	0.000214	0.002808	0.000214	1.950929
256	9350	1016	0.015000	29	13	0.000198	0.001541	0.000198	1.713158
256	9350	1017	0.015000	10	9	0.000137	0.000351	0.000137	1.507184
256	9350	1018	0.015000	2	5	0.000076	0.000122	0.000076	0.894427
256	9350	1019	0.015000	18	16	0.000244	0.001175	0.000244	2.079476
256	9350	1020	0.015000	184	2302	0.035126	0.047867	0.035126	23.372770
256	9350	1021	0.015000	0	0	0.000000	0.000000	0.000000	0.000000
256	9350	1022	0.015000	16	7	0.000107	0.000504	0.000107	1.511858
256	9350	1023	0.015000	11	7	0.000107	0.000458	0.000107	1.228904
256	9350	1024	0.015000	5	6	0.000092	0.000244	0.000092	1.213352
256	9350	1025	0.015000	147	42	0.000641	0.011673	0.000641	4.463508
256	9350	1026	0.015000	52	25	0.000381	0.002716	0.000381	2.881111
256	9350	1027	0.015000	13	18	0.000275	0.000900	0.000275	1.947616
256	9350	1028	0.015000	14	17	0.000259	0.001007	0.000259	2.109461
256	9350	1029	0.015000	128	69	0.001053	0.009125	0.001053	4.872454
256	9350	1030	0.015000	171	349	0.005325	0.020874	0.005325	11.937127
256	9350	1031	0.015000	21	7	0.000107	0.000885	0.000107	1.142857
256	9350	1032	0.015000	10	7	0.000107	0.000366	0.000107	1.293626
256	9350	1033	0.015000	10	13	0.000198	0.000458	0.000198	1.961161
256	9350	1034	0.015000	7	9	0.000137	0.000320	0.000137	1.523479
256	9350	1035	0.015000	253	9578	0.146149	0.166000	0.146149	42.608357
256	9350	1036	0.015000	163	3073	0.046890	0.058273	0.046890	26.257431
256	9350	1037	0.015000	20	11	0.000168	0.000900	0.000168	2.084972
256	9350	1038	0.015000	4	22	0.000336	0.000412	0.000336	2.594097
256	9350	1039	0.015000	133	22	0.000336	0.008133	0.000336	2.501652
256	9350	1040	0.015000	6	7	0.000107	0.000305	0.000107	1.142857
256	9350	1041	0.015000	283	4155	0.063400	0.082352	0.063400	29.996808
256	9350	1042	0.015000	20	13	0.000198	0.001053	0.000198	2.297413
256	9350	1043	0.015000	166	4920	0.075073	0.086807	0.075073	31.744272
256	9350	1044	0.015000	2	2	0.000031	0.000046	0.000031	0.500000
256	9350	1045	0.015000	21	13	0.000198	0.001221	0.000198	1.602513
256	9350	1046	0.015000	23	11	0.000168	0.001053	0.000168	1.863082
256	9350	1047	0.015000	6	9	0.000137	0.000427	0.000137	1.662959
256	9350	1048	0.015000	129	91	0.001389	0.015518	0.001389	5.555768
256	9350	1049	0.015000	17	9	0.000137	0.000732	0.000137	1.547599
256	9350	1050	0.015000	208	3580	0.054626	0.070358	0.054626	27.254414
256	9350	1051	0.015000	161	829	0.012650	0.028442	0.012650	15.669088
256	9350	1052	0.015000	41	17	0.000259	0.002243	0.000259	2.642480
256	9350	1053	0.015000	17	30	0.000458	0.001205	0.000458	2.894823
256	9350	1054	0.015000	24	10	0.000153	0.001099	0.000153	1.688194
256	9350	1055	0.015000	28	11	0.000168	0.001404	0.000168	1.656442
256	9350	1056	0.015000	17	10	0.000153	0.000931	0.000153	1.802776
256	9350	1057	0.015000	7	7	0.000107	0.000336	0.000107	1.324803
256	9350	1058	0.015000	30	15	0.000229	0.001297	0.000229	2.168461
256	9350	1059	0.015000	11	10	0.000153	0.000641	0.000153	1.577973
256	9350	1060	0.015000	180	2049	0.031265	0.044342	0.031265	22.876528
256	9350	1061	0.015000	217	1713	0.026138	0.039261	0.026138	21.618491
256	9350	1062	0.015000	10	6	0.000092	0.000351	0.000092	1.080123
256	9350	1063	0.015000	7	7	0.000107	0.000336	0.000107	1.428571
256	9350	1064	0.015000	2	7	0.000107	0.000168	0.000107	1.277753
256	9350	1065	0.015000	63	17	0.000259	0.003326	0.000259	2.145245
256	9350	1066	0.015000	14	9	0.000137	0.000610	0.000137	1.728483
256	9350	1067	0.015000	18	8	0.000122	0.000732	0.000122	1.299038
256	9350	1068	0.015000	127	68	0.001038	0.011246	0.001038	6.020348
256	9350	1069	0.015000	15	4	0.000061	0.000458	0.000061	0.866025
256	9350	1070	0.015000	18	10	0.000153	0.000931	0.000153	1.857418
256	9350	1071	0.015000	34	9	0.000137	0.001251	0.000137	1.531561
256	9350	1072	0.015000	12	6	0.000092	0.000427	0.000092	1.178511
256	9350	1073	0.015000	13	8	0.000122	0.000626	0.000122	1.340476
256	9350	1074	0.015000	161	5108	0.077942	0.091385	0.077942	33.228932
256	9350	1075	0.015000	169	2972	0.045349	0.061356	0.045349	25.498193
256	9350	1076	0.015000	10	12	0.000183	0.000534	0.000183	1.771691
256	9350	1077	0.015000	3	11	0.000168	0.000259	0.000168	1.743939
256	9350	1078	0.015000	58	12	0.000183	0.002487	0.000183	2.373172
256	9350	1079	0.015000	29	14	0.000214	0.001221	0.000214	1.971739
256	9350	1080	0.015000	61	13	0.000198	0.003021	0.000198	1.726919
256	9350	1081	0.015000	16	8	0.000122	0.000778	0.000122	1.103970
256	9350	1082	0.015000	16	8	0.000122	0.000656	0.000122	1.357848
256	9350	1083	0.015000	54	15	0.000229	0.002716	0.000229	1.927578
256	9350	1084	0.015000	115	45	0.000687	0.008926	0.000687	4.284338
256	9350	1085	0.015000	22	18	0.000275	0.001312	0.000275	2.339278
256	9350	1086	0.015000	13	24	0.000366	0.001022	0.000366	2.449135
256	9350	1087	0.015000	12	8	0.000122	0.000397	0.000122	1.541104
256	9350	1088	0.015000	14	6	0.000092	0.000488	0.000092	0.957427
256	9350	1089	0.015000	42	22	0.000336	0.002411	0.000336	2.974061
256	9350	1090	0.015000	43	12	0.000183	0.002182	0.000183	1.561249
256	9350	1091	0.015000	8	8	0.000122	0.000443	0.000122	1.198958
256	9350	1092	0.015000	7	5	0.000076	0.000336	0.000076	0.894427
256	9350	1093	0.015000	3	10	0.000153	0.000183	0.000153	1.627882
256	9350	1094	0.015000	11	7	0.000107	0.000412	0.000107	1.178030
256	9350	1095	0.015000	1	1	0.000015	0.000015	0.000015	0.000000
256	9350	1096	0.015000	1	2	0.000031	0.000031	0.000031	0.500000
256	9350	1097	0.015000	27	12	0.000183	0.001038	0.000183	1.721998
256	9350	1098	0.015000	26	23	0.000351	0.001480	0.000351	2.465643
256	9350	1099	0.015000	31	15	0.000229	0.002060	0.000229	1.778889
256	9350	1100	0.015000	47	13	0.000198	0.002441	0.000198	1.862111
256	9350	1101	0.015000	17	8	0.000122	0.000809	0.000122	1.430690
256	9350	1102	0.015000	35	9	0.000137	0.001236	0.000137	1.314684
256	9350	1103	0.015000	86	42	0.000641	0.003983	0.000641	3.278287
256	9350	1104	0.015000	141	2744	0.041870	0.051880	0.041870	24.729848
256	9350	1105	0.015000	91	23	0.000351	0.005493	0.000351	3.227364
256	9350	1106	0.015000	100	49	0.000748	0.007294	0.000748	5.705971
256	9350	1107	0.015000	25	11	0.000168	0.001480	0.000168	1.526623
256	9350	1108	0.015000	61	11	0.000168	0.002808	0.000168	1.880742
256	9350	1109	0.015000	211	6737	0.102798	0.121567	0.102798	36.524667
256	9350	1110	0.015000	151	738	0.011261	0.029022	0.011261	14.026704
256	9350	1111	0.015000	4	4	0.000061	0.000198	0.000061	0.829156
256	9350	1112	0.015000	18	11	0.000168	0.001038	0.000168	1.686112
256	9350	1113	0.015000	15	8	0.000122	0.000687	0.000122	1.634587
256	9350	1114	0.015000	115	2329	0.035538	0.042603	0.035538	23.432274
256	9350	1115	0.015000	11	4	0.000061	0.000427	0.000061	0.935414
256	9350	1116	0.015000	8	10	0.000153	0.000427	0.000153	1.676305
256	9350	1117	0.015000	7	10	0.000153	0.000580	0.000153	1.500000
256	9350	1118	0.015000	11	6	0.000092	0.000534	0.000092	1.067187
256	9350	1119	0.015000	15	4	0.000061	0.000458	0.000061	0.829156
256	9350	1120	0.015000	13	4	0.000061	0.000381	0.000061	0.829156
256	9350	1121	0.015000	15	10	0.000153	0.000717	0.000153	1.449138
256	9350	1122	0.015000	5	15	0.000229	0.000427	0.000229	1.968643
256	9350	1123	0.015000	9	12	0.000183	0.000443	0.000183	1.746027
256	9350	1124	0.015000	6	5	0.000076	0.000290	0.000076	1.080123
256	9350	1125	0.015000	12	9	0.000137	0.000809	0.000137	1.257079
256	9350	1126	0.015000	30	17	0.000259	0.001404	0.000259	2.400980
256	9350	1127	0.015000	32	12	0.000183	0.001602	0.000183	1.628735
256	9350	1128	0.015000	121	70	0.001068	0.010345	0.001068	6.394146
256	9350	1129	0.015000	14	17	0.000259	0.001053	0.000259	2.196253
256	9350	1130	0.015000	20	11	0.000168	0.001129	0.000168	1.898238
256	9350	1131	0.015000	5	8	0.000122	0.000320	0.000122	1.403122
256	9350	1132	0.015000	161	2045	0.031204	0.045013	0.031204	23.480512
256	9350	1133	0.015000	56	21	0.000320	0.002548	0.000320	2.478021
256	9350	1134	0.015000	14	14	0.000214	0.000717	0.000214	2.072660
256	9350	1135	0.015000	20	10	0.000153	0.000793	0.000153	1.723369
256	9350	1136	0.015000	7	5	0.000076	0.000229	0.000076	0.894427
256	9350	1137	0.015000	69	16	0.000244	0.003769	0.000244	2.455065
256	9350	1138	0.015000	18	9	0.000137	0.000900	0.000137	1.295767
256	9350	1139	0.015000	210	4480	0.068359	0.082474	0.068359	30.552596
256	9350	1140	0.015000	58	16	0.000244	0.002411	0.000244	2.196410
256	9350	1141	0.015000	3	5	0.000076	0.000122	0.000076	1.019804
256	9350	1142	0.015000	14	6	0.000092	0.000595	0.000092	1.213352
256	9350	1143	0.015000	190	4706	0.071808	0.085861	0.071808	30.783242
256	9350	1144	0.015000	57	13	0.000198	0.002869	0.000198	1.591397
256	9350	1145	0.015000	7	13	0.000198	0.000427	0.000198	1.709701
256	9350	1146	0.015000	9	12	0.000183	0.000473	0.000183	1.691482
256	9350	1147	0.015000	21	7	0.000107	0.000961	0.000107	1.293626
256	9350	1148	0.015000	14	14	0.000214	0.000748	0.000214	1.837811
256	9350	1149	0.015000	239	4140	0.063171	0.080521	0.063171	34.924953
256	9350	1150	0.015000	38	15	0.000229	0.001953	0.000229	1.849925
256	9350	1151	0.015000	4	8	0.000122	0.000198	0.000122	1.211920
256	9350	1152	0.015000	8	8	0.000122	0.000275	0.000122	1.293010
256	9350	1153	0.015000	298	6606	0.100800	0.120087	0.100800	37.907983
256	9350	1154	0.015000	27	12	0.000183	0.001480	0.000183	1.628735
256	9350	1155	0.015000	18	10	0.000153	0.000977	0.000153	1.565248
256	9350	1156	0.015000	210	1033	0.015762	0.031204	0.015762	16.941933
256	9350	1157	0.015000	12	10	0.000153	0.000610	0.000153	1.743560
256	9350	1158	0.015000	217	5351	0.081650	0.098999	0.081650	32.298684
256	9350	1159	0.015000	24	11	0.000168	0.001373	0.000168	1.488246
256	9350	1160	0.015000	43	25	0.000381	0.001999	0.000381	2.445567
256	9350	1161	0.015000	86	30	0.000458	0.005417	0.000458	2.922138
256	9350	1162	0.015000	13	6	0.000092	0.000458	0.000092	1.166667
256	9350	1163	0.015000	173	5045	0.076981	0.089081	0.076981	33.210219
256	9350	1164	0.015000	33	30	0.000458	0.002762	0.000458	2.375102
256	9350	1165	0.015000	4	3	0.000046	0.000153	0.000046	0.666667
256	9350	1166	0.015000	137	43	0.000656	0.009430	0.000656	3.549236
256	9350	1167	0.015000	54	18	0.000275	0.002914	0.000275	2.186519
256	9350	1168	0.015000	14	14	0.000214	0.000763	0.000214	1.756911
256	9350	1169	0.015000	23	16	0.000244	0.001114	0.000244	1.899836
256	9350	1170	0.015000	201	7904	0.120605	0.135635	0.120605	38.212573
256	9350	1171	0.015000	24	7	0.000107	0.001129	0.000107	1.069045
256	9350	1172	0.015000	15	14	0.000214	0.000793	0.000214	1.940440
256	9350	1173	0.015000	21	19	0.000290	0.001373	0.000290	2.159819
256	9350	1174	0.015000	96	48	0.000732	0.006805	0.000732	3.892545
256	9350	1175	0.015000	23	12	0.000183	0.000763	0.000183	2.037837
256	9350	1176	0.015000	237	6453	0.098465	0.113571	0.098465	36.680393
256	9350	1177	0.015000	169	2061	0.031448	0.041672	0.031448	23.080273
256	9350	1178	0.015000	5	3	0.000046	0.000122	0.000046	0.666667
256	9350	1179	0.015000	202	4304	0.065674	0.081955	0.065674	31.086811
256	9350	1180	0.015000	20	12	0.000183	0.001022	0.000183	2.185813
256	9350	1181	0.015000	147	965	0.014725	0.026917	0.014725	15.998206
256	9350	1182	0.015000	119	44	0.000671	0.008438	0.000671	3.987519
256	9350	1183	0.015000	37	20	0.000305	0.002838	0.000305	2.532785
256	9350	1184	0.015000	15	5	0.000076	0.000565	0.000076	0.894427
256	9350	1185	0.015000	10	7	0.000107	0.000412	0.000107	1.069045
256	9350	1186	0.015000	17	8	0.000122	0.000687	0.000122	1.452369
256	9350	1187	0.015000	3	9	0.000137	0.000214	0.000137	1.735611
256	9350	1188	0.015000	11	12	0.000183	0.000580	0.000183	1.993043
256	9350	1189	0.015000	9	2	0.000031	0.000214	0.000031	0.500000
256	9350	1190	0.015000	45	18	0.000275	0.001968	0.000275	2.326710
256	9350	1191	0.015000	12	13	0.000198	0.000641	0.000198	2.258449
256	9350	1192	0.015000	6	7	0.000107	0.000397	0.000107	1.470804
256	9350	1193	0.015000	28	12	0.000183	0.001480	0.000183	1.740051
256	9350	1194	0.015000	42	14	0.000214	0.002045	0.000214	2.205050
256	9350	1195	0.015000	16	11	0.000168	0.000854	0.000168	1.590260
256	9350	1196	0.015000	7	6	0.000092	0.000320	0.000092	1.013794
256	9350	1197	0.015000	305	1428	0.021790	0.041809	0.021790	20.005504
256	9350	1198	0.015000	2	9	0.000137	0.000168	0.000137	1.369870
256	9350	1199	0.015000	4	8	0.000122	0.000183	0.000122	1.403122
256	9350	1200	0.015000	0	0	0.000000	0.000000	0.000000	0.000000
256	9350	1201	0.015000	14	11	0.000168	0.000946	0.000168	1.666391
256	9350	1202	0.015000	319	1620	0.024719	0.073135	0.024719	20.147522
256	9350	1203	0.015000	5	6	0.000092	0.000259	0.000092	1.166667
256	9350	1204	0.015000	11	11	0.000168	0.000549	0.000168	1.958242
256	9350	1205	0.015000	22	9	0.000137	0.001129	0.000137	1.571348
256	9350	1206	0.015000	213	4649	0.070938	0.086670	0.070938	30.840912
256	9350	1207	0.015000	58	13	0.000198	0.002640	0.000198	1.949055
256	9350	1208	0.015000	25	20	0.000305	0.001465	0.000305	2.154066
256	9350	1209	0.015000	176	1426	0.021759	0.033264	0.021759	19.735823
256	9350	1210	0.015000	11	10	0.000153	0.000732	0.000153	1.743560
256	9350	1211	0.015000	7	4	0.000061	0.000183	0.000061	1.118034
256	9350	1212	0.015000	73	17	0.000259	0.003433	0.000259	2.145245
256	9350	1213	0.015000	5	6	0.000092	0.000168	0.000092	1.130388
256	9350	1214	0.015000	190	130	0.001984	0.015167	0.001984	6.796727
256	9350	1215	0.015000	5	7	0.000107	0.000320	0.000107	1.160577
256	9350	1216	0.015000	35	13	0.000198	0.001526	0.000198	1.964176
256	9350	1217	0.015000	10	14	0.000214	0.000565	0.000214	1.975617
256	9350	1218	0.015000	27	11	0.000168	0.001343	0.000168	1.532027
256	9350	1219	0.015000	14	11	0.000168	0.000641	0.000168	1.626231
256	9350	1220	0.015000	11	13	0.000198	0.000793	0.000198	2.029370
256	9350	1221	0.015000	9	8	0.000122	0.000427	0.000122	1.430690
256	9350	1222	0.015000	20	15	0.000229	0.001114	0.000229	1.943651
256	9350	1223	0.015000	23	11	0.000168	0.001068	0.000168	1.753391
256	9350	1224	0.015000	9	3	0.000046	0.000275	0.000046	0.816497
256	9350	1225	0.015000	12	7	0.000107	0.000504	0.000107	1.470804
256	9350	1226	0.015000	6	5	0.000076	0.000244	0.000076	0.894427
256	9350	1227	0.015000	150	3650	0.055695	0.064407	0.055695	27.696582
256	9350	1228	0.015000	2	6	0.000092	0.000107	0.000092	1.067187
256	9350	1229	0.015000	17	5	0.000076	0.000656	0.000076	0.894427
256	9350	1230	0.015000	135	1402	0.021393	0.031204	0.021393	20.387815
256	9350	1231	0.015000	52	17	0.000259	0.002731	0.000259	2.156506
256	9350	1232	0.015000	36	16	0.000244	0.001862	0.000244	2.113018
256	9350	1233	0.015000	7	10	0.000153	0.000610	0.000153	1.407125
256	9350	1234	0.015000	36	11	0.000168	0.001648	0.000168	1.636364
256	9350	1235	0.015000	192	2601	0.039688	0.052811	0.039688	25.612009
256	9350	1236	0.015000	10	13	0.000198	0.000595	0.000198	1.852553
256	9350	1237	0.015000	202	2655	0.040512	0.055954	0.040512	24.318555
256	9350	1238	0.015000	40	20	0.000305	0.002090	0.000305	2.723509
256	9350	1239	0.015000	5	7	0.000107	0.000259	0.000107	1.470804
256	9350	1240	0.015000	235	11516	0.175720	0.192108	0.175720	52.920568
256	9350	1241	0.015000	31	14	0.000214	0.001740	0.000214	2.046650
256	9350	1242	0.015000	18	9	0.000137	0.000824	0.000137	1.266862
256	9350	1243	0.015000	189	3786	0.057770	0.069565	0.057770	31.530740
256	9350	1244	0.015000	8	7	0.000107	0.000259	0.000107	1.030158
256	9350	1245	0.015000	121	55	0.000839	0.008759	0.000839	4.261378
256	9350	1246	0.015000	10	7	0.000107	0.000397	0.000107	1.293626
256	9350	1247	0.015000	5	4	0.000061	0.000168	0.000061	1.118034
256	9350	1248	0.015000	178	4392	0.067017	0.079910	0.067017	30.036835
256	9350	1249	0.015000	3	3	0.000046	0.000092	0.000046	0.666667
256	9350	1250	0.015000	147	77	0.001175	0.009354	0.001175	5.956326
256	9350	1251	0.015000	11	11	0.000168	0.000549	0.000168	1.499311
256	9350	1252	0.015000	212	643	0.009811	0.026001	0.009811	14.846303
256	9350	1253	0.015000	26	9	0.000137	0.001068	0.000137	1.324042
256	9350	1254	0.015000	12	6	0.000092	0.000412	0.000092	1.247219
256	9350	1255	0.015000	174	3771	0.057541	0.070648	0.057541	28.485896
256	9350	1256	0.015000	14	10	0.000153	0.000778	0.000153	1.630951
256	9350	1257	0.015000	32	13	0.000198	0.001572	0.000198	1.952089
256	9350	1258	0.015000	9	6	0.000092	0.000244	0.000092	1.166667
256	9350	1259	0.015000	23	11	0.000168	0.001099	0.000168	1.691007
256	9350	1260	0.015000	178	1953	0.029800	0.045502	0.029800	21.974271
256	9350	1261	0.015000	4	4	0.000061	0.000122	0.000061	0.935414
256	9350	1262	0.015000	1	10	0.000153	0.000153	0.000153	1.449138
256	9350	1263	0.015000	9	12	0.000183	0.000702	0.000183	1.771691
256	9350	1264	0.015000	35	8	0.000122	0.001617	0.000122	1.172604
256	9350	1265	0.015000	48	11	0.000168	0.002228	0.000168	1.564059
256	9350	1266	0.015000	126	402	0.006134	0.015182	0.006134	11.952634
256	9350	1267	0.015000	5	13	0.000198	0.000381	0.000198	1.664101
256	9350	1268	0.015000	204	3615	0.055161	0.070496	0.055161	28.660674
256	9350	1269	0.015000	178	96	0.001465	0.014618	0.001465	5.460063
256	9350	1270	0.015000	79	62	0.000946	0.005905	0.000946	6.886568
256	9350	1271	0.015000	199	2047	0.031235	0.045074	0.031235	23.434900
256	9350	1272	0.015000	9	9	0.000137	0.000565	0.000137	1.431567
256	9350	1273	0.015000	30	4	0.000061	0.000885	0.000061	0.866025
256	9350	1274	0.015000	20	14	0.000214	0.001007	0.000214	1.798525
256	9350	1275	0.015000	9	7	0.000107	0.000336	0.000107	1.385051
256	9350	1276	0.015000	183	4166	0.063568	0.076889	0.063568	29.380097
256	9350	1277	0.015000	31	18	0.000275	0.001572	0.000275	2.690289
256	9350	1278	0.015000	8	14	0.000214	0.000610	0.000214	1.896560
256	9350	1279	0.015000	4	12	0.000183	0.000290	0.000183	1.647810
256	9350	1280	0.015000	16	7	0.000107	0.000671	0.000107	1.228904
256	9350	1281	0.015000	29	9	0.000137	0.001221	0.000137	1.237281
256	9350	1282	0.015000	172	87	0.001328	0.012512	0.001328	5.759779
256	9350	1283	0.015000	207	6325	0.096512	0.112335	0.096512	35.499670
256	9350	1284	0.015000	68	12	0.000183	0.003006	0.000183	1.870829
256	9350	1285	0.015000	157	83	0.001266	0.012985	0.001266	5.442424
256	9350	1286	0.015000	7	7	0.000107	0.000275	0.000107	1.456863
256	9350	1287	0.015000	2	1	0.000015	0.000031	0.000015	0.000000
256	9350	1288	0.015000	177	1623	0.024765	0.038071	0.024765	21.340898
256	9350	1289	0.015000	34	15	0.000229	0.001617	0.000229	2.319004
256	9350	1290	0.015000	45	14	0.000214	0.002014	0.000214	1.705334
256	9350	1291	0.015000	9	5	0.000076	0.000336	0.000076	0.979796
256	9350	1292	0.015000	12	5	0.000076	0.000458	0.000076	0.894427
256	9350	1293	0.015000	16	11	0.000168	0.001053	0.000168	1.360603
256	9350	1294	0.015000	53	12	0.000183	0.002197	0.000183	2.012116
256	9350	1295	0.015000	33	14	0.000214	0.001953	0.000214	2.167713
256	9350	1296	0.015000	142	632	0.009644	0.021301	0.009644	14.498049
256	9350	1297	0.015000	33	10	0.000153	0.001282	0.000153	1.590597
256	9350	1298	0.015000	18	15	0.000229	0.001190	0.000229	2.011080
256	9350	1299	0.015000	6	9	0.000137	0.000366	0.000137	1.498971
256	9350	1300	0.015000	0	0	0.000000	0.000000	0.000000	0.000000
256	9350	1301	0.015000	25	12	0.000183	0.001007	0.000183	1.681187
256	9350	1302	0.015000	24	12	0.000183	0.001038	0.000183	1.525250
256	9350	1303	0.015000	17	16	0.000244	0.000992	0.000244	2.207940
256	9350	1304	0.015000	9	16	0.000244	0.000671	0.000244	2.056810
256	9350	1305	0.015000	4	2	0.000031	0.000092	0.000031	0.500000
256	9350	1306	0.015000	35	12	0.000183	0.001572	0.000183	2.024160
256	9350	1307	0.015000	20	12	0.000183	0.000870	0.000183	1.689428
256	9350	1308	0.015000	14	9	0.000137	0.000488	0.000137	1.324042
256	9350	1309	0.015000	181	461	0.007034	0.023102	0.007034	12.226553
256	9350	1310	0.015000	161	1136	0.017334	0.033569	0.017334	17.862026
256	9350	1311	0.015000	57	11	0.000168	0.002472	0.000168	1.867513
256	9350	1312	0.015000	3	1	0.000015	0.000046	0.000015	0.000000
256	9350	1313	0.015000	41	13	0.000198	0.001877	0.000198	1.770902
256	9350	1314	0.015000	9	6	0.000092	0.000275	0.000092	1.067187
256	9350	1315	0.015000	21	5	0.000076	0.000839	0.000076	1.095445
256	9350	1316	0.015000	21	9	0.000137	0.000931	0.000137	1.490712
256	9350	1317	0.015000	13	8	0.000122	0.000824	0.000122	1.536026
256	9350	1318	0.015000	9	9	0.000137	0.000549	0.000137	1.507184
256	9350	1319	0.015000	156	2748	0.041931	0.051788	0.041931	24.665111
256	9350	1320	0.015000	167	904	0.013794	0.025085	0.013794	16.191547
256	9350	1321	0.015000	32	17	0.000259	0.001556	0.000259	2.329293
256	9350	1322	0.015000	27	7	0.000107	0.001007	0.000107	1.124858
256	9350	1323	0.015000	25	16	0.000244	0.001556	0.000244	2.146946
256	9350	1324	0.015000	191	846	0.012909	0.026993	0.012909	15.871034
256	9350	1325	0.015000	315	6352	0.096924	0.128693	0.096924	34.759174
256	9350	1326	0.015000	12	6	0.000092	0.000580	0.000092	1.166667
256	9350	1327	0.015000	248	7819	0.119308	0.137192	0.119308	43.523818
256	9350	1328	0.015000	30	10	0.000153	0.001526	0.000153	1.587451
256	9350	1329	0.015000	0	0	0.000000	0.000000	0.000000	0.000000
256	9350	1330	0.015000	24	10	0.000153	0.001190	0.000153	2.348469
256	9350	1331	0.015000	26	17	0.000259	0.001587	0.000259	2.576175
256	9350	1332	0.015000	46	13	0.000198	0.002472	0.000198	2.084033
256	9350	1333	0.015000	10	7	0.000107	0.000519	0.000107	1.030158
256	9350	1334	0.015000	204	1411	0.021530	0.039749	0.021530	18.283320
256	9350	1335	0.015000	9	17	0.000259	0.000671	0.000259	2.161314
256	9350	1336	0.015000	5	8	0.000122	0.000244	0.000122	1.494783
256	9350	1337	0.015000	25	8	0.000122	0.000946	0.000122	1.165922
256	9350	1338	0.015000	50	18	0.000275	0.002686	0.000275	2.214570
256	9350	1339	0.015000	0	0	0.000000	0.000000	0.000000	0.000000
256	9350	1340	0.015000	190	9821	0.149857	0.164719	0.149857	44.245681
256	9350	1341	0.015000	9	7	0.000107	0.000534	0.000107	1.142857
256	9350	1342	0.015000	7	4	0.000061	0.000244	0.000061	0.707107
256	9350	1343	0.015000	17	8	0.000122	0.000641	0.000122	1.457738
256	9350	1344	0.015000	8	7	0.000107	0.000397	0.000107	1.324803
256	9350	1345	0.015000	33	12	0.000183	0.002060	0.000183	1.641476
256	9350	1346	0.015000	131	2200	0.033569	0.043381	0.033569	22.742608
256	9350	1347	0.015000	18	9	0.000137	0.000977	0.000137	1.872478
256	9350	1348	0.015000	16	7	0.000107	0.000839	0.000107	1.142857
256	9350	1349	0.015000	4	3	0.000046	0.000107	0.000046	0.666667
256	9350	1350	0.015000	164	3878	0.059174	0.075592	0.059174	28.293583
256	9350	1351	0.015000	246	2027	0.030930	0.047684	0.030930	21.627855
256	9350	1352	0.015000	45	11	0.000168	0.002182	0.000168	1.715269
256	9350	1353	0.015000	5	10	0.000153	0.000473	0.000153	2.156386
256	9350	1354	0.015000	1	3	0.000046	0.000046	0.000046	0.666667
256	9350	1355	0.015000	43	31	0.000473	0.002457	0.000473	4.151401
256	9350	1356	0.015000	27	11	0.000168	0.001221	0.000168	1.898238
256	9350	1357	0.015000	0	0	0.000000	0.000000	0.000000	0.000000
256	9350	1358	0.015000	87	16	0.000244	0.005249	0.000244	2.572389
256	9350	1359	0.015000	10	5	0.000076	0.000366	0.000076	0.979796
256	9350	1360	0.015000	8	12	0.000183	0.000534	0.000183	1.666667
256	9350	1361	0.015000	0	0	0.000000	0.000000	0.000000	0.000000
256	9350	1362	0.015000	19	14	0.000214	0.001175	0.000214	1.847502
256	9350	1363	0.015000	14	6	0.000092	0.000534	0.000092	1.213352
256	9350	1364	0.015000	9	6	0.000092	0.000473	0.000092	1.067187
256	9350	1365	0.015000	246	89	0.001358	0.018387	0.001358	8.346023
256	9350	1366	0.015000	5	6	0.000092	0.000275	0.000092	1.178511
256	9350	1367	0.015000	8	12	0.000183	0.000595	0.000183	1.891134
256	9350	1368	0.015000	17	9	0.000137	0.000824	0.000137	1.227262
256	9350	1369	0.015000	12	5	0.000076	0.000519	0.000076	0.979796
256	9350	1370	0.015000	37	8	0.000122	0.001144	0.000122	1.198958
256	9350	1371	0.015000	73	23	0.000351	0.004776	0.000351	2.434783
256	9350	1372	0.015000	177	1018	0.015533	0.028275	0.015533	16.458757
256	9350	1373	0.015000	5	5	0.000076	0.000214	0.000076	1.095445
256	9350	1374	0.015000	87	13	0.000198	0.003693	0.000198	2.029370
256	9350	1375	0.015000	164	474	0.007233	0.019302	0.007233	13.359501
256	9350	1376	0.015000	24	10	0.000153	0.001205	0.000153	1.249000
256	9350	1377	0.015000	53	12	0.000183	0.003036	0.000183	1.589899
256	9350	1378	0.015000	13	10	0.000153	0.000702	0.000153	1.587451
256	9350	1379	0.015000	1	2	0.000031	0.000031	0.000031	0.500000
256	9350	1380	0.015000	5	15	0.000229	0.000320	0.000229	1.830604
256	9350	1381	0.015000	16	5	0.000076	0.000656	0.000076	0.894427
256	9350	1382	0.015000	58	33	0.000504	0.003296	0.000504	2.928596
256	9350	1383	0.015000	148	63	0.000961	0.010559	0.000961	4.895635
256	9350	1384	0.015000	2	5	0.000076	0.000107	0.000076	1.232883
256	9350	1385	0.015000	416	2226	0.033966	0.087936	0.033966	24.625055
256	9350	1386	0.015000	17	6	0.000092	0.000671	0.000092	1.166667
256	9350	1387	0.015000	6	24	0.000366	0.000702	0.000366	3.141070
256	9350	1388	0.015000	4	5	0.000076	0.000229	0.000076	0.894427
256	9350	1389	0.015000	18	13	0.000198	0.001068	0.000198	1.804006
256	9350	1390	0.015000	28	16	0.000244	0.001480	0.000244	2.126837
256	9350	1391	0.015000	77	23	0.000351	0.004776	0.000351	3.697953
256	9350	1392	0.015000	177	5707	0.087082	0.101547	0.087082	33.650535
256	9350	1393	0.015000	30	8	0.000122	0.001282	0.000122	1.198958
256	9350	1394	0.015000	23	13	0.000198	0.001007	0.000198	2.427651
256	9350	1395	0.015000	13	12	0.000183	0.000610	0.000183	1.763834
256	9350	1396	0.015000	148	2430	0.037079	0.048370	0.037079	23.004251
256	9350	1397	0.015000	0	0	0.000000	0.000000	0.000000	0.000000
256	9350	1398	0.015000	227	1112	0.016968	0.034317	0.016968	17.145281
256	9350	1399	0.015000	55	21	0.000320	0.003235	0.000320	2.615149
256	9350	1400	0.015000	23	10	0.000153	0.000870	0.000153	1.431782
256	9350	1401	0.015000	79	14	0.000214	0.004257	0.000214	2.247448
256	9350	1402	0.015000	9	5	0.000076	0.000275	0.000076	0.894427
256	9350	1403	0.015000	36	14	0.000214	0.002182	0.000214	2.148801
256	9350	1404	0.015000	14	8	0.000122	0.000549	0.000122	1.473728
256	9350	1405	0.015000	13	8	0.000122	0.000534	0.000122	1.403122
256	9350	1406	0.015000	10	9	0.000137	0.000412	0.000137	1.791613
256	9350	1407	0.015000	316	2131	0.032516	0.058365	0.032516	22.437955
256	9350	1408	0.015000	37	18	0.000275	0.002228	0.000275	1.947616
256	9350	1409	0.015000	9	7	0.000107	0.000351	0.000107	1.340119
256	9350	1410	0.015000	9	11	0.000168	0.000443	0.000168	1.526623
256	9350	1411	0.015000	3	10	0.000153	0.000214	0.000153	1.315295
256	9350	1412	0.015000	15	6	0.000092	0.000580	0.000092	1.213352
256	9350	1413	0.015000	51	27	0.000412	0.002777	0.000412	2.398559
256	9350	1414	0.015000	72	17	0.000259	0.004227	0.000259	2.084711
256	9350	1415	0.015000	11	22	0.000336	0.000763	0.000336	2.921847
256	9350	1416	0.015000	29	12	0.000183	0.001694	0.000183	1.516117
256	9350	1417	0.015000	28	13	0.000198	0.001648	0.000198	1.790838
256	9350	1418	0.015000	72	19	0.000290	0.004333	0.000290	2.451750
256	9350	1419	0.015000	16	7	0.000107	0.000595	0.000107	1.385051
256	9350	1420	0.015000	15	17	0.000259	0.000748	0.000259	2.222876
256	9350	1421	0.015000	15	12	0.000183	0.000763	0.000183	1.615893
256	9350	1422	0.015000	10	7	0.000107	0.000412	0.000107	1.030158
256	9350	1423	0.015000	0	0	0.000000	0.000000	0.000000	0.000000
256	9350	1424	0.015000	67	13	0.000198	0.003235	0.000198	2.052564
256	9350	1425	0.015000	19	11	0.000168	0.000931	0.000168	1.845253
256	9350	1426	0.015000	163	1878	0.028656	0.039978	0.028656	20.666346
256	9350	1427	0.015000	16	7	0.000107	0.000565	0.000107	1.069045
256	9350	1428	0.015000	6	6	0.000092	0.000183	0.000092	1.067187
256	9350	1429	0.015000	35	9	0.000137	0.002060	0.000137	1.579186
256	9350	1430	0.015000	35	14	0.000214	0.001938	0.000214	2.110470
256	9350	1431	0.015000	23	7	0.000107	0.000977	0.000107	1.212183
256	9350	1432	0.015000	3	1	0.000015	0.000046	0.000015	0.000000
256	9350	1433	0.015000	6	6	0.000092	0.000275	0.000092	1.166667
256	9350	1434	0.015000	83	30	0.000458	0.004532	0.000458	3.660146
256	9350	1435	0.015000	6	8	0.000122	0.000290	0.000122	1.262438
256	9350	1436	0.015000	154	889	0.013565	0.023758	0.013565	17.172892
256	9350	1437	0.015000	22	15	0.000229	0.001022	0.000229	2.091252
256	9350	1438	0.015000	206	379	0.005783	0.022354	0.005783	10.814510
256	9350	1439	0.015000	0	0	0.000000	0.000000	0.000000	0.000000
256	9350	1440	0.015000	17	13	0.000198	0.000977	0.000198	1.538462
256	9350	1441	0.015000	22	7	0.000107	0.000931	0.000107	1.340119
256	9350	1442	0.015000	164	88	0.001343	0.015381	0.001343	5.249533
256	9350	1443	0.015000	239	6850	0.104523	0.119934	0.104523	38.577666
256	9350	1444	0.015000	7	7	0.000107	0.000336	0.000107	1.340119
256	9350	1445	0.015000	25	10	0.000153	0.001083	0.000153	1.431782
256	9350	1446	0.015000	9	13	0.000198	0.000595	0.000198	2.134529
256	9350	1447	0.015000	29	5	0.000076	0.000885	0.000076	0.979796
256	9350	1448	0.015000	17	13	0.000198	0.000778	0.000198	1.709701
256	9350	1449	0.015000	170	4190	0.063934	0.078354	0.063934	30.263870
256	9350	1450	0.015000	130	66	0.001007	0.010086	0.001007	6.298767
256	9350	1451	0.015000	14	9	0.000137	0.000595	0.000137	1.351725
256	9350	1452	0.015000	9	12	0.000183	0.000610	0.000183	1.649916
256	9350	1453	0.015000	4	5	0.000076	0.000153	0.000076	1.019804
256	9350	1454	0.015000	15	11	0.000168	0.000793	0.000168	1.795311
256	9350	1455	0.015000	33	27	0.000412	0.001785	0.000412	3.222435
256	9350	1456	0.015000	18	9	0.000137	0.001038	0.000137	1.699673
256	9350	1457	0.015000	13	14	0.000214	0.001083	0.000214	2.199258
256	9350	1458	0.015000	11	14	0.000214	0.000687	0.000214	2.036654
256	9350	1459	0.015000	9	12	0.000183	0.000549	0.000183	1.598611
256	9350	1460	0.015000	6	10	0.000153	0.000320	0.000153	1.627882
256	9350	1461	0.015000	22	7	0.000107	0.000793	0.000107	1.212183
256	9350	1462	0.015000	187	1645	0.025101	0.040695	0.025101	20.303831
256	9350	1463	0.015000	77	23	0.000351	0.005707	0.000351	2.544871
256	9350	1464	0.015000	19	11	0.000168	0.001007	0.000168	1.569334
256	9350	1465	0.015000	9	4	0.000061	0.000351	0.000061	0.866025
256	9350	1466	0.015000	49	13	0.000198	0.002594	0.000198	1.813819
256	9350	1467	0.015000	228	4493	0.068558	0.089264	0.068558	35.902746
256	9350	1468	0.015000	18	11	0.000168	0.001007	0.000168	1.636364
256	9350	1469	0.015000	52	27	0.000412	0.003662	0.000412	2.850168
256	9350	1470	0.015000	8	9	0.000137	0.000595	0.000137	1.324042
256	9350	1471	0.015000	1	7	0.000107	0.000107	0.000107	1.577909
256	9350	1472	0.015000	2	9	0.000137	0.000214	0.000137	1.405457
256	9350	1473	0.015000	14	4	0.000061	0.000381	0.000061	0.866025
256	9350	1474	0.015000	41	11	0.000168	0.001770	0.000168	1.329885
256	9350	1475	0.015000	22	9	0.000137	0.001022	0.000137	1.448712
256	9350	1476	0.015000	10	4	0.000061	0.000351	0.000061	0.829156
256	9350	1477	0.015000	4	14	0.000214	0.000290	0.000214	1.943067
256	9350	1478	0.015000	1	11	0.000168	0.000168	0.000168	1.569334
256	9350	1479	0.015000	341	14965	0.228348	0.251801	0.228348	60.406719
256	9350	1480	0.015000	28	17	0.000259	0.001923	0.000259	2.037707
256	9350	1481	0.015000	161	1233	0.018814	0.031982	0.018814	18.048139
256	9350	1482	0.015000	27	12	0.000183	0.001450	0.000183	1.628735
256	9350	1483	0.015000	25	9	0.000137	0.001053	0.000137	1.662959
256	9350	1484	0.015000	8	8	0.000122	0.000290	0.000122	1.386317
256	9350	1485	0.015000	16	11	0.000168	0.000748	0.000168	1.631305
256	9350	1486	0.015000	26	17	0.000259	0.001678	0.000259	1.977381
256	9350	1487	0.015000	137	177	0.002701	0.014175	0.002701	10.028670
256	9350	1488	0.015000	208	3460	0.052795	0.071426	0.052795	27.899476
256	9350	1489	0.015000	0	0	0.000000	0.000000	0.000000	0.000000
256	9350	1490	0.015000	58	30	0.000458	0.002563	0.000458	3.302188
256	9350	1491	0.015000	20	11	0.000168	0.000885	0.000168	1.845253
256	9350	1492	0.015000	24	10	0.000153	0.001389	0.000153	1.516575
256	9350	1493	0.015000	30	12	0.000183	0.001434	0.000183	1.622327
256	9350	1494	0.015000	31	19	0.000290	0.001709	0.000290	1.950921
256	9350	1495	0.015000	126	63	0.000961	0.008118	0.000961	4.584306
256	9350	1496	0.015000	10	14	0.000214	0.000549	0.000214	2.097131
256	9350	1497	0.015000	57	17	0.000259	0.003754	0.000259	2.366139
256	9350	1498	0.015000	16	23	0.000351	0.000839	0.000351	2.557468
256	9350	1499	0.015000	7	19	0.000290	0.001007	0.000290	2.350222
256	9350	1500	0.015000	156	519	0.007919	0.019943	0.007919	13.542447
256	9350	1501	0.015000	10	14	0.000214	0.000778	0.000214	2.140475
256	9350	1502	0.015000	40	15	0.000229	0.001740	0.000229	1.916014
256	9350	1503	0.015000	7	15	0.000229	0.000412	0.000229	2.037428
256	9350	1504	0.015000	189	6545	0.099869	0.115417	0.099869	35.498390
256	9350	1505	0.015000	11	5	0.000076	0.000381	0.000076	1.095445
256	9350	1506	0.015000	14	9	0.000137	0.000549	0.000137	1.812167
256	9350	1507	0.015000	25	13	0.000198	0.001312	0.000198	1.797434
256	9350	1508	0.015000	37	10	0.000153	0.001602	0.000153	1.769181
256	9350	1509	0.015000	11	12	0.000183	0.000504	0.000183	1.868972
256	9350	1510	0.015000	127	186	0.002838	0.014725	0.002838	9.124304
256	9350	1511	0.015000	158	1932	0.029480	0.041504	0.029480	21.998955
256	9350	1512	0.015000	3	4	0.000061	0.000092	0.000061	0.866025
256	9350	1513	0.015000	157	2426	0.037018	0.049347	0.037018	23.539947
256	9350	1514	0.015000	24	12	0.000183	0.001160	0.000183	1.823839
256	9350	1515	0.015000	17	8	0.000122	0.000671	0.000122	1.198958
256	9350	1516	0.015000	12	5	0.000076	0.000366	0.000076	0.894427
256	9350	1517	0.015000	5	18	0.000275	0.000473	0.000275	2.419698
256	9350	1518	0.015000	24	12	0.000183	0.001419	0.000183	1.576741
256	9350	1519	0.015000	7	11	0.000168	0.000549	0.000168	1.579832
256	9350	1520	0.015000	21	18	0.000275	0.001328	0.000275	2.094968
256	9350	1521	0.015000	1	4	0.000061	0.000061	0.000061	0.866025
256	9350	1522	0.015000	22	10	0.000153	0.000885	0.000153	1.542725
256	9350	1523	0.015000	210	2932	0.044739	0.059250	0.044739	25.040706
256	9350	1524	0.015000	181	2838	0.043304	0.055496	0.043304	24.663506
256	9350	1525	0.015000	10	6	0.000092	0.000488	0.000092	1.067187
256	9350	1526	0.015000	18	12	0.000183	0.001038	0.000183	1.605113
256	9350	1527	0.015000	14	8	0.000122	0.000671	0.000122	1.595893
256	9350	1528	0.015000	16	8	0.000122	0.000809	0.000122	1.571226
256	9350	1529	0.015000	131	3356	0.051208	0.061371	0.051208	26.706066
256	9350	1530	0.015000	131	51	0.000778	0.008804	0.000778	3.824887
256	9350	1531	0.015000	142	238	0.003632	0.015640	0.003632	9.598372
256	9350	1532	0.015000	178	9409	0.143570	0.155457	0.143570	42.391334
256	9350	1533	0.015000	12	8	0.000122	0.000580	0.000122	1.414214
256	9350	1534	0.015000	92	18	0.000275	0.004562	0.000275	2.239516
256	9350	1535	0.015000	202	6028	0.091980	0.106522	0.091980	34.267915
256	9350	1536	0.015000	6	7	0.000107	0.000351	0.000107	1.293626
256	9350	1537	0.015000	90	20	0.000305	0.004089	0.000305	2.469818
256	9350	1538	0.015000	12	8	0.000122	0.000580	0.000122	1.758906
256	9350	1539	0.015000	43	10	0.000153	0.002029	0.000153	1.489966
256	9350	1540	0.015000	13	5	0.000076	0.000381	0.000076	1.058301
256	9350	1541	0.015000	320	271	0.004135	0.036148	0.004135	11.946069
256	9350	1542	0.015000	1	4	0.000061	0.000061	0.000061	0.935414
256	9350	1543	0.015000	17	14	0.000214	0.000946	0.000214	1.891172
256	9350	1544	0.015000	29	6	0.000092	0.001038	0.000092	1.067187
256	9350	1545	0.015000	159	2089	0.031876	0.041916	0.031876	22.218496
256	9350	1546	0.015000	210	6349	0.096878	0.110275	0.096878	35.980725
256	9350	1547	0.015000	235	675	0.010300	0.026794	0.010300	13.617706
256	9350	1548	0.015000	3	39	0.000595	0.001068	0.000595	3.159574
256	9350	1549	0.015000	14	5	0.000076	0.000443	0.000076	0.894427
256	9350	1550	0.015000	14	8	0.000122	0.000656	0.000122	1.690969
256	9350	1551	0.015000	10	5	0.000076	0.000381	0.000076	0.894427
256	9350	1552	0.015000	24	8	0.000122	0.001038	0.000122	1.299038
256	9350	1553	0.015000	17	11	0.000168	0.000839	0.000168	1.720081
256	9350	1554	0.015000	11	8	0.000122	0.000549	0.000122	1.727534
256	9350	1555	0.015000	9	13	0.000198	0.000534	0.000198	1.635407
256	9350	1556	0.015000	10	8	0.000122	0.000412	0.000122	1.745530
256	9350	1557	0.015000	83	13	0.000198	0.004364	0.000198	1.896743
256	9350	1558	0.015000	20	14	0.000214	0.000809	0.000214	2.022829
256	9350	1559	0.015000	9	5	0.000076	0.000244	0.000076	1.131371
256	9350	1560	0.015000	112	34	0.000519	0.006653	0.000519	3.275816
256	9350	1561	0.015000	9	8	0.000122	0.000458	0.000122	1.686342
256	9350	1562	0.015000	28	8	0.000122	0.000931	0.000122	1.653595
256	9350	1563	0.015000	220	189	0.002884	0.016037	0.002884	10.341846
256	9350	1564	0.015000	47	14	0.000214	0.002304	0.000214	2.161821
256	9350	1565	0.015000	27	9	0.000137	0.001175	0.000137	1.378853
256	9350	1566	0.015000	28	13	0.000198	0.001328	0.000198	1.921538
256	9350	1567	0.015000	21	15	0.000229	0.001221	0.000229	2.633122
